9.447513108386548786e-02 9.447508872315495132e-02 9.447487436217122392e-02 9.447468127802362281e-02 9.447457941572093287e-02 9.447468085881191580e-02
1.973273812995754717e-01 1.973271201747308912e-01 1.973269533279885246e-01 1.973268333615448844e-01 1.973266122812542822e-01 1.973267520369468564e-01
2.062194304589437532e-01 2.062192206465086053e-01 2.062200257059179642e-01 2.062202369471832220e-01 2.062199612649870395e-01 2.062194066390595493e-01
2.045764041179110315e-01 2.045757021920067698e-01 2.045765868993499603e-01 2.045766824975637221e-01 2.045762500962982067e-01 2.045741946121905075e-01
1.991000801347957705e-01 1.990987184548257405e-01 1.990990758436620711e-01 1.990989282069297872e-01 1.990975454109114307e-01 1.990964328613946122e-01
1.949625151639339526e-01 1.949631024504975274e-01 1.949629002380584286e-01 1.949625783337200491e-01 1.949640710328014170e-01 1.949655787367761683e-01
1.990645700837851972e-01 1.990674749121886522e-01 1.990679606387247835e-01 1.990679302817121576e-01 1.990708064537955180e-01 1.990735292098766152e-01
2.045708130271136904e-01 2.045725843715193448e-01 2.045735835179262885e-01 2.045743977574233097e-01 2.045762607024731727e-01 2.045771526187290801e-01
2.062513189024513527e-01 2.062523535647453887e-01 2.062530085983881323e-01 2.062533615845207058e-01 2.062536601645534595e-01 2.062536004702194004e-01
1.977469714460356742e-01 1.977472824346530600e-01 1.977475602974780589e-01 1.977476922501377188e-01 1.977477180533205314e-01 1.977476091702451699e-01
9.569732023244639785e-02 9.569730045341995339e-02 9.569735837503998144e-02 9.569746481493454637e-02 9.569752964154190633e-02 9.569750882077140974e-02
