1.585275655267129602e-01 1.585260331986323712e-01 1.585244669842070520e-01 1.585192258325600068e-01 1.585176514690380678e-01 1.585196630559939091e-01
2.193137728451595436e-01 2.193054934344284557e-01 2.193056580488501328e-01 2.192982018157927926e-01 2.192961348633638841e-01 2.192945794450351649e-01
2.068727575803244179e-01 2.068560029827727909e-01 2.068568501449759012e-01 2.068576032219636429e-01 2.068554167365639906e-01 2.068450973756927602e-01
2.015923896241142155e-01 2.015589571525426560e-01 2.015656915580686381e-01 2.015949987761428142e-01 2.016015006475754268e-01 2.015810364343855465e-01
1.969357321472891553e-01 1.969044470899584676e-01 1.969128588064971153e-01 1.969245269844586421e-01 1.968711399355173863e-01 1.968486465815695030e-01
1.971450319242430693e-01 1.971632082458620872e-01 1.970839608793652775e-01 1.968669743667136596e-01 1.967307938367733877e-01 1.967339282004426093e-01
2.001444165096901706e-01 2.001187596861291329e-01 2.000639582455497056e-01 1.999626486293407113e-01 2.000610394589373009e-01 2.000087715178398284e-01
2.038654135132740020e-01 2.038344621874150497e-01 2.036077125026843626e-01 2.033217210976071831e-01 2.032778887667447132e-01 2.033720435485178724e-01
2.028581884198501217e-01 2.028077896602938079e-01 2.024567192243095226e-01 2.024234938701156838e-01 2.024667499462876885e-01 2.025137347886140082e-01
1.988212946076222398e-01 1.991439391848164597e-01 1.994879126436362171e-01 2.002297438696133691e-01 2.005582360589577562e-01 2.001218596320160081e-01
1.970023133442964924e-01 1.972248942414212558e-01 1.977944295527637730e-01 1.984243721316061859e-01 1.985938404672850377e-01 1.981134295830246639e-01
1.959228687436036509e-01 1.959343961679873847e-01 1.958778714225015427e-01 1.958466921881978073e-01 1.958708246461679514e-01 1.959903271492759447e-01
2.003114608493526683e-01 2.003123733290625152e-01 2.002145709430899756e-01 2.001327219653739331e-01 2.001316242901610143e-01 2.002414862855215472e-01
2.046368461388476667e-01 2.046315667374698222e-01 2.046198148711932119e-01 2.046235460659687200e-01 2.046347195683041464e-01 2.046511780796289592e-01
1.787622195474467823e-01 1.787647801362625133e-01 1.787500503817969488e-01 1.787345705108336902e-01 1.787343356736056099e-01 1.787513966785099773e-01
3.660711235364985661e-02 3.661228672210496693e-02 3.659296779471264693e-02 3.656851722282492695e-02 3.656370586828607688e-02 3.658339302450307196e-02
