1.592795462484102031e-01 1.592847570817302605e-01 1.592919987447357355e-01 1.592848906792143082e-01 1.592604855685377796e-01 1.592444387677943440e-01
2.200564596868598288e-01 2.200425880231703935e-01 2.199971988863193562e-01 2.199680401015171594e-01 2.199120653503540412e-01 2.198956779483964563e-01
2.077759898000876015e-01 2.077358404478165943e-01 2.076126739756531669e-01 2.075757297966338288e-01 2.074822895508483256e-01 2.074644256307365542e-01
2.010702654421084035e-01 2.010234791115811381e-01 2.008442546191350764e-01 2.007617804819586127e-01 2.007107867493426179e-01 2.006950593617121970e-01
1.948113224092746787e-01 1.948155978677070799e-01 1.944373797472299936e-01 1.941032015244442965e-01 1.940262467614202180e-01 1.942077652314273539e-01
1.970524913902500508e-01 1.971908104857357791e-01 1.970506202202953194e-01 1.968747869446134391e-01 1.969512377399048886e-01 1.969969082575853681e-01
2.003542482599994234e-01 2.005027922475854374e-01 2.005197845501490161e-01 2.003849081555294509e-01 2.004397961506842185e-01 2.003787905801705516e-01
2.039312571664929075e-01 2.039203657915143464e-01 2.039255310475561189e-01 2.039582134386133672e-01 2.038617239415761728e-01 2.037899962841835944e-01
2.037980719344626712e-01 2.039110975553899141e-01 2.038300146481703545e-01 2.036996360062370837e-01 2.037860529275042354e-01 2.036187914813203104e-01
1.996990850165124565e-01 2.000722521274823362e-01 1.998306072563935387e-01 1.996255865553711595e-01 1.993528322225310290e-01 2.006680369236563677e-01
1.967851459571059447e-01 1.969447871308165343e-01 1.970307474477720477e-01 1.973340876193871996e-01 1.979209716490968329e-01 1.987540811078618297e-01
1.925088301753477005e-01 1.922676700530064897e-01 1.929121807414216627e-01 1.938008564414065715e-01 1.947366081920754166e-01 1.945856320382064186e-01
1.994686065534724273e-01 1.995946268271633905e-01 1.996385423843556606e-01 1.996297814894680556e-01 1.997593322710684294e-01 1.997983191443965245e-01
2.058288194768864710e-01 2.058276654632807123e-01 2.058374423784559981e-01 2.058778184072719009e-01 2.060091371121856030e-01 2.060182310652857174e-01
1.796231763606100096e-01 1.796196325640999902e-01 1.796029719101700228e-01 1.795959748055749317e-01 1.796506519156031434e-01 1.796709971275232132e-01
3.682143635239876894e-02 3.683991996026727417e-02 3.680251580790888655e-02 3.674817764900826372e-02 3.673469824222321684e-02 3.677136327417242917e-02
