1.592782124057563475e-01 1.592842063961853183e-01 1.592900278236160094e-01 1.592814977489925565e-01 1.592559176910931240e-01 1.592393330906665683e-01
2.200628177797066820e-01 2.200464704494524137e-01 2.199967939202011891e-01 2.199664423015727233e-01 2.199111554902369037e-01 2.198918706241206611e-01
2.077951091794706939e-01 2.077478659895024282e-01 2.076158589566554080e-01 2.075723166741667014e-01 2.074822914543250352e-01 2.074654372391830648e-01
2.010849980844329477e-01 2.010305098909304089e-01 2.008421174520149399e-01 2.007472401161589370e-01 2.007058746866387799e-01 2.006953099701090926e-01
1.948103277314550685e-01 1.948111737484098938e-01 1.944252100954505513e-01 1.940855628453172776e-01 1.940222920615682634e-01 1.942053609653946189e-01
1.970593400370508341e-01 1.971970780574371362e-01 1.970477878023292606e-01 1.968709565974205988e-01 1.969540023273925466e-01 1.970029622569323124e-01
2.003566917302200268e-01 2.005054568169928886e-01 2.005188730225271609e-01 2.003830684345301316e-01 2.004395216776149458e-01 2.003795132850706706e-01
2.039304225582525554e-01 2.039196070726664312e-01 2.039242882060944007e-01 2.039569494637705482e-01 2.038612125374984763e-01 2.037891466430999665e-01
2.037983132896980798e-01 2.039125212992419778e-01 2.038304957991563249e-01 2.036996642760574572e-01 2.037854311611807245e-01 2.036177620618918882e-01
1.996989858805300333e-01 2.000746022224281773e-01 1.998313503283372095e-01 1.996261863880377796e-01 1.993530348585700884e-01 2.006678908263908601e-01
1.967858717768448951e-01 1.969466950086436463e-01 1.970307236223613201e-01 1.973340757430283032e-01 1.979207883824122549e-01 1.987547839796525440e-01
1.925051681897086142e-01 1.922631837884453410e-01 1.929066462134836901e-01 1.937950569324203565e-01 1.947305336150995381e-01 1.945812266767623921e-01
1.994729364634933444e-01 1.995986617101454530e-01 1.996424673341679057e-01 1.996336363603399555e-01 1.997619714322458606e-01 1.998027894783866720e-01
2.058322583924977189e-01 2.058305308240895581e-01 2.058402109750071263e-01 2.058806176803015253e-01 2.060116237434204411e-01 2.060211662469891292e-01
1.796230077277887471e-01 1.796184379382961827e-01 1.796019444575569224e-01 1.795949852075152120e-01 1.796500497424039500e-01 1.796697511643401968e-01
3.682115234498834627e-02 3.683921606914312974e-02 3.680196381612184375e-02 3.674778134393775347e-02 3.673458731425144341e-02 3.677077852265166202e-02
