1.819217877183763599e-01 1.822178178597223808e-01 1.820090612776822658e-01 1.816348037818110439e-01 1.812796736096555783e-01 1.811228696855960718e-01
2.695455604165546415e-01 2.706422612046470166e-01 2.700810837902304917e-01 2.686146843292502862e-01 2.670157311197290939e-01 2.663066984175558316e-01
2.618833679068450770e-01 2.628214430761521281e-01 2.619801407097955837e-01 2.606057807985396879e-01 2.591073320085656162e-01 2.585493074215385323e-01
2.297292997129158076e-01 2.304845545035801579e-01 2.305252657819269468e-01 2.298899853454290099e-01 2.291320928347648223e-01 2.288715494611130996e-01
2.047157635308764490e-01 2.051620770137878857e-01 2.052431747169443377e-01 2.049151999591823092e-01 2.051914835626969802e-01 2.050097566252483683e-01
1.857299014755008915e-01 1.860613496377293008e-01 1.859163517366828333e-01 1.857816933884331445e-01 1.865271286892646874e-01 1.860572504246266745e-01
1.479737542057473210e-01 1.476381753215048331e-01 1.478839245721793871e-01 1.485718870483032084e-01 1.490538732211167672e-01 1.482133514019801090e-01
1.341782680952003926e-01 1.352806652639760021e-01 1.343368037148626737e-01 1.325232380125072051e-01 1.305996520526267468e-01 1.306496294059562024e-01
1.798892959325869567e-01 1.806222932076388954e-01 1.794801548006495495e-01 1.780078920637511442e-01 1.769534436163753555e-01 1.767403808841986890e-01
1.905970962109764522e-01 1.909461335108740554e-01 1.911051137133551736e-01 1.912547213956254377e-01 1.914752398462227223e-01 1.910063517193311411e-01
1.862287530747110120e-01 1.864826737303743875e-01 1.866501740936896969e-01 1.868313927510475425e-01 1.868929720264491390e-01 1.867903164758407120e-01
1.715332295390281370e-01 1.718090913062177150e-01 1.718917922793561093e-01 1.720237113563924947e-01 1.720632387199138302e-01 1.721228866791543188e-01
1.486044779282008899e-01 1.490614394025381872e-01 1.489872573101132802e-01 1.490468661809077611e-01 1.492740884835129789e-01 1.494962658987092907e-01
1.641002727974859854e-01 1.648549606020145442e-01 1.644282835011003918e-01 1.644438084600130523e-01 1.645106122143223937e-01 1.649581588189841796e-01
2.081581562330711566e-01 2.088244416064048148e-01 2.084486863461509631e-01 2.083800748319534768e-01 2.082751537380491957e-01 2.088309759164367896e-01
1.364449791010522717e-01 1.366527806745995999e-01 1.364569656934278563e-01 1.363238828646437806e-01 1.362694863721952143e-01 1.365830702414590481e-01
