2.023394163855773698e-01 2.023408926807323538e-01 2.023420894174785545e-01 2.023408925762627542e-01
2.329360435746720137e-01 2.329416644173483708e-01 2.329479166423966685e-01 2.329416642402933058e-01
2.044532436723822677e-01 2.044578108903617741e-01 2.044646542392143107e-01 2.044578107263708422e-01
1.985099083525927732e-01 1.984949034434783099e-01 1.984747691950776438e-01 1.984949032601899532e-01
2.106348041865587495e-01 2.106525526866078746e-01 2.106594283742629081e-01 2.106525526322542974e-01
2.155247185565357659e-01 2.155497419074754450e-01 2.155721948820977785e-01 2.155497418909699536e-01
2.185209152180623560e-01 2.185557169428083701e-01 2.186106637680289844e-01 2.185557168671924400e-01
2.188028929840233339e-01 2.188063133827635731e-01 2.188380563146619107e-01 2.188063134623056405e-01
2.173707724951392528e-01 2.172962761170757762e-01 2.171676602117495747e-01 2.172962760541911065e-01
2.198512058236458122e-01 2.199699379325582016e-01 2.199919321747158818e-01 2.199699379061568760e-01
2.175309761653946017e-01 2.176422948174887850e-01 2.177368657730057444e-01 2.176422947698029853e-01
2.200342924558648938e-01 2.201339143304595625e-01 2.203516442982739743e-01 2.201339142394813653e-01
2.178410935875307042e-01 2.178186798044669803e-01 2.179465533849864189e-01 2.178186800291568304e-01
2.195528333332462112e-01 2.193599809490916208e-01 2.188612173782015502e-01 2.193599807735996110e-01
2.185212074319806130e-01 2.189926966674952402e-01 2.189658475338608357e-01 2.189926965933720882e-01
2.153885847466768810e-01 2.156992664387738512e-01 2.159590184643683242e-01 2.156992663726942372e-01
2.108466341488018092e-01 2.109769273136983259e-01 2.114507786655450139e-01 2.109769271850776007e-01
1.992696889840110119e-01 1.990967115340995519e-01 1.989073773730752337e-01 1.990967119894623827e-01
2.058421472940406560e-01 2.039104574295295125e-01 2.010733083372312491e-01 2.039104571648195918e-01
2.288705659161892059e-01 2.245112371948674301e-01 2.305323961428843993e-01 2.245112371110189464e-01
1.826131557198273636e-01 1.954188127036530220e-01 2.686369483136735736e-01 1.954188126529154967e-01
