2.051553129093190153e-01 2.040721832800761470e-01 2.051553128880872490e-01 2.040721832453396278e-01
2.474714213816082697e-01 2.457837445250694586e-01 2.474714213136106067e-01 2.457837443420804457e-01
2.365503678012545186e-01 2.423190124566244052e-01 2.365503669348718863e-01 2.423190124735846718e-01
2.276064618483754354e-01 2.363665889720855118e-01 2.276064630993800408e-01 2.363665891380636319e-01
2.303590270819783625e-01 2.262069154465174980e-01 2.303590268128291041e-01 2.262069152223295798e-01
2.419937923393515045e-01 2.262779414074052309e-01 2.419937922520185858e-01 2.262779412509314247e-01
2.393832697410048505e-01 2.311211375591265826e-01 2.393832697877155968e-01 2.311211374293633269e-01
2.485669254123466232e-01 2.740132659789592529e-01 2.485669255269837563e-01 2.740132657256756921e-01
2.362795669973203894e-01 2.638465854077403083e-01 2.362795672701966665e-01 2.638465858629355787e-01
2.368355646128474656e-01 2.268263802473666491e-01 2.368355646139001791e-01 2.268263801198965313e-01
2.542409631751147980e-01 2.281518924305146190e-01 2.542409633271281999e-01 2.281518924513886992e-01
2.400102727341203446e-01 2.300010885023708873e-01 2.400102730013064511e-01 2.300010886663193255e-01
2.628304677613154672e-01 2.903974872485268199e-01 2.628304684115514989e-01 2.903974868849215074e-01
2.351298432374245573e-01 2.605761834461460258e-01 2.351298426574459643e-01 2.605761837042763762e-01
2.367626907556438509e-01 2.285005581154152809e-01 2.367626909669334478e-01 2.285005582403121238e-01
2.411571495083741634e-01 2.254412980336522043e-01 2.411571496897125244e-01 2.254412981870495825e-01
2.316759919957630809e-01 2.275238801835036961e-01 2.316759921659878319e-01 2.275238803947254584e-01
2.443881972507178924e-01 2.531483243498915403e-01 2.443881975095621717e-01 2.531483243102490288e-01
2.382673118666392698e-01 2.440359572842441815e-01 2.382673116121256374e-01 2.440359571311206677e-01
2.469361249207468190e-01 2.452484479558432462e-01 2.469361250158546017e-01 2.452484481147161055e-01
2.048117663654119569e-01 2.037286366469926724e-01 2.048117663886295237e-01 2.037286366843001073e-01
