1.884652050049155300e-02 1.884680247110702422e-02 1.884694206398482633e-02 1.884680243856510715e-02
1.661888942033691585e-01 1.661924733385357900e-01 1.661948382439405736e-01 1.661924730723863541e-01
1.856989608628523691e-01 1.857033514481409020e-01 1.857041590665948205e-01 1.857033508649789388e-01
1.859790718623043904e-01 1.859653427049008101e-01 1.859486365496659244e-01 1.859653425834867646e-01
2.042144797061713757e-01 2.042079751606793170e-01 2.042034474639783936e-01 2.042079750685381057e-01
2.111309373351648588e-01 2.111323208173351007e-01 2.111380158746357094e-01 2.111323207790674616e-01
1.924382585856950767e-01 1.924649934408020902e-01 1.924900253296913666e-01 1.924649931563625072e-01
8.158840167887342065e-02 8.159749635841277715e-02 8.159462282774034014e-02 8.159749595411323886e-02
8.057979893761590962e-02 8.036603744573930785e-02 8.014550412538129498e-02 8.036603792262848878e-02
1.903428350486804366e-01 1.902309889234192752e-01 1.901497217974876808e-01 1.902309892006456837e-01
2.104289976133877915e-01 2.103801444191489289e-01 2.103830377303750332e-01 2.103801444702575740e-01
1.940972762417297048e-01 1.940497019371713872e-01 1.939912828303696768e-01 1.940497020287818841e-01
8.657552190749201459e-02 8.717363913433591460e-02 8.766278594210984154e-02 8.717363928471150158e-02
7.659567551754102588e-02 7.940723253710275931e-02 8.218225598386692810e-02 7.940723265436358536e-02
1.727681531614011223e-01 1.746377242954683384e-01 1.768370935463966231e-01 1.746377244088172520e-01
2.086075153614628808e-01 2.090732284309834987e-01 2.100273761758581770e-01 2.090732285134915269e-01
2.037828158654497179e-01 2.037411384031652950e-01 2.034984342413083680e-01 2.037411384832348016e-01
1.764497481519050059e-01 1.740065435315119036e-01 1.701381443158971885e-01 1.740065436420484279e-01
1.282852869798875584e-01 1.171420758952217978e-01 1.040781011850341886e-01 1.171420759193376321e-01
3.779049912531875360e-02 3.179170824292688186e-02 2.422961398738570152e-02 3.179170824139526674e-02
4.154740307455007282e-03 3.211690110255694883e-03 1.366353921791156265e-03 3.211690108950207914e-03
