2.023140109255679164e-01 2.023189134539747913e-01 2.023228986360180726e-01 2.023189137819632888e-01
2.326781151760595745e-01 2.326967950622492454e-01 2.327176349550743040e-01 2.326967952832605935e-01
2.037841218872317728e-01 2.037993867677726501e-01 2.038221872615354757e-01 2.037993860578025118e-01
1.980089472168030107e-01 1.979591975281342897e-01 1.978919752593274184e-01 1.979591965737706183e-01
2.102474466607973658e-01 2.103067396170396897e-01 2.103295029167389640e-01 2.103067387294388357e-01
2.152950384152985119e-01 2.153786943022915623e-01 2.154543193386119215e-01 2.153786938243276716e-01
2.178147216521897633e-01 2.179315859767987085e-01 2.181174723733206311e-01 2.179315858491323865e-01
2.175727983954177380e-01 2.175855713213351861e-01 2.176926107441055636e-01 2.175855712631249994e-01
2.163436650384267523e-01 2.160944758775068530e-01 2.156576862701108099e-01 2.160944756382373877e-01
2.190444216487819895e-01 2.194467273050388356e-01 2.195199555875940733e-01 2.194467270353116506e-01
2.171576649278504634e-01 2.175346084013884962e-01 2.178617808849245552e-01 2.175346083097789707e-01
2.196595196007461726e-01 2.200010718946541766e-01 2.207602617196001149e-01 2.200010721409899339e-01
2.179424095815931939e-01 2.178775427941074816e-01 2.183141211028623851e-01 2.178775432208392426e-01
2.201429224104742288e-01 2.195006942500543345e-01 2.177530597074620600e-01 2.195006946589457830e-01
2.178067251465868326e-01 2.194476485515770015e-01 2.193445187708601141e-01 2.194476486771307910e-01
2.148658225527607379e-01 2.159149110205286215e-01 2.168457937637749133e-01 2.159149110212330025e-01
2.109643318301390180e-01 2.114269695863612020e-01 2.133828941960532743e-01 2.114269695401441995e-01
2.007291240343218874e-01 2.003325496276632256e-01 2.004291487666769733e-01 2.003325495805371170e-01
2.086494976216595743e-01 2.049259721771088394e-01 1.965657881410735885e-01 2.049259725463607740e-01
2.237484596706925122e-01 2.157952105148683297e-01 2.252368431606969756e-01 2.157952105540656695e-01
1.598065615552756169e-01 1.843405211420383327e-01 3.541716478536315882e-01 1.843405211823803402e-01
