1.780141803760010577e-01 1.756455577611680252e-01 1.766908471160267557e-01 1.766908470938887143e-01 1.756455576721542011e-01
2.241687607311269315e-01 2.217165183637090919e-01 2.219829747813860943e-01 2.219829747625619576e-01 2.217165182399140622e-01
2.056497512930073879e-01 2.066967470311125432e-01 2.039079467188389949e-01 2.039079466883757241e-01 2.066967469492039244e-01
2.022127278361195712e-01 2.080830585636755659e-01 2.028264426021508804e-01 2.028264425633666823e-01 2.080830585093522145e-01
2.021783778910614116e-01 2.013690515274019766e-01 2.009712804134186070e-01 2.009712804373117723e-01 2.013690514543877985e-01
2.256644819269528757e-01 2.001856503358486195e-01 2.082141928188041835e-01 2.082141928449786350e-01 2.001856502572973151e-01
2.181044782179036301e-01 2.018194597008008406e-01 2.015194855067676538e-01 2.015194855289685338e-01 2.018194596715960354e-01
2.056082401863872089e-01 2.268393996348943009e-01 2.011309814759207892e-01 2.011309814804491392e-01 2.268393997471485346e-01
2.017115184353547586e-01 2.486376041468456588e-01 2.095139771618909630e-01 2.095139771993382305e-01 2.486376042328356517e-01
2.175604544136438834e-01 2.059437426156478235e-01 2.076726856605278504e-01 2.076726857319036723e-01 2.059437426484121980e-01
4.292443142589376093e-01 1.970372335316497303e-01 2.447324312501082955e-01 2.447324312224886111e-01 1.970372335797289931e-01
2.175604546012784024e-01 2.059437427174344859e-01 2.076726858489446326e-01 2.076726858137965259e-01 2.059437427564493883e-01
2.017115186045428388e-01 2.486376044521524664e-01 2.095139773490686252e-01 2.095139773144489292e-01 2.486376044173203292e-01
2.056082403935258762e-01 2.268394001130908666e-01 2.011309816604384682e-01 2.011309816349072521e-01 2.268393999733448185e-01
2.181044785067606517e-01 2.018194598551150409e-01 2.015194856333055173e-01 2.015194855992620271e-01 2.018194597995979500e-01
2.256644823156473412e-01 2.001856502870915100e-01 2.082141929649624357e-01 2.082141928402196085e-01 2.001856502840309859e-01
2.021783777489606637e-01 2.013690513971974627e-01 2.009712803218323962e-01 2.009712802824389077e-01 2.013690514265032705e-01
2.022127274245110184e-01 2.080830584610356415e-01 2.028264423464828103e-01 2.028264424107174002e-01 2.080830585439250591e-01
2.056497508868610768e-01 2.066967468199746860e-01 2.039079464025683464e-01 2.039079464652733820e-01 2.066967469216217379e-01
2.241687603464786460e-01 2.217165180766992594e-01 2.219829745027213086e-01 2.219829745254751630e-01 2.217165181660678552e-01
1.780141798657983443e-01 1.756455573293669581e-01 1.766908467059649102e-01 1.766908466777738218e-01 1.756455574064776926e-01
