2.020374867892614223e-01 2.020375296490528882e-01 2.020375040380295306e-01 2.020371520072555549e-01
2.291575473998318513e-01 2.291575738338891277e-01 2.291576432170945588e-01 2.291565081649328262e-01
1.937111355854240768e-01 1.937111510689489280e-01 1.937113991313175743e-01 1.937095578469184010e-01
1.895864516090363383e-01 1.895866436635709751e-01 1.895864633685405420e-01 1.895844376301109857e-01
2.045904378997998319e-01 2.045906655439447552e-01 2.045909433820582712e-01 2.045876129935432219e-01
2.127625949841308040e-01 2.127627521985926140e-01 2.127639034386983041e-01 2.127544399874627123e-01
2.070028566179346052e-01 2.070031444401951581e-01 2.070106016015747230e-01 2.069938986640841305e-01
1.975955438626739447e-01 1.975996431416682797e-01 1.976228854392106937e-01 1.976024683783606239e-01
1.982356633561577208e-01 1.982300748783202560e-01 1.981995145390512969e-01 1.981961404767758894e-01
2.085128067307304434e-01 2.085084078469554292e-01 2.085766753171976184e-01 2.085551707147161593e-01
2.186725717118133405e-01 2.186564715862757136e-01 2.187663363209069733e-01 2.187127168346334194e-01
2.287850919714878861e-01 2.288623955203533955e-01 2.293308071867264097e-01 2.292175493329361435e-01
2.695159250771730908e-01 2.698383076904495304e-01 2.711911297625924089e-01 2.709144006436786656e-01
2.699844948330440420e-01 2.700646058527666482e-01 2.704812997899767035e-01 2.704024226952153609e-01
2.287346366637701689e-01 2.287568930684970858e-01 2.288802907947722620e-01 2.288523779850956952e-01
2.179101103496458858e-01 2.179174659049730178e-01 2.179536938865659634e-01 2.179468971465932658e-01
2.058525130236673328e-01 2.058562830277772815e-01 2.058731868089470063e-01 2.058700220108722057e-01
1.905334515442421162e-01 1.905375546786423624e-01 1.905533700712812584e-01 1.905499859547472030e-01
1.941450259942703871e-01 1.941458789122293416e-01 1.941493722598637839e-01 1.941486070491597882e-01
2.291240632306582037e-01 2.291243028187784081e-01 2.291254297401704998e-01 2.291251701853136424e-01
2.020302879092862602e-01 2.020303512584059880e-01 2.020306450313708035e-01 2.020305744434132134e-01
