1.884718961472164195e-02 1.884740577551652363e-02 1.884755885518303933e-02 1.884740572794620442e-02
1.662036846076086760e-01 1.662065582981778478e-01 1.662088909072705900e-01 1.662065580407994791e-01
1.858549112841370310e-01 1.858575374060075502e-01 1.858585816126429313e-01 1.858575369036346847e-01
1.861555602669826004e-01 1.861410090708424114e-01 1.861252672131117614e-01 1.861410089293488168e-01
2.042844152901746591e-01 2.042782912996093936e-01 2.042735529745346446e-01 2.042782912247180227e-01
2.111329214768643825e-01 2.111353837774659903e-01 2.111403414207522200e-01 2.111353837411670820e-01
1.924098988458317616e-01 1.924373351769701201e-01 1.924633990620626123e-01 1.924373349471612260e-01
8.149403897443387168e-02 8.149560459199339801e-02 8.148948570172889760e-02 8.149560431077888800e-02
8.089729976820887736e-02 8.065123156127279591e-02 8.040201481533323924e-02 8.065123209485845768e-02
1.912454983564000066e-01 1.911199273896217743e-01 1.910211465248332074e-01 1.911199276896801968e-01
2.105286300007750966e-01 2.104794218298457198e-01 2.104740254525601928e-01 2.104794218813741402e-01
1.939682793804715644e-01 1.939251586612999456e-01 1.938684873240992534e-01 1.939251586919699955e-01
8.578511838249940069e-02 8.649479554353485533e-02 8.709863670635428767e-02 8.649479557529693441e-02
7.739251822075864096e-02 8.067294489448115224e-02 8.392766586841210463e-02 8.067294493615827233e-02
1.769304983179430801e-01 1.791796612843337133e-01 1.818187460070555816e-01 1.791796613695431917e-01
2.090480949157952351e-01 2.096325592378615044e-01 2.107547286928261321e-01 2.096325593105979879e-01
2.038626092044480975e-01 2.038096168293126731e-01 2.033464001792012199e-01 2.038096169003727476e-01
1.775872039975252004e-01 1.744915249743678731e-01 1.693621305745273697e-01 1.744915250853024125e-01
1.295980844827725464e-01 1.154461053823433586e-01 9.873296652089851022e-02 1.154461054484153676e-01
3.426417884291608346e-02 2.677544874488396731e-02 1.738131156145108352e-02 2.677544876660186216e-02
3.783623079162283780e-03 2.684547880636237779e-03 6.062656464562480533e-04 2.684547882439540945e-03
