2.795032574728751121e-02 2.795044551690587659e-02 2.795042365799364076e-02 2.795042366076525703e-02 2.795044552467961657e-02
1.714459334784020905e-01 1.714462708189935514e-01 1.714461037791761566e-01 1.714461037709152091e-01 1.714462708086575415e-01
2.005894369811503375e-01 2.005920945747239337e-01 2.005924146650002182e-01 2.005924146596362034e-01 2.005920944931862127e-01
2.001909254112577419e-01 2.002119856012510024e-01 2.002246608191122768e-01 2.002246608173278430e-01 2.002119853954655582e-01
1.997754764752604217e-01 1.998568729810276945e-01 1.999603604171976412e-01 1.999603603591103007e-01 1.998568726910888715e-01
1.994662243708222593e-01 1.994620637380905004e-01 1.995593146168454790e-01 1.995593145779077926e-01 1.994620635664482444e-01
1.999873107558808871e-01 1.998060364594574090e-01 1.998163843728324729e-01 1.998163844250736010e-01 1.998060363741035461e-01
1.996433786206345817e-01 1.998020666232704912e-01 1.996567111160819363e-01 1.996567110027060721e-01 1.998020662416044035e-01
1.914639322467189542e-01 1.962311862226903958e-01 1.976565627255352509e-01 1.976565627124793334e-01 1.962311857541407800e-01
1.305037535844278951e-01 1.601569011734305381e-01 1.832229467604073736e-01 1.832229467131799572e-01 1.601569006113165161e-01
2.236273402917609773e-02 7.725928361080397488e-02 1.193390471486265036e-01 1.193390470827297573e-01 7.725928345570114153e-02
1.305037508057313445e-01 1.601568996622567964e-01 1.832229464354463433e-01 1.832229464598125745e-01 1.601569000900467665e-01
1.914639305036832939e-01 1.962311852644703369e-01 1.976565623066881550e-01 1.976565623835731533e-01 1.962311857688226746e-01
1.996433777490989048e-01 1.998020659996624648e-01 1.996567107404978170e-01 1.996567108404742330e-01 1.998020662691255001e-01
1.999873104782316224e-01 1.998060360304792504e-01 1.998163841089952431e-01 1.998163841857656942e-01 1.998060362274690360e-01
1.994662243209716912e-01 1.994620635007494924e-01 1.995593144721352630e-01 1.995593145658439982e-01 1.994620638466134133e-01
1.997754761974654958e-01 1.998568727372177500e-01 1.999603603452033973e-01 1.999603604008938496e-01 1.998568732015479910e-01
2.001909250259508999e-01 2.002119854714657643e-01 2.002246608454034404e-01 2.002246608494111513e-01 2.002119857783726253e-01
2.005894367412779933e-01 2.005920945998909133e-01 2.005924146985764156e-01 2.005924147122403745e-01 2.005920947021550271e-01
1.714459333495645388e-01 1.714462708577735583e-01 1.714461038747163435e-01 1.714461038938552284e-01 1.714462708894178566e-01
2.795032567404371129e-02 2.795044549210761592e-02 2.795042367128852678e-02 2.795042367646471612e-02 2.795044549886018664e-02
