1.747745311150166181e-01 1.745043647794877473e-01 1.746296329201928732e-01 1.746296329175797690e-01 1.745043647462833081e-01
2.218150386591378476e-01 2.213890113685639260e-01 2.213997044759607735e-01 2.213997044714633988e-01 2.213890113054430842e-01
2.042600643090089485e-01 2.043518013750521278e-01 2.037731306502515438e-01 2.037731306345860749e-01 2.043518013140998846e-01
2.009557105450870962e-01 2.022532011319993495e-01 2.008174539125971436e-01 2.008174538924729358e-01 2.022532011058933155e-01
2.003173844027428263e-01 2.008184744004315736e-01 2.004162350018729444e-01 2.004162350033673046e-01 2.008184743787930493e-01
2.088323339634507170e-01 2.000146105493501858e-01 2.025611066546767480e-01 2.025611066655894077e-01 2.000146105211627612e-01
2.125869787807593558e-01 2.008994606570665142e-01 2.004790243036124742e-01 2.004790243200383071e-01 2.008994606300980312e-01
2.099228019406898793e-01 2.184737414632522690e-01 2.003252458873322206e-01 2.003252458951043091e-01 2.184737415045033271e-01
2.066326258117274772e-01 2.489864580680318240e-01 2.093691254790969458e-01 2.093691254952515790e-01 2.489864581257762166e-01
2.046447170893407885e-01 2.117846474199281681e-01 2.109016732840496011e-01 2.109016733304624747e-01 2.117846474391455180e-01
5.785961661367189368e-01 1.916916203180088762e-01 2.579719023943345402e-01 2.579719023887017681e-01 1.916916203455110712e-01
2.046447171685560618e-01 2.117846474788496747e-01 2.109016733670838750e-01 2.109016733555301448e-01 2.117846474898923415e-01
2.066326258289442608e-01 2.489864582523651226e-01 2.093691255505535365e-01 2.093691255409605712e-01 2.489864582422113559e-01
2.099228020470626233e-01 2.184737416870779492e-01 2.003252459419855580e-01 2.003252459433561561e-01 2.184737416517365527e-01
2.125869789990422754e-01 2.008994607490956208e-01 2.004790243721710219e-01 2.004790243770375735e-01 2.008994607479845929e-01
2.088323342211767797e-01 2.000146105823066844e-01 2.025611067554062283e-01 2.025611067229302897e-01 2.000146105980824540e-01
2.003173844001441273e-01 2.008184744344946593e-01 2.004162350238581081e-01 2.004162349995284864e-01 2.008184744210123052e-01
2.009557103922026133e-01 2.022532011521435136e-01 2.008174538475997195e-01 2.008174538404989551e-01 2.022532011702705412e-01
2.042600641129609096e-01 2.043518012882991342e-01 2.037731305101659063e-01 2.037731305157614026e-01 2.043518013226400809e-01
2.218150384560845789e-01 2.213890112043677416e-01 2.213997043167578171e-01 2.213997043363683248e-01 2.213890112441096181e-01
1.747745309124535962e-01 1.745043646038076102e-01 1.746296327638116042e-01 1.746296327545415750e-01 1.745043646246203783e-01
