1.744448614050829738e-01 1.744447667557337822e-01 1.744452533930773985e-01 1.744452533872475619e-01 1.744447667316252892e-01
2.213534275142825247e-01 2.213501054136763346e-01 2.213499327652993787e-01 2.213499327512062631e-01 2.213501053587800527e-01
2.037834238371594997e-01 2.037744188120254318e-01 2.037680913416197170e-01 2.037680913206715572e-01 2.037744187465829471e-01
2.004531107270999535e-01 2.004543709541378727e-01 2.004116704663211068e-01 2.004116704413246575e-01 2.004543709068856983e-01
2.000083244853840259e-01 2.000977006373745593e-01 2.000209816268492258e-01 2.000209816162156484e-01 2.000977006175376216e-01
2.002240663563226164e-01 2.000481914978391451e-01 2.001385397031033575e-01 2.001385397063050464e-01 2.000481914683257811e-01
2.023691515825054577e-01 2.001143543367991662e-01 2.000372624318265125e-01 2.000372624343187133e-01 2.001143543169858485e-01
2.077776750957232299e-01 2.035535552593101816e-01 2.000073915058166452e-01 2.000073915092685228e-01 2.035535552743215071e-01
2.152102608355390412e-01 2.244308428282797696e-01 2.027881562985839048e-01 2.027881563054477754e-01 2.244308428643313758e-01
1.627076510665938225e-01 2.283366284532161450e-01 2.099681750011747616e-01 2.099681750259803081e-01 2.283366284773397648e-01
8.971201220574666069e-01 1.719763562567952764e-01 2.520508512727261397e-01 2.520508512692390402e-01 1.719763562674789525e-01
1.627076510574752000e-01 2.283366284979533867e-01 2.099681750471262542e-01 2.099681750364313093e-01 2.283366284947598301e-01
2.152102608493051406e-01 2.244308429235152558e-01 2.027881563395453335e-01 2.027881563373034046e-01 2.244308428930109900e-01
2.077776751551329570e-01 2.035535553303106371e-01 2.000073915429282645e-01 2.000073915416649695e-01 2.035535553215193638e-01
2.023691516780933841e-01 2.001143543988873896e-01 2.000372624823232304e-01 2.000372624911987973e-01 2.001143544163125898e-01
2.002240663727535286e-01 2.000481915260695631e-01 2.001385397453029624e-01 2.001385397419183920e-01 2.000481915365042163e-01
2.000083244444888497e-01 2.000977006621876275e-01 2.000209816465533252e-01 2.000209816460537249e-01 2.000977006640833056e-01
2.004531106458383727e-01 2.004543709353867054e-01 2.004116704487981238e-01 2.004116704461431919e-01 2.004543709446798827e-01
2.037834236944306432e-01 2.037744187257133910e-01 2.037680912661702648e-01 2.037680912682147960e-01 2.037744187539282659e-01
2.213534273612461079e-01 2.213501052937540126e-01 2.213499326415387103e-01 2.213499326514063448e-01 2.213501053175009337e-01
1.744448612614687977e-01 1.744447666189040402e-01 1.744452532625362096e-01 1.744452532517023202e-01 1.744447666178332024e-01
