1.886546900053679213e-02 1.886543823654669716e-02 1.886542462338526224e-02 1.886543818441214701e-02
1.663278396923811020e-01 1.663274961242411643e-01 1.663272265160644636e-01 1.663274953599497286e-01
1.864753053747435774e-01 1.864726199233023851e-01 1.864702158684359845e-01 1.864726179349444068e-01
1.866308468654001573e-01 1.866220823698764297e-01 1.866143164323696979e-01 1.866220808783050078e-01
2.043933160329771126e-01 2.043900962928162091e-01 2.043878862120397377e-01 2.043900957573612509e-01
2.116918627013326115e-01 2.116933087966343663e-01 2.116933145967136443e-01 2.116933082782530284e-01
1.991047575729787689e-01 1.991030850207062552e-01 1.990976803725770794e-01 1.991030837182108659e-01
1.352505192977254134e-01 1.352004258548648585e-01 1.351526439852472616e-01 1.352004230180496869e-01
1.362679049105099127e-01 1.360796712563467625e-01 1.359147379775438591e-01 1.360796686789791377e-01
1.997183286399023538e-01 1.996319430710102039e-01 1.995751355003521355e-01 1.996319422293712509e-01
2.119067937334175034e-01 2.119103186340486333e-01 2.119141569306803030e-01 2.119103186437401865e-01
1.996140904595938292e-01 1.996237979693855358e-01 1.996056489302847625e-01 1.996237984409662825e-01
1.359608132334371999e-01 1.358665239301518057e-01 1.357590327800092533e-01 1.358665254248683230e-01
1.353466253642827133e-01 1.349723320583208208e-01 1.346398975375675267e-01 1.349723359719472993e-01
1.992782133851498105e-01 1.990811796898798447e-01 1.989512549748756742e-01 1.990811816161467407e-01
2.117622431305376807e-01 2.117481084944951852e-01 2.118000307018153283e-01 2.117481088143095547e-01
2.043852647123259592e-01 2.043878191521371623e-01 2.044401629130429277e-01 2.043878191750597428e-01
1.866893869241976200e-01 1.867262800959241242e-01 1.863205882096839738e-01 1.867262804669489740e-01
1.892668726700420800e-01 1.874984655069245609e-01 1.829766524198705169e-01 1.874984668097738338e-01
1.815838801670815184e-01 1.671914945910458472e-01 1.457102731629792147e-01 1.671914951845978881e-01
2.922701040068168346e-02 2.080291147723814515e-02 5.645580425548164284e-03 2.080291152784641273e-02
