2.023479803093320151e-01 2.023482035116782596e-01 2.023483843139849969e-01 2.023482035051928918e-01
2.330222628506847526e-01 2.330231124999427861e-01 2.330240567252270245e-01 2.330231124876673832e-01
2.046758391263800436e-01 2.046765281777485346e-01 2.046775617948214665e-01 2.046765281431686401e-01
1.986756595930790070e-01 1.986733895318383569e-01 1.986703506306869982e-01 1.986733895024799246e-01
2.107640836740189427e-01 2.107667619124093394e-01 2.107678026204746480e-01 2.107667619088707256e-01
2.156015126584219510e-01 2.156052877054093764e-01 2.156086664926672725e-01 2.156052877028327430e-01
2.187504176526477717e-01 2.187556599568055149e-01 2.187639161064109938e-01 2.187556599575254945e-01
2.191933400201627191e-01 2.191938358901540929e-01 2.191986105998305345e-01 2.191938358531320963e-01
2.176917362993760485e-01 2.176805002097483843e-01 2.176612001198105217e-01 2.176805002421031976e-01
2.201138076132196086e-01 2.201316380130309558e-01 2.201349604194437481e-01 2.201316380227875957e-01
2.176550015121396786e-01 2.176717219391937908e-01 2.176858237857820233e-01 2.176717219515735546e-01
2.201413825547732239e-01 2.201562825536423629e-01 2.201886568161562641e-01 2.201562825737141127e-01
2.177622894947587040e-01 2.177587579091546377e-01 2.177778981624079180e-01 2.177587578413769653e-01
2.193055296252685860e-01 2.192763600399739721e-01 2.192022883241037112e-01 2.192763601233645998e-01
2.187505050476121760e-01 2.188205374287219007e-01 2.188167714355704341e-01 2.188205374226786515e-01
2.155801100559293637e-01 2.156270128023631827e-01 2.156657742999774641e-01 2.156270128080366166e-01
2.107959086938903659e-01 2.108151563452484167e-01 2.108776623610700840e-01 2.108151563513466498e-01
1.987870354617995716e-01 1.987555006258399648e-01 1.987020809177494352e-01 1.987555005134057640e-01
2.048829272568801207e-01 2.044998042579369568e-01 2.040402085743491245e-01 2.044998044470896781e-01
2.322655393224276332e-01 2.314308259729188633e-01 2.327370678922835723e-01 2.314308259787893340e-01
1.987035171586156723e-01 2.012594101851333805e-01 2.141312966286766373e-01 2.012594101910265276e-01
