2.051553129028147460e-01 2.040721832902190613e-01 2.051553128802587889e-01 2.040721832522339740e-01
2.474714213737239932e-01 2.457837445400359311e-01 2.474714213048898326e-01 2.457837443552702006e-01
2.365503678307328828e-01 2.423190123752510527e-01 2.365503669454444291e-01 2.423190124324398620e-01
2.276064617710772675e-01 2.363665888135668136e-01 2.276064630526908883e-01 2.363665889353154526e-01
2.303590270464912493e-01 2.262069154585396868e-01 2.303590267708137684e-01 2.262069152433375252e-01
2.419937922365259231e-01 2.262779415075899525e-01 2.419937921560464666e-01 2.262779413681328400e-01
2.393832696947973682e-01 2.311211376195237976e-01 2.393832697545554000e-01 2.311211375160098780e-01
2.485669256686048045e-01 2.740132658979581581e-01 2.485669258086681543e-01 2.740132656694386215e-01
2.362795670133434611e-01 2.638465850725670303e-01 2.362795672484154785e-01 2.638465854463284965e-01
2.368355645162397993e-01 2.268263802721686428e-01 2.368355645393096787e-01 2.268263801823908465e-01
2.542409629896944523e-01 2.281518925927381036e-01 2.542409631615589194e-01 2.281518926414624060e-01
2.400102726832731015e-01 2.300010885909022640e-01 2.400102729612605401e-01 2.300010887682046035e-01
2.628304681215670735e-01 2.903974872482274483e-01 2.628304687966890874e-01 2.903974868923802632e-01
2.351298433292721146e-01 2.605761831964971686e-01 2.351298427272035529e-01 2.605761834162961255e-01
2.367626906826271749e-01 2.285005581469710667e-01 2.367626909015536907e-01 2.285005582785794298e-01
2.411571493989743686e-01 2.254412981366913094e-01 2.411571495801826392e-01 2.254412982833164103e-01
2.316759919839582738e-01 2.275238802343012845e-01 2.316759921443125314e-01 2.275238804164375073e-01
2.443881974216438047e-01 2.531483244174346781e-01 2.443881976976180759e-01 2.531483243787849280e-01
2.382673119111748117e-01 2.440359572409804001e-01 2.382673116608150787e-01 2.440359571308164666e-01
2.469361249112747292e-01 2.452484479795584427e-01 2.469361249971733507e-01 2.452484481049646559e-01
2.048117663589101300e-01 2.037286366559932504e-01 2.048117663795568366e-01 2.037286366844919538e-01
