2.020314723549529456e-01 2.020313340694835091e-01 2.020315304470428897e-01 2.020313699466514124e-01
2.291376340427455083e-01 2.291373404587676299e-01 2.291377827049216331e-01 2.291370002983028620e-01
1.937532231161782914e-01 1.937531854468253489e-01 1.937535195643807218e-01 1.937517455559734370e-01
1.897270978234506800e-01 1.897274036515069484e-01 1.897272369535255576e-01 1.897250085497586003e-01
2.047970759887500214e-01 2.047980288068710353e-01 2.047982345996850473e-01 2.047956312465245010e-01
2.136072986165826193e-01 2.136092123076120397e-01 2.136102801860110256e-01 2.136065832616065585e-01
2.105893262545602274e-01 2.105971339385900587e-01 2.106056462830865339e-01 2.105988944258785356e-01
2.094395317755468333e-01 2.094691286787393469e-01 2.094924749501693995e-01 2.094655941135747657e-01
2.100491965945237849e-01 2.100960228940974839e-01 2.100129382538777345e-01 2.099663174050141745e-01
2.118795404881800015e-01 2.119032921528362645e-01 2.119743063806863725e-01 2.119418914015317734e-01
2.186561264157981799e-01 2.186670148787493440e-01 2.187858416179962739e-01 2.187319562098355430e-01
2.253781767621347021e-01 2.254821090365237701e-01 2.259022654799706931e-01 2.257814702427251574e-01
2.576268416579691189e-01 2.579877239213102524e-01 2.591964423847302190e-01 2.589000238463041170e-01
2.579332801127448560e-01 2.580703417608378736e-01 2.584467433424486038e-01 2.583332216063101150e-01
2.250857373272137085e-01 2.251190419060921655e-01 2.252348027012649190e-01 2.251958805691828269e-01
2.170202183911225657e-01 2.170447966378632187e-01 2.171260852693527865e-01 2.170687326664872407e-01
2.056731070132584716e-01 2.056918132829804735e-01 2.055987809860518045e-01 2.057031142652138156e-01
1.904559094061616387e-01 1.904196188385731681e-01 1.894811001892894031e-01 1.904314355297319905e-01
1.943908319932994844e-01 1.910692074067541768e-01 1.875036774155592889e-01 1.910718622329230509e-01
2.213874230429562773e-01 2.093569727562037408e-01 2.202763685263931237e-01 2.093577855110857477e-01
1.598343899257742284e-01 1.836015337873634912e-01 3.520209971016314832e-01 1.836017300549480924e-01
