2.020264746212939722e-01 2.020264665543858307e-01 2.020264626320280588e-01 2.020264666837903733e-01
2.291286616445974422e-01 2.291286458805988357e-01 2.291286425320860909e-01 2.291286457386284003e-01
1.939609255325019377e-01 1.939609195878357062e-01 1.939609268659314711e-01 1.939609151879395643e-01
1.901498917752356965e-01 1.901499163626965971e-01 1.901499445633536289e-01 1.901499023532048638e-01
2.052863621243208869e-01 2.052863898181218894e-01 2.052864126638145881e-01 2.052863658128330493e-01
2.155123326422555552e-01 2.155124069771681139e-01 2.155124744575197260e-01 2.155123646549356453e-01
2.185249659236427611e-01 2.185252856298195712e-01 2.185256341446434880e-01 2.185252603085806600e-01
2.361022771371253937e-01 2.361034348601084021e-01 2.361046250546821879e-01 2.361033975988961475e-01
2.365649877932277656e-01 2.365678572816005132e-01 2.365707397265278955e-01 2.365676873049245565e-01
2.194374545616011862e-01 2.194386894546454525e-01 2.194400594455162001e-01 2.194385961641954763e-01
2.186965614022198523e-01 2.186974704133475833e-01 2.186984525042670047e-01 2.186974138859350825e-01
2.181257284485637049e-01 2.181287645137713893e-01 2.181316928338880579e-01 2.181286575950084350e-01
2.319753343024507364e-01 2.319849715396526679e-01 2.319940460595748544e-01 2.319848754604180163e-01
2.314796646034832373e-01 2.314968123214719842e-01 2.315141601617553557e-01 2.314967102414890732e-01
2.171218289358101405e-01 2.171212943441184207e-01 2.171313082293547247e-01 2.171212146150670597e-01
2.151355750149524237e-01 2.151505878606246591e-01 2.151973753368576492e-01 2.151505744140271847e-01
2.052125751497979878e-01 2.052315912953746047e-01 2.051239779809611308e-01 2.052316058977932678e-01
1.901094586889131299e-01 1.900772633735798856e-01 1.891322049380401438e-01 1.900772640130368174e-01
1.941815672078096022e-01 1.908630238188910033e-01 1.873218829623975179e-01 1.908630225717629081e-01
2.213463385969053066e-01 2.093330115063338770e-01 2.203143011582266997e-01 2.093330108484290630e-01
1.597984334264184736e-01 1.835930140622806239e-01 3.521024937649024911e-01 1.835930136435003635e-01
