1.884718963279531992e-02 1.884740551341396522e-02 1.884755870353257631e-02 1.884740544884443841e-02
1.662036959000411374e-01 1.662065661762603952e-01 1.662088984466866259e-01 1.662065654341562115e-01
1.858549641559419652e-01 1.858575815194874192e-01 1.858586262890629670e-01 1.858575795797198782e-01
1.861556149493678036e-01 1.861410603175612244e-01 1.861253236139231437e-01 1.861410590125671671e-01
2.042844412156863132e-01 2.042783185250330868e-01 2.042735804113997855e-01 2.042783178628467811e-01
2.111329246157190309e-01 2.111353895889550580e-01 2.111403443872121033e-01 2.111353892407372979e-01
1.924098977981268666e-01 1.924373310339226595e-01 1.924633934494204834e-01 1.924373310695426109e-01
8.149398220754305866e-02 8.149553910125194311e-02 8.148942598790778757e-02 8.149553886758569010e-02
8.089724220146105038e-02 8.065118192576760381e-02 8.040198674483135799e-02 8.065118288681212555e-02
1.912455296605899968e-01 1.911199656066595864e-01 1.910211906315560371e-01 1.911199660156413238e-01
2.105286335722462154e-01 2.104794293188681775e-01 2.104740288580061458e-01 2.104794292075781448e-01
1.939682800171959043e-01 1.939251569021512855e-01 1.938684779964534033e-01 1.939251510787056709e-01
8.578507243384478342e-02 8.649473220934937590e-02 8.709856050882658351e-02 8.649471896752738975e-02
7.739249109559726003e-02 8.067289391151098721e-02 8.392760653706808627e-02 8.067289181435360890e-02
1.769305423346595463e-01 1.791796978289157960e-01 1.818187764474839818e-01 1.791796985619926452e-01
2.090480997861294821e-01 2.096325670327114088e-01 2.107547324898155772e-01 2.096325673902668940e-01
2.038626163800348334e-01 2.038096245288840702e-01 2.033464093622015523e-01 2.038096240976042250e-01
1.775872875158583941e-01 1.744915955626218373e-01 1.693622051506933068e-01 1.744915938077042927e-01
1.295981422767580882e-01 1.154461314934078775e-01 9.873297898529727334e-02 1.154461293011260908e-01
3.426408439417841928e-02 2.677535051271616451e-02 1.738121868814168636e-02 2.677534964661472047e-02
3.783605150449423967e-03 2.684534654808379099e-03 6.062618866161042933e-04 2.684534573637340459e-03
