2.795194446770137356e-02 2.795217398800901171e-02 2.795225280003620083e-02 2.795225280284912087e-02 2.795217398975818890e-02
1.714500214051017657e-01 1.714506721893519769e-01 1.714505918589136202e-01 1.714505918564921683e-01 1.714506721753724094e-01
2.005956573394336029e-01 2.005977863309807707e-01 2.005976140079092362e-01 2.005976139943179415e-01 2.005977862911053344e-01
2.002160586734925418e-01 2.002264213111398516e-01 2.002325666929197778e-01 2.002325666845285734e-01 2.002264212113203656e-01
1.999347389476437420e-01 1.999530743077670703e-01 1.999943270876118895e-01 1.999943271040388881e-01 1.999530741678751944e-01
1.998421257940056761e-01 1.997466624054309303e-01 1.997459038278525112e-01 1.997459038096154882e-01 1.997466622262602243e-01
2.000754980159757945e-01 1.999403175136947042e-01 1.998926111748008105e-01 1.998926111794267768e-01 1.999403174403954209e-01
1.990147897023692436e-01 1.999542246933615486e-01 1.998099849855423660e-01 1.998099848931722822e-01 1.999542244992368323e-01
1.857035076784990246e-01 1.954457202057311715e-01 1.986767970978972619e-01 1.986767970521096660e-01 1.954457198392401118e-01
1.074396049948582732e-01 1.557425962856529011e-01 1.917931632626684313e-01 1.917931632766737837e-01 1.557425959678171157e-01
1.068782685374585753e-03 8.138127484607236839e-02 1.435494684212865746e-01 1.435494684358461503e-01 8.138127475497908270e-02
1.074396043077777418e-01 1.557425957998095634e-01 1.917931630377113783e-01 1.917931630551221456e-01 1.557425959239999436e-01
1.857035068264249744e-01 1.954457195558302329e-01 1.986767966809996344e-01 1.986767967485808528e-01 1.954457197596593254e-01
1.990147889908343293e-01 1.999542241125560060e-01 1.998099845170335231e-01 1.998099846187873507e-01 1.999542243077612469e-01
2.000754975623700305e-01 1.999403170843014055e-01 1.998926108777229760e-01 1.998926109765079839e-01 1.999403172690913388e-01
1.998421257029612819e-01 1.997466622934136737e-01 1.997459037986232255e-01 1.997459038677702470e-01 1.997466624589793460e-01
1.999347388079042720e-01 1.999530742335231259e-01 1.999943269972694615e-01 1.999943270402005646e-01 1.999530744009000438e-01
2.002160584982785596e-01 2.002264212415669487e-01 2.002325666629906076e-01 2.002325666842913465e-01 2.002264213631554102e-01
2.005956572620769818e-01 2.005977863232637215e-01 2.005976140129016594e-01 2.005976140234654870e-01 2.005977863591352495e-01
1.714500213562152320e-01 1.714506721798352840e-01 1.714505918605789270e-01 1.714505918658578432e-01 1.714506721768766506e-01
2.795194441998272855e-02 2.795217395314656891e-02 2.795225277192283503e-02 2.795225277174878328e-02 2.795217394730404106e-02
