2.002031407301589072e-01 2.095495046554818330e-01 2.062085349828763070e-01 2.062162450562441407e-01 2.095505353167250728e-01
2.259965901759734552e-01 2.360293933411470590e-01 2.320006539547024849e-01 2.320153966202131990e-01 2.360356564081647901e-01
2.115184398622920181e-01 2.123316455448094053e-01 2.194690242057144303e-01 2.194737718349845379e-01 2.123414311272542043e-01
2.361032689177108013e-01 2.192322976005649515e-01 2.335636428419261834e-01 2.335539694877085681e-01 2.192445527360822044e-01
2.041491362117853758e-01 2.067696185711963563e-01 2.024463176157645095e-01 2.024618653054904571e-01 2.067871605757258258e-01
2.077142531869301811e-01 2.442244911583109079e-01 2.316039771395721480e-01 2.316373299930888641e-01 2.442432048218819707e-01
2.110954668955612734e-01 2.213793670299397109e-01 2.106625611938973963e-01 2.106922823703568926e-01 2.214046273766634432e-01
2.307451774096963837e-01 2.106050006810349096e-01 2.252454058472695697e-01 2.252385244232210371e-01 2.106216247181849632e-01
2.469080618129095850e-01 2.330322324670967560e-01 2.323793519126962914e-01 2.323781958079240983e-01 2.330457522360546430e-01
1.749628160009147337e-01 2.480477569415273087e-01 2.173705670783415422e-01 2.174041544718265662e-01 2.480843362813017483e-01
8.971975532810333442e-01 2.190834466636973066e-01 2.769056395560053341e-01 2.769392290685925295e-01 2.191096909121752201e-01
1.749495331951445853e-01 2.480754663745224908e-01 2.173941682321514357e-01 2.174152257356474216e-01 2.481064799529411613e-01
2.468901623074641616e-01 2.330633839612969993e-01 2.324312612332300743e-01 2.324127553671936353e-01 2.330787696229718320e-01
2.308340817821324942e-01 2.105984807389248148e-01 2.252695239488716472e-01 2.252768390800400089e-01 2.106173481118237545e-01
2.111584862828255471e-01 2.214315280962002863e-01 2.106816467416108840e-01 2.107187795693659660e-01 2.214545262429196137e-01
2.077556808652449849e-01 2.443707282522880331e-01 2.316992653534950541e-01 2.317308827193660936e-01 2.443858882364684515e-01
2.041556987643768362e-01 2.068128753390454655e-01 2.024669326358286836e-01 2.024746819837616174e-01 2.068233258129583141e-01
2.362003812194870545e-01 2.193168441102017752e-01 2.336818863687597225e-01 2.336671690840804450e-01 2.193298622200611225e-01
2.115941981302595087e-01 2.123603274201317781e-01 2.195103525976983827e-01 2.195199075448250048e-01 2.123737621003746190e-01
2.260456397985349808e-01 2.360901235719271296e-01 2.320420783809067911e-01 2.320571657022340306e-01 2.360944672988559978e-01
2.003160415707515574e-01 2.096882453927704781e-01 2.063334987183531033e-01 2.063413643867028635e-01 2.096884054247399043e-01
