1.925258656292788417e-01 1.859490815212466452e-01 1.893888401038476277e-01 1.893888401202073746e-01 1.859490814974291140e-01
2.284749022033449872e-01 2.245025174511128818e-01 2.257755297231153202e-01 2.257755307182801319e-01 2.245025127888421179e-01
2.074278615554387417e-01 2.108788813444375798e-01 2.065647061133560336e-01 2.065647086487618078e-01 2.108788742080290046e-01
2.092316743311994076e-01 2.193212009271975349e-01 2.119699580302725206e-01 2.119699589438532039e-01 2.193211928409868061e-01
2.020795761213591002e-01 2.005674684120854201e-01 2.008207606028814263e-01 2.008207585713894239e-01 2.005674658048391956e-01
2.380959739692878607e-01 2.043313770378566707e-01 2.204075868712341846e-01 2.204075760275353846e-01 2.043313729959451985e-01
2.102540279496276088e-01 2.025676993525805103e-01 2.038576028548066688e-01 2.038575873911023240e-01 2.025676853858876525e-01
2.003179086958754296e-01 2.188714057126565082e-01 2.033227743205957005e-01 2.033227580355869701e-01 2.188713880856680283e-01
2.020353942001118230e-01 2.264879794542013769e-01 2.084514328657006699e-01 2.084514234253540821e-01 2.264879622915805524e-01
2.079045345088375019e-01 2.010854911653115751e-01 2.030226843794507297e-01 2.030226743484616347e-01 2.010854804120474071e-01
2.727163412534231446e-01 2.014936932087073862e-01 2.275216435431789141e-01 2.275216295396286226e-01 2.014936904519163685e-01
2.079048148810832830e-01 2.010856374321158269e-01 2.030228718816783628e-01 2.030228668605491282e-01 2.010856308369637913e-01
2.020348833474955030e-01 2.264871902386886571e-01 2.084507660847218780e-01 2.084507649503604954e-01 2.264871775836665990e-01
2.003177257009194356e-01 2.188714616834691318e-01 2.033228538982888300e-01 2.033228517361479470e-01 2.188714512996085271e-01
2.102535729066721260e-01 2.025674472271548066e-01 2.038573047755520562e-01 2.038573013230018660e-01 2.025674417757414580e-01
2.380949876222019368e-01 2.043306681591745277e-01 2.204067672521003163e-01 2.204067639005155843e-01 2.043306721582581753e-01
2.020796449579651266e-01 2.005675038837411717e-01 2.008208068490400511e-01 2.008208054128200193e-01 2.005675024417801489e-01
2.092307091742417469e-01 2.193200643580331954e-01 2.119689452782939076e-01 2.119689434036471365e-01 2.193200589646822074e-01
2.074274719541224221e-01 2.108785443712108687e-01 2.065644302926675502e-01 2.065644305841174144e-01 2.108785436584186268e-01
2.284744803548743597e-01 2.245021919476294647e-01 2.257751790340290499e-01 2.257751785029609437e-01 2.245021918511572734e-01
1.925246591690486231e-01 1.859479664159557621e-01 1.893876874746428796e-01 1.893876873664889771e-01 1.859479688357634775e-01
