2.885986136151224950e-03 2.888228050643441326e-03 2.888908345313580175e-03 2.888908353312305121e-03 2.888228020854060728e-03
3.904791888413377404e-02 3.905372172084336374e-02 3.904435964174427648e-02 3.904435978159653126e-02 3.905372142422711829e-02
1.699053038331918009e-01 1.699191604781268850e-01 1.699027826772752381e-01 1.699027830296902797e-01 1.699191598977411177e-01
1.986922789860606497e-01 1.987173497685389423e-01 1.987184341025325374e-01 1.987184342038998963e-01 1.987173492669340180e-01
1.997528677872893732e-01 1.998130224888809980e-01 1.998901753966895178e-01 1.998901752419245115e-01 1.998130219789183704e-01
1.978271565049198599e-01 1.978449493887444732e-01 1.979203673733586355e-01 1.979203672489844579e-01 1.978449490767357211e-01
1.926408018107781672e-01 1.925675107626209914e-01 1.925495741362834856e-01 1.925495744165373058e-01 1.925675110041588922e-01
1.980277394490285725e-01 1.980077679306534721e-01 1.979039631280932743e-01 1.979039633142185284e-01 1.980077679505602706e-01
1.949396595394425613e-01 1.961857269209332788e-01 1.965692120818246513e-01 1.965692117689752383e-01 1.961857263772584514e-01
1.541664414635116331e-01 1.636490809235707222e-01 1.722707292288561953e-01 1.722707290307668171e-01 1.636490804646436314e-01
5.815902173770585992e-02 7.701198761560210104e-02 9.341230035834206802e-02 9.341230045125677173e-02 7.701198797077564440e-02
1.541664385454627750e-01 1.636490787486035436e-01 1.722707290420076032e-01 1.722707292629095666e-01 1.636490798302440708e-01
1.949396583303483477e-01 1.961857259518619279e-01 1.965692117755426516e-01 1.965692120689978006e-01 1.961857267479973355e-01
1.980277392323550600e-01 1.980077681141165225e-01 1.979039634424957506e-01 1.979039633628023598e-01 1.980077680426868547e-01
1.926408023171778117e-01 1.925675114175887659e-01 1.925495748420651687e-01 1.925495747105978039e-01 1.925675112939771449e-01
1.978271572434056325e-01 1.978449500405977390e-01 1.979203683004821246e-01 1.979203685108329169e-01 1.978449506706771721e-01
1.997528674232067480e-01 1.998130222381971632e-01 1.998901756231283300e-01 1.998901757679539259e-01 1.998130230615276504e-01
1.986922782855138625e-01 1.987173494508460148e-01 1.987184345742647740e-01 1.987184345953426912e-01 1.987173498691151008e-01
1.699053009186115293e-01 1.699191595296319912e-01 1.699027851492200814e-01 1.699027848382028971e-01 1.699191592714037746e-01
3.904791595480320426e-02 3.905372071095822295e-02 3.904436168359385478e-02 3.904436136760326692e-02 3.905372030046217607e-02
2.885985829596107288e-03 2.888227924081837247e-03 2.888908501288035315e-03 2.888908470939484385e-03 2.888227889532247062e-03
