1.775642934273301554e-01 1.775644146585943772e-01 1.775535312055037118e-01 1.775436935699032104e-01 1.775482485781141317e-01
2.334408235321159264e-01 2.334538255283081787e-01 2.334116899758425789e-01 2.333629763175375793e-01 2.333734681594309968e-01
2.450020061884551348e-01 2.450592543780260868e-01 2.449086162118542243e-01 2.447403726627502829e-01 2.447778309564256627e-01
2.873619605330698379e-01 2.875251239482716215e-01 2.870826681783270606e-01 2.866319638906029699e-01 2.867554833219790322e-01
2.417433862361013930e-01 2.418929432917571454e-01 2.414593326449181176e-01 2.410629509767800993e-01 2.411919185485444372e-01
2.121176757809394298e-01 2.121666933600526439e-01 2.120430521806009050e-01 2.119171753788514911e-01 2.119623837387232812e-01
2.028747932664322906e-01 2.028916606559283686e-01 2.028512247264422086e-01 2.028149432159577492e-01 2.028303154780600193e-01
2.005851725489326554e-01 2.005959469575973875e-01 2.005757853020855019e-01 2.005655044574277124e-01 2.005712589408364666e-01
2.001974909260308411e-01 2.002003634480118421e-01 2.001945989630955491e-01 2.002048244643478137e-01 2.001941833383828750e-01
2.001898144118661182e-01 2.001899082286342224e-01 2.001955385290654088e-01 2.001941095687543859e-01 2.001787114676838175e-01
2.001986485588475029e-01 2.002062434362355814e-01 2.001920156588829214e-01 2.002291590500554774e-01 2.002100578442376211e-01
2.001690755533733768e-01 2.001805107317315979e-01 2.001729706929906982e-01 2.002114092544601820e-01 2.002015811226213748e-01
1.999931664342767534e-01 2.000009939048895680e-01 2.000046269888200445e-01 2.000173006858504965e-01 2.000300233123278038e-01
1.995073127771198607e-01 1.995151697193277562e-01 1.995146376905208574e-01 1.995130805227433302e-01 1.995172214774208475e-01
1.993869576159093826e-01 1.993891222587371170e-01 1.993878546742385294e-01 1.993876799824684243e-01 1.993885268401768829e-01
1.998254761690553549e-01 1.998256896500255619e-01 1.998247912435687779e-01 1.998259977529107112e-01 1.998264448181132635e-01
2.001328395782985548e-01 2.001327798665774316e-01 2.001334117965828108e-01 2.001341911924778838e-01 2.001343099669777581e-01
2.006279576689186661e-01 2.006280527661767898e-01 2.006286370863678559e-01 2.006290626407323530e-01 2.006291831440870366e-01
2.039643367802382312e-01 2.039644179853731532e-01 2.039646652606629251e-01 2.039648824013629014e-01 2.039649326409822550e-01
2.214657347592701164e-01 2.214657649990609545e-01 2.214660192750092238e-01 2.214662500422555080e-01 2.214661758072633546e-01
1.744131786237942960e-01 1.744131722371984328e-01 1.744133816367889334e-01 1.744135519522334588e-01 1.744134572142741757e-01
