1.982744841756254317e-01 2.062884378346025172e-01 2.031352139952996017e-01 2.031335183967445113e-01 2.062878972729625671e-01
2.289286122740412099e-01 2.360729774317978924e-01 2.312748667989589779e-01 2.312708332632531782e-01 2.360715136611168108e-01
2.141547263910583698e-01 2.148620433424947296e-01 2.191100806157798009e-01 2.191042477486795093e-01 2.148580026627778250e-01
2.351287222144658740e-01 2.233014891283168213e-01 2.329819086049179366e-01 2.329867343282181202e-01 2.232952057001571788e-01
2.097599646150000163e-01 2.101929548145449744e-01 2.038780347007409510e-01 2.038814381027023726e-01 2.101852966679277346e-01
2.300158401382385587e-01 2.438034439767929606e-01 2.343754471315103172e-01 2.343704769119979714e-01 2.437901592767078573e-01
2.339979396338900397e-01 2.267365529194653173e-01 2.121789241547509253e-01 2.121661523823581974e-01 2.267243141361864334e-01
2.321598249397148483e-01 2.361230473277026731e-01 2.278869875586280458e-01 2.278803945773814066e-01 2.361150139582421370e-01
2.351137339529437154e-01 2.590191279054124274e-01 2.400591693362985612e-01 2.400693100038632510e-01 2.590135355483575430e-01
2.388674863944216520e-01 2.308458870227969861e-01 2.161831359332540281e-01 2.161795504449581240e-01 2.308343497063287120e-01
4.328094334714133185e-01 2.456454407810533813e-01 2.658658858181714990e-01 2.658562293313359026e-01 2.456330635210300650e-01
2.388434988652865243e-01 2.308067205697042767e-01 2.161533998757874664e-01 2.161348345845566232e-01 2.307921738871587802e-01
2.351675225341003372e-01 2.590275724430218807e-01 2.400892631610356820e-01 2.400860591585000370e-01 2.590261306627968385e-01
2.320727829979114254e-01 2.361004499059227435e-01 2.278191859810763109e-01 2.278260200296821636e-01 2.360940737179873239e-01
2.339785586147909158e-01 2.267235668448286112e-01 2.121775077768694451e-01 2.121689523444799941e-01 2.267160862109750263e-01
2.299944222350513712e-01 2.437114374067918254e-01 2.343110465327165881e-01 2.343013170397315603e-01 2.437077744067177310e-01
2.097422022655575924e-01 2.101686615665668556e-01 2.038641468837630588e-01 2.038569208299159663e-01 2.101631630407458096e-01
2.350784879649693571e-01 2.232619950173210521e-01 2.329291586533112357e-01 2.329345012428102046e-01 2.232609031267368260e-01
2.141199793931193029e-01 2.148425774225488083e-01 2.190674508885858407e-01 2.190684365237379194e-01 2.148413469614720572e-01
2.289112459743271877e-01 2.360461425317426643e-01 2.312502874781625362e-01 2.312457792097036835e-01 2.360455810326207993e-01
1.982088298262650872e-01 2.062052297396864409e-01 2.030573174862210228e-01 2.030543775117294170e-01 2.062058567037091117e-01
