2.020435120918999128e-01 2.020432305292520769e-01 2.020436309018034948e-01 2.020437219356144565e-01
2.291711673835911123e-01 2.291706139969319767e-01 2.291713587165259414e-01 2.291709106838057675e-01
1.936885454096066717e-01 1.936884467630681228e-01 1.936885654433049553e-01 1.936857882999776237e-01
1.895047703020821539e-01 1.895043902559970239e-01 1.895048108488163185e-01 1.894982705892329367e-01
2.044842510843204730e-01 2.044829667901813530e-01 2.044842850229611764e-01 2.044764175462185918e-01
2.123282580826677257e-01 2.123275541403836508e-01 2.123286345301785283e-01 2.123234274899521712e-01
2.051908581989211611e-01 2.051927491445532103e-01 2.051953238904876409e-01 2.051962698108321381e-01
1.916070321129034193e-01 1.916085432415973178e-01 1.916256329734898900e-01 1.916232337375052552e-01
1.922279107375372831e-01 1.922282050728537361e-01 1.922269249489719778e-01 1.922170237580156371e-01
2.067886596223384443e-01 2.067916770093068402e-01 2.068398030106344543e-01 2.068230030273685571e-01
2.186527242928277270e-01 2.186419420673228475e-01 2.187330187679290272e-01 2.186877412432716994e-01
2.304676589416437271e-01 2.305202189828447212e-01 2.310015159992537259e-01 2.309279828307175819e-01
2.754434286450236358e-01 2.757009745431640568e-01 2.770891851282857310e-01 2.768871122108254035e-01
2.760047228194278390e-01 2.760902950226756247e-01 2.765358095225953217e-01 2.764744419272659459e-01
2.305672336264689148e-01 2.305910357462797322e-01 2.307249748778835707e-01 2.307054086275116822e-01
2.183386132266982860e-01 2.183453478174701978e-01 2.183913614816861692e-01 2.183808185403641744e-01
2.059620556174668327e-01 2.059663064600607274e-01 2.059680509849709795e-01 2.059814266249918868e-01
1.906185499210390766e-01 1.906118467584170528e-01 1.905282952748066638e-01 1.906259354036078379e-01
1.942084303491022901e-01 1.938571243505379793e-01 1.935811744791014477e-01 1.938603442259954623e-01
2.284241826838009914e-01 2.274207126447477800e-01 2.287781054382190260e-01 2.274217394316785656e-01
1.984227167653124790e-01 2.009259164164703682e-01 2.137669583654989991e-01 2.009261817792060423e-01
