2.034265456068923283e-01 2.034959434568190395e-01 2.035632307575235833e-01 2.034959433287164277e-01
2.451378481454029867e-01 2.454186259206872223e-01 2.457145160467822664e-01 2.454186256679399547e-01
2.362835590359499138e-01 2.365050170056289258e-01 2.367480126728523093e-01 2.365050165254000136e-01
2.284493455033278220e-01 2.276699008870783913e-01 2.267836899193904909e-01 2.276699013639627567e-01
2.251812920079040992e-01 2.257622194994763909e-01 2.262134821759909653e-01 2.257622192689983653e-01
2.190818109273848235e-01 2.195982983887478923e-01 2.201556805236702108e-01 2.195982983140004896e-01
2.256673688671852196e-01 2.261319753366348995e-01 2.267027547616563277e-01 2.261319753669206734e-01
2.294769199474014088e-01 2.295224344131663319e-01 2.294730204107751914e-01 2.295224348652570301e-01
2.326887056033087320e-01 2.320123523692347312e-01 2.310479553193406366e-01 2.320123518693874565e-01
2.237128125383221200e-01 2.240331055848074904e-01 2.244238376279446001e-01 2.240331056529972775e-01
2.184996618225186205e-01 2.177813716593011151e-01 2.174350459274622671e-01 2.177813718416684585e-01
2.269056537977881260e-01 2.254009906622125303e-01 2.230769597417050498e-01 2.254009909365416453e-01
2.343370320127403650e-01 2.351997995640117411e-01 2.339123343637349306e-01 2.351997999696658070e-01
2.290847371481346539e-01 2.323298403882454177e-01 2.370938162017726669e-01 2.323298397242863911e-01
2.319271399098443154e-01 2.263756998286169386e-01 2.252553527533903144e-01 2.263756999730941466e-01
2.251092552296067029e-01 2.194381926501825508e-01 2.166701727780749320e-01 2.194381927889367256e-01
2.270689173620145662e-01 2.241662135248205234e-01 2.244358123600229959e-01 2.241662136543190464e-01
2.206209127366219880e-01 2.314602107477366222e-01 2.336383897095917761e-01 2.314602104781202652e-01
2.294437010310346192e-01 2.770099025670617054e-01 2.676551751410946034e-01 2.770099027833697880e-01
2.955972080874227359e-01 2.810914546453131546e-01 1.869779056929781191e-01 2.810914546976718831e-01
3.133703728232060115e-01 1.698917787572128413e-01 9.213613992276129538e-01 1.698917788143787799e-01
