2.795065210006864725e-02 2.795065003647414364e-02 2.795062223780100594e-02 2.795060595190360098e-02 2.795062142069548033e-02
1.714458524365350955e-01 1.714458393748828635e-01 1.714457718178922230e-01 1.714457418399599475e-01 1.714457679183681027e-01
2.005915011743185095e-01 2.005914712481984830e-01 2.005913955803516058e-01 2.005914069242979991e-01 2.005913760707494775e-01
2.002212383735877677e-01 2.002212076128736806e-01 2.002210551379030035e-01 2.002210531345874900e-01 2.002210053704165382e-01
1.999764143942577843e-01 1.999764212492710913e-01 1.999762687101618586e-01 1.999761794462280029e-01 1.999761912796101659e-01
1.998277003714081790e-01 1.998277209111437580e-01 1.998277446072983243e-01 1.998276612374249306e-01 1.998276785265418465e-01
1.999548630204668886e-01 1.999548538376373363e-01 1.999548682702537716e-01 1.999548188758547562e-01 1.999548278601447071e-01
1.999932921802330954e-01 1.999932614704270639e-01 1.999932808221509539e-01 1.999932600027503615e-01 1.999932311960971598e-01
1.998932023191434815e-01 1.998931767394868664e-01 1.998931290613425449e-01 1.998931121117178411e-01 1.998930938949100844e-01
1.995390075971902877e-01 1.995390268478284268e-01 1.995389316261724777e-01 1.995388801268661028e-01 1.995389041438906941e-01
1.999123994872058496e-01 1.999124304844643041e-01 1.999123974772072654e-01 1.999123459086289967e-01 1.999123794894770156e-01
1.999999175570726373e-01 1.999999165027764036e-01 1.999999398170073939e-01 1.999999333256394507e-01 1.999999416825748721e-01
1.999119815714399950e-01 1.999119641290212912e-01 1.999119791534775259e-01 1.999119956756867100e-01 1.999119734731637232e-01
1.981889054488748247e-01 1.981888945877176011e-01 1.981888301121269569e-01 1.981888201174140940e-01 1.981888122767918592e-01
1.921423697265896013e-01 1.921423931711991884e-01 1.921422973183438410e-01 1.921422313109569235e-01 1.921422613578074867e-01
1.983532429460542479e-01 1.983532715842811212e-01 1.983532358346930258e-01 1.983531904860705575e-01 1.983532153130205256e-01
2.000000031854685667e-01 2.000000038503327304e-01 2.000000029793094491e-01 2.000000029231347454e-01 2.000000034289138306e-01
1.987469396067665928e-01 1.987469251006150628e-01 1.987469147444069495e-01 1.987469348499123212e-01 1.987469089691426827e-01
1.701678962572361065e-01 1.701678818489041622e-01 1.701677962686762302e-01 1.701677862110193284e-01 1.701677819122202895e-01
4.009811795373884741e-02 4.009811046533122425e-02 4.009803503241819028e-02 4.009800955135752604e-02 4.009802832155806573e-02
3.085326744908265060e-03 3.085324014446097062e-03 3.085319190391435686e-03 3.085320155891278955e-03 3.085320607388108462e-03
