1.744541965820692320e-01 1.744534565780305191e-01 1.744509904138680789e-01 1.744500943617093847e-01 1.744520462631871660e-01
2.213907335270080268e-01 2.213876255972719032e-01 2.213778159104920207e-01 2.213744724042145950e-01 2.213823301358347762e-01
2.039099574127335446e-01 2.038972159882370683e-01 2.038558395213879715e-01 2.038414776284659946e-01 2.038733926532458884e-01
2.007997223124001751e-01 2.007614122579664817e-01 2.006640656399173717e-01 2.006331864276219845e-01 2.007122629083114285e-01
2.009039816672681666e-01 2.008173968979944657e-01 2.005874136327039647e-01 2.005130483079269610e-01 2.006987706110251735e-01
2.037538868793643265e-01 2.035135171298827483e-01 2.027828961990163492e-01 2.025410371558221401e-01 2.031169656606804375e-01
2.145313252308616025e-01 2.137719261526257464e-01 2.114115951677034144e-01 2.106266350783773389e-01 2.125251903333636727e-01
2.477296554111169391e-01 2.451119454056250313e-01 2.368163240055218832e-01 2.340897800259252037e-01 2.406366140952050925e-01
2.917115220259267616e-01 2.860175828884655713e-01 2.746973132575767917e-01 2.719888685431974262e-01 2.818653902860933647e-01
2.485544935184618165e-01 2.417470933509400510e-01 2.367669812896159021e-01 2.358196233435695399e-01 2.414292248913529337e-01
2.274614795713227056e-01 2.133144133742028159e-01 2.113481939243875285e-01 2.111747426150995810e-01 2.136546316386654931e-01
2.042671163170867998e-01 2.027806693168761609e-01 2.033053186152564140e-01 2.033261746956527005e-01 2.028379090570190391e-01
2.009837268920042774e-01 2.010129313022557818e-01 2.010805203807881636e-01 2.010560638683716872e-01 2.009712408505189285e-01
2.005863017113955760e-01 2.005724315564565152e-01 2.004742247205123507e-01 2.004359019456080082e-01 2.005136654022935117e-01
2.001284479507532688e-01 2.001007471756810763e-01 2.000808417196841826e-01 2.000722359035216891e-01 2.000967386188375607e-01
1.999189412278079003e-01 1.999047443736328422e-01 1.999031812128483909e-01 1.998998332233051234e-01 1.999023832113835941e-01
1.998524793991899862e-01 1.998496126833096409e-01 1.998497881040984248e-01 1.998500715586987164e-01 1.998498338345635339e-01
2.003295903401714206e-01 2.003292949436345227e-01 2.003292045086383089e-01 2.003288846897831044e-01 2.003286458861757435e-01
2.038150047509313390e-01 2.038146136311860257e-01 2.038142408343702194e-01 2.038140427029739299e-01 2.038143161730690545e-01
2.214556232682550196e-01 2.214555714290259991e-01 2.214554273793405137e-01 2.214553744696191040e-01 2.214554934010929121e-01
1.744774158939037811e-01 1.744774036771038206e-01 1.744773406907698665e-01 1.744773158173466565e-01 1.744773645924808658e-01
