1.982013464984753726e-01 2.061996770458634776e-01 2.030486551739122125e-01 2.030486601691649795e-01 2.061996785075840555e-01
2.289297055026124350e-01 2.360480640305563094e-01 2.312494529584664671e-01 2.312494616523787239e-01 2.360480694921853195e-01
2.141570210610121427e-01 2.148500372516067014e-01 2.190824415059280383e-01 2.190824443597025051e-01 2.148500441868083644e-01
2.350582826368205758e-01 2.232681391039847418e-01 2.329346170483653500e-01 2.329346124475345781e-01 2.232681434573944024e-01
2.097636877255534271e-01 2.102028806586724030e-01 2.038813325562699730e-01 2.038813457339705981e-01 2.102028956771440360e-01
2.300064480795070143e-01 2.437522314932186185e-01 2.343389083866627975e-01 2.343389292815097058e-01 2.437522430197515411e-01
2.340050625116956162e-01 2.267263544733669478e-01 2.121723235238779925e-01 2.121723418289993557e-01 2.267263753267812487e-01
2.321539133614864692e-01 2.361193957910837082e-01 2.278925407623779154e-01 2.278925360916675413e-01 2.361194069121421713e-01
2.351481603643342522e-01 2.590223250868332050e-01 2.401102384796496014e-01 2.401102407520491755e-01 2.590223304711700703e-01
2.388542673047330533e-01 2.308316311675480126e-01 2.161696116239045229e-01 2.161696387120607132e-01 2.308316621189776541e-01
4.327436256417465654e-01 2.456669984797259787e-01 2.658814676680820166e-01 2.658814900466220932e-01 2.456670155221873098e-01
2.388542281945176537e-01 2.308315846890910961e-01 2.161695758026151160e-01 2.161695884164303305e-01 2.308316092628413529e-01
2.351482256827129580e-01 2.590223605951443298e-01 2.401103131325669215e-01 2.401103016026557291e-01 2.590223696725260094e-01
2.321538542925275228e-01 2.361193525010953365e-01 2.278924567487507213e-01 2.278924652043319565e-01 2.361193612448942714e-01
2.340050906656331309e-01 2.267264059072840177e-01 2.121723411679157512e-01 2.121723687449495743e-01 2.267264272075163456e-01
2.300064467733272111e-01 2.437522479256275520e-01 2.343388931882186832e-01 2.343389131750139298e-01 2.437522578026965758e-01
2.097636700847036462e-01 2.102028631737109521e-01 2.038813178944749449e-01 2.038813205610624790e-01 2.102028702866112209e-01
2.350583168186047012e-01 2.232681289565556504e-01 2.329346353122976609e-01 2.329346253766466646e-01 2.232681377526046784e-01
2.141570087534403755e-01 2.148500210303815605e-01 2.190824004271325620e-01 2.190824090849522732e-01 2.148500309871456959e-01
2.289297046675054792e-01 2.360480830084434323e-01 2.312494487977788393e-01 2.312494596914966005e-01 2.360480875669178913e-01
1.982013406505709896e-01 2.061996847636571040e-01 2.030486471561503969e-01 2.030486520993336208e-01 2.061996847717431081e-01
