1.774978380843429682e-01 1.774923196053161401e-01 1.774815928454045733e-01 1.774806417725688368e-01 1.774907150833268665e-01
2.332349993579218295e-01 2.332118095552001280e-01 2.331672140685162875e-01 2.331632613057386949e-01 2.332051128973251786e-01
2.446192714264912582e-01 2.445467173214376511e-01 2.444057664455299983e-01 2.443926790518128056e-01 2.445246940386490708e-01
2.883966675043412309e-01 2.881488643976575226e-01 2.876592761574176538e-01 2.876163687369996391e-01 2.880763334352287042e-01
2.416075228212423709e-01 2.413637529653518965e-01 2.408677949900113746e-01 2.408243857942122812e-01 2.412888671551838282e-01
2.120998423705755531e-01 2.119805213104822006e-01 2.118081305771126743e-01 2.117950588151980285e-01 2.119561177467094437e-01
2.033578774166021896e-01 2.031730254203080455e-01 2.029256793647812307e-01 2.029217899522059165e-01 2.031622640735560592e-01
2.026378420086902277e-01 2.024163890961352963e-01 2.013818160833415194e-01 2.013795768040049783e-01 2.024025373807307460e-01
2.054577105747708854e-01 2.054616896400294768e-01 2.038255849980588341e-01 2.038103510827536102e-01 2.054201135657826027e-01
2.398863608741096387e-01 2.122589037740350293e-01 2.099267657651366359e-01 2.098623123070925967e-01 2.121119081885896873e-01
8.722505162647885557e-01 2.482681519445442131e-01 2.146027590559238807e-01 2.144154091708292131e-01 2.478188165246886510e-01
2.436100032675161398e-01 2.195383298668418248e-01 2.178006139657680806e-01 2.173803134162446693e-01 2.185244870943470752e-01
2.343201793397440003e-01 2.362496044472118528e-01 2.332866985605467347e-01 2.320424454927665081e-01 2.339122637029523444e-01
2.640028992918748152e-01 2.669447829152685747e-01 2.664816126840198196e-01 2.646766138756379005e-01 2.633360172184570080e-01
2.409413578383502175e-01 2.434816585409738943e-01 2.437244520989443330e-01 2.436795021683613727e-01 2.419808065665013663e-01
2.222868045402444093e-01 2.237569899492542758e-01 2.243356757816061253e-01 2.256100100798641428e-01 2.247228557456026621e-01
2.162439623960384638e-01 2.177179057301145970e-01 2.196254576056138330e-01 2.202321005524021102e-01 2.183308143525562739e-01
2.071875865577219034e-01 2.074613294938240649e-01 2.078843599252410967e-01 2.080063702911780499e-01 2.075561169709223830e-01
2.056144817338408093e-01 2.056985313412083016e-01 2.058309883317136213e-01 2.058861054681186409e-01 2.057298365374251037e-01
2.217772922022597237e-01 2.218065386886300117e-01 2.218425971946737241e-01 2.218527342349114750e-01 2.218146494551808401e-01
1.745388098185793879e-01 1.745442283651079951e-01 1.745515777976535954e-01 1.745529419915498870e-01 1.745454155461685919e-01
