2.019812521001482231e-01 2.019812521074713096e-01 2.019812521384230786e-01 2.019812521149736140e-01
2.289834837543848478e-01 2.289834837479088336e-01 2.289834837539202472e-01 2.289834836942502283e-01
1.936176704056559172e-01 1.936176703766757934e-01 1.936176703861837711e-01 1.936176703322574910e-01
1.898371638419774354e-01 1.898371638010435125e-01 1.898371637747169327e-01 1.898371637896468511e-01
2.046247979871040068e-01 2.046247979644160442e-01 2.046247979407785633e-01 2.046247979301347164e-01
2.122524044626026563e-01 2.122524044394009102e-01 2.122524043249548464e-01 2.122524043209609579e-01
2.048407154212768533e-01 2.048407153983230478e-01 2.048407153788620039e-01 2.048407153119707613e-01
1.892849852225333140e-01 1.892849851948398276e-01 1.892849852420232237e-01 1.892849851943685380e-01
1.889105059631123740e-01 1.889105059639076267e-01 1.889105060312349926e-01 1.889105059917727258e-01
2.044453577572159508e-01 2.044453577570632674e-01 2.044453578416885742e-01 2.044453578154148410e-01
2.121651120100970234e-01 2.121651120171885174e-01 2.121651120737734764e-01 2.121651120809934232e-01
2.045189131730104359e-01 2.045189131953818185e-01 2.045189132180477709e-01 2.045189132300681556e-01
1.891394389587970903e-01 1.891394389810470145e-01 1.891394390079213506e-01 1.891394390193681108e-01
1.893982153500801957e-01 1.893982153718341832e-01 1.893982154065086965e-01 1.893982154251634686e-01
2.047095527259740200e-01 2.047095527469892096e-01 2.047095527633316370e-01 2.047095527826882089e-01
2.119643438063423535e-01 2.119643438243250799e-01 2.119643438370667210e-01 2.119643438580942063e-01
2.046129562935115886e-01 2.046129563109758409e-01 2.046129563229373005e-01 2.046129563440312882e-01
1.896267451578959595e-01 1.896267451686304562e-01 1.896267451786667613e-01 1.896267451958260353e-01
1.896288822508499783e-01 1.896288822590645462e-01 1.896288822626503445e-01 1.896288822690625486e-01
1.665873853903527546e-01 1.665873853903258039e-01 1.665873853906939539e-01 1.665873853938991678e-01
1.887011789595640851e-02 1.887011789530281328e-02 1.887011789470395204e-02 1.887011789523437497e-02
