4.183773549533608728e-03 4.183781501080698767e-03 4.183773322408722989e-03 4.183781415920239354e-03
3.840019860653222372e-02 3.840026574078940491e-02 3.840019531846987355e-02 3.840026446806732441e-02
7.528192604519819142e-02 7.528211657316044580e-02 7.528187919967779806e-02 7.528209665492774372e-02
1.278944772251683903e-01 1.278946192474205434e-01 1.278942980170671151e-01 1.278945417542775853e-01
1.998198957773548723e-01 1.998198741490532226e-01 1.998198176137822024e-01 1.998198398786543706e-01
2.085779625650301672e-01 2.085778656899366090e-01 2.085779587445559802e-01 2.085778634310008206e-01
1.724564206780848652e-01 1.724564340375547289e-01 1.724564179757578919e-01 1.724564323662253207e-01
1.211308768303685918e-01 1.211310925820552747e-01 1.211308133784043256e-01 1.211310670968450270e-01
1.322569388520374034e-01 1.322570966041386464e-01 1.322566870516573012e-01 1.322569974278212934e-01
1.997141370366589119e-01 1.997141046426246513e-01 1.997140169310847313e-01 1.997140570671810944e-01
2.111299463091084461e-01 2.111298272681677302e-01 2.111299290004501339e-01 2.111298199880391191e-01
1.939307605141820934e-01 1.939307628655730920e-01 1.939307591750543680e-01 1.939307618122742827e-01
1.303985567552073677e-01 1.303988291994937210e-01 1.303986841289625220e-01 1.303988788247009423e-01
1.333063757869756560e-01 1.333067690164522201e-01 1.333068915867670345e-01 1.333069718625330413e-01
1.999807754499552670e-01 1.999808547831481154e-01 1.999809830497788488e-01 1.999809364731943429e-01
2.117153817868674959e-01 2.117152828621797767e-01 2.117153688734851325e-01 2.117152777376806183e-01
1.989446539919793311e-01 1.989446547259167142e-01 1.989446541075585162e-01 1.989446548503440437e-01
1.307850768504560668e-01 1.307854085577807857e-01 1.307855366912739070e-01 1.307855925568191247e-01
1.302505076566776721e-01 1.302512790733378611e-01 1.302523968784371211e-01 1.302520351298339374e-01
1.611981023169286875e-01 1.611984250863847390e-01 1.611989504024184394e-01 1.611987644711087575e-01
1.864078248367975754e-02 1.864080830459676277e-02 1.864084170843422969e-02 1.864083199822369474e-02
