1.744413616229316122e-01 1.744413616456743643e-01 1.744413617851749421e-01 1.744413618746316341e-01 1.744413618621156459e-01
2.213719290364552506e-01 2.213719287775092193e-01 2.213719290728568267e-01 2.213719293012021416e-01 2.213719292434621622e-01
2.038031042100727774e-01 2.038031034994818580e-01 2.038031035442254002e-01 2.038031037244343036e-01 2.038031034561208210e-01
2.004507868751325139e-01 2.004507861939931745e-01 2.004507857380203040e-01 2.004507856731026494e-01 2.004507849138388587e-01
2.000567380916038196e-01 2.000567368420247683e-01 2.000567357998580265e-01 2.000567347737612356e-01 2.000567334523664920e-01
2.000772730132228394e-01 2.000772704154497872e-01 2.000772669896997979e-01 2.000772642515765143e-01 2.000772625367333024e-01
2.000685208849204699e-01 2.000685175941579463e-01 2.000685117557805259e-01 2.000685063160626276e-01 2.000685015553036739e-01
2.000058936304451862e-01 2.000058885243827245e-01 2.000058718529160451e-01 2.000058633715815215e-01 2.000058542327990407e-01
1.999108037159462448e-01 1.999107952310095748e-01 1.999107945468704128e-01 1.999107821251299433e-01 1.999107770466415357e-01
1.998118850067255592e-01 1.998118751615520217e-01 1.998119119870390425e-01 1.998118991183920612e-01 1.998118987880000974e-01
1.998125618262044101e-01 1.998125578156326743e-01 1.998126006178363445e-01 1.998125978072393671e-01 1.998126042381574985e-01
1.999117820060022366e-01 1.999117893109259303e-01 1.999118204583275049e-01 1.999118257049498082e-01 1.999118302086889398e-01
2.000029272951293902e-01 2.000029389589751960e-01 2.000029477063018091e-01 2.000029533057834930e-01 2.000029558045646749e-01
2.000458698720137263e-01 2.000458771969432503e-01 2.000458732202241852e-01 2.000458762168674798e-01 2.000458780666256597e-01
2.000101121268674786e-01 2.000101150312263987e-01 2.000101143217702104e-01 2.000101163565340123e-01 2.000101172360531365e-01
1.998805176347484558e-01 1.998805183344390946e-01 1.998805258303748555e-01 1.998805275578150187e-01 1.998805274296498458e-01
2.000402025902888736e-01 2.000402028987285363e-01 2.000402056625567859e-01 2.000402053991900131e-01 2.000402063640153716e-01
2.002582159840583798e-01 2.002582161632154301e-01 2.002582177411768027e-01 2.002582175308132983e-01 2.002582180009737645e-01
2.006158896674745118e-01 2.006158897808754393e-01 2.006158903785308367e-01 2.006158901937961925e-01 2.006158904182462344e-01
1.714658678920816803e-01 1.714658679200145586e-01 1.714658674684814976e-01 1.714658671757248176e-01 1.714658674779509784e-01
2.795771470613891974e-02 2.795771470888567048e-02 2.795771458070642201e-02 2.795771455012416307e-02 2.795771458683934951e-02
