2.020379465756039494e-01 2.020377031843059168e-01 2.020380415367502569e-01 2.020381252665300886e-01
2.291553479339747679e-01 2.291548700131771921e-01 2.291555304709377017e-01 2.291551255449211233e-01
1.937142025037865423e-01 1.937141289056528437e-01 1.937144157810136713e-01 1.937115844597716019e-01
1.895988767201042535e-01 1.895985256384373763e-01 1.895989679832356667e-01 1.895925585582698136e-01
2.046132549622820818e-01 2.046121653680971209e-01 2.046137435539386318e-01 2.046059535241800120e-01
2.128529759674579747e-01 2.128527112709183433e-01 2.128548256534835426e-01 2.128490535850273702e-01
2.074035651425181481e-01 2.074070087431326148e-01 2.074124993886474477e-01 2.074109070342700922e-01
1.989347389832662460e-01 1.989463711156644610e-01 1.989771032617811131e-01 1.989654586555631433e-01
1.995853033626747153e-01 1.995957107087966975e-01 1.995606323924209446e-01 1.995475769307247793e-01
2.089080984372759797e-01 2.089151271571311197e-01 2.089793364752438876e-01 2.089606472866366582e-01
2.186768043202047263e-01 2.186789807767114679e-01 2.187822997596686470e-01 2.187325009951469890e-01
2.283687522491698041e-01 2.284815651197860120e-01 2.289688494518654360e-01 2.288278762690932888e-01
2.680893804417938675e-01 2.684655374105075487e-01 2.698540803970282953e-01 2.695221446442717661e-01
2.685746445280348116e-01 2.686962427724037261e-01 2.691268661605338286e-01 2.690310763680285322e-01
2.283099354721895013e-01 2.283371369370918169e-01 2.284687381493073766e-01 2.284399406479144801e-01
2.178088356439662199e-01 2.178146564718632661e-01 2.178613201778756558e-01 2.178455990751135829e-01
2.058322269951437800e-01 2.058376628691730714e-01 2.058395323177098779e-01 2.058516296373208709e-01
1.905271571678092968e-01 1.905222329334184950e-01 1.904393201346584463e-01 1.905350676655718778e-01
1.941693467992924305e-01 1.938185519232017984e-01 1.935445247642114952e-01 1.938214342137524748e-01
2.284279043605239312e-01 2.274254540556058524e-01 2.287865906943384320e-01 2.274263682882298743e-01
1.984230817800403113e-01 2.009277034407295770e-01 2.137717874996253320e-01 2.009279381826242494e-01
