1.883063970624111044e-02 1.882890162010452534e-02 1.882733923552382116e-02 1.882890127151404941e-02
1.657597869406904345e-01 1.657359499565191352e-01 1.657127311331784703e-01 1.657359454471402094e-01
1.806856506809116358e-01 1.804842506513025802e-01 1.802856206803775951e-01 1.804842484585457707e-01
1.814285003496323434e-01 1.807543921651104668e-01 1.800931296864580200e-01 1.807544242159394299e-01
2.041785803117609766e-01 2.039071297334549282e-01 2.036522365358193198e-01 2.039071491515675738e-01
2.118363740741022738e-01 2.118506184950919857e-01 2.118615493388870119e-01 2.118506036658660552e-01
2.025848264693707879e-01 2.025380730491659065e-01 2.024669064664074147e-01 2.025380394937221773e-01
1.667630322739044324e-01 1.656974724059998016e-01 1.646353289427580358e-01 1.656974724147299849e-01
1.697432520583670168e-01 1.657173032952105329e-01 1.618083428730972273e-01 1.657174399301122036e-01
2.040285911476380776e-01 2.023171979035728318e-01 2.007679871202298627e-01 2.023172933579258925e-01
2.120132336354157987e-01 2.120260338227568098e-01 2.120519769441683855e-01 2.120260330818915517e-01
2.025427121343948422e-01 2.024271029042319370e-01 2.021611925402267973e-01 2.024271072694124041e-01
1.660090234717286617e-01 1.621581557985408151e-01 1.582973777835387785e-01 1.621583027531484367e-01
1.749619498161285036e-01 1.600669641826350242e-01 1.458494523324888048e-01 1.600675584248586747e-01
2.041700818556387298e-01 1.977573042094885325e-01 1.923909409742856624e-01 1.977575597260435580e-01
2.114230431170270319e-01 2.113583665240832410e-01 2.116573085719769265e-01 2.113583755586266877e-01
2.037000597833187321e-01 2.035376161010853946e-01 2.027680482915275861e-01 2.035376176489415434e-01
1.825336590496984268e-01 1.730128262351759705e-01 1.625950999679256492e-01 1.730131296040827993e-01
1.913105054989848730e-01 1.517735079957679423e-01 1.120094622307190452e-01 1.517747865278786523e-01
1.426978876097711180e-01 1.153032737824295356e-01 8.610742996636515378e-02 1.153038598083845068e-01
2.102188367635920638e-02 1.386624028220880683e-02 3.536444703485293155e-03 1.386629109521297920e-02
