1.864075348143171343e-02 1.864141755921929974e-02 1.864083251629796573e-02 1.864097725849934301e-02
1.612013567463716213e-01 1.612084031932290162e-01 1.612023254493755164e-01 1.612020907000452086e-01
1.303538563093953329e-01 1.303316733502479507e-01 1.302750327272853836e-01 1.303176076628738966e-01
1.311577356609908984e-01 1.309874542375351336e-01 1.307942166383081473e-01 1.309840071998960576e-01
1.993300871754820902e-01 1.992491768372595395e-01 1.991695484661580862e-01 1.992491537623889419e-01
2.117578925896547171e-01 2.117470043091422838e-01 2.117489606411910863e-01 2.117470861480281186e-01
1.999761021724587862e-01 1.999809118073460901e-01 1.999817575511507461e-01 1.999793589891910306e-01
1.333210921426052353e-01 1.333458206647276656e-01 1.333333934613292193e-01 1.333419818334402596e-01
1.310468339534280602e-01 1.310599546907865731e-01 1.310408262032839999e-01 1.310589873078241985e-01
1.954197168319962707e-01 1.954153092699158212e-01 1.954262588642787790e-01 1.954153020452040757e-01
2.113243305085090729e-01 2.113010593054059916e-01 2.113178213401646632e-01 2.113011723835733213e-01
1.997276458069214278e-01 1.997236559713953530e-01 1.997104516946418273e-01 1.997244741456609129e-01
1.322238081222780470e-01 1.324566566096664622e-01 1.326013811922547581e-01 1.324583743407851122e-01
1.218899245473098192e-01 1.227704845071188877e-01 1.236028301037914445e-01 1.227709124699925131e-01
1.754093598100781581e-01 1.759419156808229301e-01 1.766050630705142122e-01 1.759419263219255125e-01
2.088977916673060153e-01 2.089909474781305732e-01 2.092828478541719217e-01 2.089909631639942089e-01
1.998308371356548874e-01 1.998154063526449697e-01 1.997569515683750574e-01 1.998158861304691059e-01
1.279519379444807314e-01 1.276768025369594828e-01 1.269529360126623319e-01 1.276779208332477766e-01
7.442538844038654178e-02 7.290188377461465086e-02 7.080251520888126981e-02 7.290221142435258928e-02
3.434419191606070260e-02 3.328881300040309466e-02 3.177944455224006315e-02 3.328884993311384544e-02
3.875924725332878604e-03 3.601424340988605612e-03 3.021190971249641463e-03 3.601426692188018294e-03
