1.884719122189402671e-02 1.884740467954319418e-02 1.884755878647198513e-02 1.884740487938641254e-02
1.662037720172907240e-01 1.662066193836581607e-01 1.662089516430299008e-01 1.662066174001324836e-01
1.858554516932545420e-01 1.858580127384344693e-01 1.858590706375063406e-01 1.858580072805744166e-01
1.861561571610974297e-01 1.861415799047767550e-01 1.861258996808213551e-01 1.861415861520411830e-01
2.042847306947491448e-01 2.042786150395594358e-01 2.042738891557520642e-01 2.042786173742321409e-01
2.111329495959486657e-01 2.111354322931584537e-01 2.111403627695912499e-01 2.111354318168083000e-01
1.924098587178990072e-01 1.924372921687792781e-01 1.924633318117466851e-01 1.924372582964757605e-01
8.149351241860747219e-02 8.149504721606801172e-02 8.148897393723310290e-02 8.149500778521524824e-02
8.089684169132514702e-02 8.065078806938207057e-02 8.040183604562758934e-02 8.065092842443051524e-02
1.912458905943878462e-01 1.911203477635877446e-01 1.910216611857943891e-01 1.911204191799524277e-01
2.105286801772251193e-01 2.104795016861682744e-01 2.104740829887982445e-01 2.104795121040324568e-01
1.939682653285399183e-01 1.939251221425178917e-01 1.938684472815327686e-01 1.939251396954848883e-01
8.578479187993767741e-02 8.649432084484851013e-02 8.709816834836568711e-02 8.649434244394936522e-02
7.739243546727662959e-02 8.067266881182964811e-02 8.392730137185896999e-02 8.067264233258673867e-02
1.769309524083895191e-01 1.791800528437553497e-01 1.818190648215279870e-01 1.791800376743966083e-01
2.090481440489850296e-01 2.096326284902152448e-01 2.107547627424166403e-01 2.096326277301804319e-01
2.038626511091728710e-01 2.038096617430194268e-01 2.033464557156316743e-01 2.038096630867858861e-01
1.775877380138030648e-01 1.744919435775330596e-01 1.693625744420673152e-01 1.744919506455699376e-01
1.295982786434043965e-01 1.154460123588421927e-01 9.873274654223931912e-02 1.154460271348725087e-01
3.426303771391386171e-02 2.677429210892947817e-02 1.738023510028785870e-02 2.677429901576565061e-02
3.783415578583831061e-03 2.684395558093721854e-03 6.062225871485690332e-04 2.684396353511662135e-03
