1.880203714952817518e-02 1.880162511921833202e-02 1.880125911090545568e-02 1.880162468511048512e-02
1.650843199487928570e-01 1.650786779226524614e-01 1.650732311877829150e-01 1.650786718476761061e-01
1.732865493960647763e-01 1.732392001902171574e-01 1.731926312689140712e-01 1.732391800785005043e-01
1.738753796239941862e-01 1.737172455058636766e-01 1.735620646959291913e-01 1.737172116561396529e-01
2.034709410252357464e-01 2.034070789683172231e-01 2.033467170630239573e-01 2.034070614671618094e-01
2.118413461978327361e-01 2.118444844955462147e-01 2.118466529859826808e-01 2.118444777735549178e-01
2.011598128885555281e-01 2.011493472944617944e-01 2.011337794433313009e-01 2.011493388746306565e-01
1.495095248562280932e-01 1.492696961860090210e-01 1.490315419466335112e-01 1.492696852132369134e-01
1.504495831769069036e-01 1.495431775041384526e-01 1.486623599350605229e-01 1.495431727539258404e-01
2.017604914261235949e-01 2.013720983955735733e-01 2.010164622202846307e-01 2.013720923460412815e-01
2.120679233969235133e-01 2.120682944394194080e-01 2.120690872991451981e-01 2.120682946262066049e-01
2.013508210428877343e-01 2.013267307845610643e-01 2.012739846447496872e-01 2.013267308548880308e-01
1.495701082672933335e-01 1.487638906603974409e-01 1.479647509606466238e-01 1.487638917568357422e-01
1.515376088055683801e-01 1.484182642836166244e-01 1.454383281985990595e-01 1.484182708380813454e-01
2.023301577861349454e-01 2.009321791224458198e-01 1.997234880451120298e-01 2.009321818814358840e-01
2.119055334460214768e-01 2.118613750660975903e-01 2.118836419655805992e-01 2.118613751207228113e-01
2.033572638829502510e-01 2.033268055155204035e-01 2.032443418714698358e-01 2.033268056387984579e-01
1.741486678979888569e-01 1.724945282910118616e-01 1.705855899443430024e-01 1.724945330856495762e-01
1.797999686740320846e-01 1.720596606909101933e-01 1.630122457226791111e-01 1.720596807928703731e-01
1.764767239783720798e-01 1.642616986681915969e-01 1.480779793045916837e-01 1.642617078080219895e-01
2.517460237781880827e-02 1.946772920773655671e-02 9.292989581590816936e-03 1.946772994696126247e-02
