1.879972049236671577e-02 1.879967042029611485e-02 1.879962584553039259e-02 1.879967016963453308e-02
1.650320932323302570e-01 1.650314078466693368e-01 1.650307443119463924e-01 1.650314042356011146e-01
1.727232778416955272e-01 1.727175095443460040e-01 1.727118332799848777e-01 1.727175014742418080e-01
1.732283222536220579e-01 1.732090391839797849e-01 1.731901182735694489e-01 1.732090372158703040e-01
2.033775075058215642e-01 2.033697164371461030e-01 2.033623486736764185e-01 2.033697163785863626e-01
2.118437329184193196e-01 2.118441123970203066e-01 2.118443714248540166e-01 2.118441123298703266e-01
2.010695887664071257e-01 2.010683219899943863e-01 2.010664422729893375e-01 2.010683203965013821e-01
1.483396044714313800e-01 1.483105221527591944e-01 1.482816556583055057e-01 1.483105187348065235e-01
1.487021049218354429e-01 1.485921739528751895e-01 1.484853355876824543e-01 1.485921742457634587e-01
2.013562187720499552e-01 2.013090622702213839e-01 2.012658214222541597e-01 2.013090627048481074e-01
2.120695185374544822e-01 2.120695234773985194e-01 2.120695462325137282e-01 2.120695232324784352e-01
2.013053046504961474e-01 2.013024141393023880e-01 2.012961349505243691e-01 2.013024138328905199e-01
1.485948446419889102e-01 1.484980592036080904e-01 1.484022030525536384e-01 1.484980601518045840e-01
1.485889067203711167e-01 1.482141183702286591e-01 1.478557329235953566e-01 1.482141231644058810e-01
2.012277562271630460e-01 2.010571328529754398e-01 2.009088399633286448e-01 2.010571350916257050e-01
2.118591378506170519e-01 2.118531473974780976e-01 2.118592535257397269e-01 2.118531475862380498e-01
2.033636248741669816e-01 2.033600327679984110e-01 2.033600287625564884e-01 2.033600329681863605e-01
1.732664868142488879e-01 1.730903316943575576e-01 1.728542423865334354e-01 1.730903344024742885e-01
1.738242282242845604e-01 1.728252120399160763e-01 1.714251376007558947e-01 1.728252222631358470e-01
1.679887634051711875e-01 1.652946792212277305e-01 1.614516013374245329e-01 1.652946840657439631e-01
2.037767693814940273e-02 1.891139481134335859e-02 1.608539010025603067e-02 1.891139553749933422e-02
