2.019807849822339296e-01 2.019807841357226519e-01 2.019807839575466502e-01 2.019807842991170888e-01
2.289430514521333393e-01 2.289430496638010237e-01 2.289430503446011345e-01 2.289430496214542032e-01
1.935637643976653166e-01 1.935637627676624062e-01 1.935637640459891007e-01 1.935637619792338338e-01
1.898398896906882405e-01 1.898398914378587876e-01 1.898398884240942164e-01 1.898398905688994942e-01
2.045926933311286722e-01 2.045926989942219165e-01 2.045926900579372598e-01 2.045926983326609161e-01
2.120927926810682596e-01 2.120927871049957114e-01 2.120927982498678199e-01 2.120927867974500003e-01
2.046133987991219372e-01 2.046134068805164630e-01 2.046136038969982585e-01 2.046134070328765875e-01
1.893733237787455781e-01 1.893734973888978879e-01 1.893737321578012611e-01 1.893734971072660589e-01
1.893709169485638388e-01 1.893718676418112978e-01 1.893713954022539225e-01 1.893718675559291076e-01
2.045954019388303291e-01 2.045965439395966701e-01 2.045947595386513884e-01 2.045965439742429282e-01
2.120740328742396485e-01 2.120719233627924305e-01 2.120737280706079253e-01 2.120719233540866999e-01
2.045946984034641702e-01 2.045954633469746764e-01 2.046343680451971903e-01 2.045954634660953342e-01
1.893788868784868351e-01 1.894123660520458940e-01 1.894561086858848886e-01 1.894123662199475866e-01
1.894092652245343844e-01 1.896182172901153540e-01 1.895353328240234891e-01 1.896182175986895202e-01
2.048219783182813614e-01 2.050155823618270423e-01 2.046311939155271709e-01 2.050155825708969426e-01
2.129948065800127410e-01 2.124109337483502669e-01 2.127117882327489440e-01 2.124109338791731194e-01
2.045934763227442443e-01 2.046319942823613403e-01 2.123799108457948837e-01 2.046319943371305294e-01
1.911031660662431408e-01 1.977586273097095282e-01 2.048003693810092063e-01 1.977586272651771226e-01
1.992618534669102770e-01 2.411242520641215248e-01 2.174600800907169340e-01 2.411242522768458352e-01
2.700252231324067886e-01 2.720206816047402998e-01 1.756648420191612159e-01 2.720206816999247712e-01
3.056418635226377245e-01 1.693563306424091808e-01 9.208512202931508073e-01 1.693563307727499745e-01
