2.101128972388265070e-01 2.101098332016156367e-01 2.101225686661030989e-01 2.101047409172496494e-01 2.101206580535813495e-01
2.321734004744268887e-01 2.321723544772222037e-01 2.321761161275190388e-01 2.321707762498045891e-01 2.321753241084662245e-01
2.139865687923074022e-01 2.139889696399452090e-01 2.139786629041697252e-01 2.139924127736536341e-01 2.139797548889901813e-01
2.319731186137340695e-01 2.319772904927534518e-01 2.319607934617672895e-01 2.319831393313604440e-01 2.319631791915570673e-01
2.000101430307621442e-01 2.000100185521132556e-01 2.000105285492786433e-01 2.000098377791814375e-01 2.000104411360947299e-01
2.306293358637155344e-01 2.306153353835974085e-01 2.306757766586010339e-01 2.305914759322085505e-01 2.306667143869798042e-01
2.086997614934021639e-01 2.086988963157612453e-01 2.087019885380872186e-01 2.086977845863050296e-01 2.087010077861273516e-01
2.071815113429909538e-01 2.071890209991122944e-01 2.071571497094555347e-01 2.072009046086639161e-01 2.071612023415838055e-01
2.204210245302303806e-01 2.204294794907753763e-01 2.203953049120715990e-01 2.204423543013227238e-01 2.204003454158367514e-01
2.000357834246562216e-01 2.000353781974645584e-01 2.000371389459193738e-01 2.000346814831052700e-01 2.000368680639394159e-01
2.190095816678870877e-01 2.189912580670025644e-01 2.190708442158562086e-01 2.189600379854054202e-01 2.190590626525342477e-01
2.048958499803827937e-01 2.048953578728456570e-01 2.048971096404595404e-01 2.048947716705213362e-01 2.048964371010576491e-01
2.032641772432180194e-01 2.032721808303015187e-01 2.032379023188743972e-01 2.032851917214524295e-01 2.032424710530199019e-01
2.079542525687478050e-01 2.079618462775949805e-01 2.079302533766951289e-01 2.079738858425782266e-01 2.079348773466229705e-01
2.000795960736408141e-01 2.000788814260011372e-01 2.000819819073198502e-01 2.000776379593256216e-01 2.000815101683603991e-01
2.068147984084457991e-01 2.068009277527619316e-01 2.068612171674973910e-01 2.067773821094007480e-01 2.068524196523356395e-01
2.014040349209215153e-01 2.014038863915453559e-01 2.014043768432801085e-01 2.014037321253951407e-01 2.014041642307118907e-01
2.008884959047768648e-01 2.008922792311177985e-01 2.008759988259268547e-01 2.008985331254498630e-01 2.008782591015501329e-01
2.043257237973980234e-01 2.043280706563146421e-01 2.043181239784248038e-01 2.043318991435797427e-01 2.043195758125313233e-01
2.214288770219541569e-01 2.214280021108982199e-01 2.214318588075776806e-01 2.214264919136537946e-01 2.214312966369211266e-01
1.747051917086569206e-01 1.747022534833835850e-01 1.747149613484754449e-01 1.746973277358667420e-01 1.747131297214797596e-01
