2.795075456065681738e-02 2.795095616160462801e-02 2.795100305942895685e-02 2.795100305678701463e-02 2.795095616350401491e-02
1.714469084439260438e-01 1.714475024344506993e-01 1.714474049589150284e-01 1.714474049421133572e-01 1.714475024187439300e-01
2.005909864768251061e-01 2.005937403976158218e-01 2.005938367820773449e-01 2.005938367655276111e-01 2.005937403299239974e-01
2.001993721429059514e-01 2.002168475300719064e-01 2.002270449103541461e-01 2.002270448839260641e-01 2.002168473513206426e-01
1.998444866939158293e-01 1.998993935066471217e-01 1.999769484790825114e-01 1.999769484065826164e-01 1.998993932697187559e-01
1.996581421595968464e-01 1.996032213803525523e-01 1.996541190680030942e-01 1.996541190120600107e-01 1.996032212709010212e-01
2.000590538700770527e-01 1.998640719115020170e-01 1.998485945021427346e-01 1.998485945882157444e-01 1.998640717780042209e-01
1.994547426624093955e-01 1.998788754371439713e-01 1.997171846023977071e-01 1.997171846386076310e-01 1.998788749505203133e-01
1.892003719101999493e-01 1.960439098763715748e-01 1.981054620816169176e-01 1.981054620185367932e-01 1.960439093420894563e-01
1.197479030091179869e-01 1.584090586684077928e-01 1.873836298335252171e-01 1.873836298816356216e-01 1.584090582067897157e-01
1.006650575674302751e-02 7.876288781006333950e-02 1.304255347431731438e-01 1.304255347992843428e-01 7.876288771224543295e-02
1.197479008662057087e-01 1.584090575629444608e-01 1.873836296032977411e-01 1.873836296456991013e-01 1.584090579177731273e-01
1.892003703947716109e-01 1.960439090257943551e-01 1.981054617028365494e-01 1.981054617745390545e-01 1.960439094413156669e-01
1.994547418575919051e-01 1.998788747310648040e-01 1.997171841812553639e-01 1.997171842856808877e-01 1.998788749788069641e-01
2.000590535287992411e-01 1.998640713966589322e-01 1.998485942424249318e-01 1.998485943282528043e-01 1.998640715939810630e-01
1.996581419314577555e-01 1.996032212120719684e-01 1.996541189544373263e-01 1.996541190304044755e-01 1.996032214790226800e-01
1.998444861609062206e-01 1.998993932910910765e-01 1.999769483359365163e-01 1.999769483816260518e-01 1.998993936352272405e-01
2.001993716400266021e-01 2.002168473933449711e-01 2.002270448457179608e-01 2.002270448572693318e-01 2.002168476307379652e-01
2.005909862093586404e-01 2.005937403829802512e-01 2.005938367633928465e-01 2.005938367706557313e-01 2.005937404517747491e-01
1.714469083003243022e-01 1.714475024159669292e-01 1.714474049714258819e-01 1.714474049801791855e-01 1.714475024296288619e-01
2.795075449922907254e-02 2.795095613301373100e-02 2.795100305375204305e-02 2.795100305610711405e-02 2.795095613534610487e-02
