1.925252754420000434e-01 1.859485423611131616e-01 1.893882787994607131e-01 1.893882788049747745e-01 1.859485423281589389e-01
2.284746914583057620e-01 2.245023563458813098e-01 2.257753561199854486e-01 2.257753561148904409e-01 2.245023562967953801e-01
2.074276699598222584e-01 2.108787099982078750e-01 2.065645704915679282e-01 2.065645704743461486e-01 2.108787099711499635e-01
2.092312029258304173e-01 2.193206346249886862e-01 2.119694603664221133e-01 2.119694603694474710e-01 2.193206345869187224e-01
2.020796064866388353e-01 2.005674828407960353e-01 2.008207801763668698e-01 2.008207801898489742e-01 2.005674828173491797e-01
2.380954606934779227e-01 2.043310308596210101e-01 2.204071686245985262e-01 2.204071686613371106e-01 2.043310308682975140e-01
2.102537966661485180e-01 2.025675715805473343e-01 2.038574515240255680e-01 2.038574515326907199e-01 2.025675715940821464e-01
2.003178180033700628e-01 2.188714071489248070e-01 2.033228065975359600e-01 2.033228065904115756e-01 2.188714072215765249e-01
2.020351427643327924e-01 2.264875574661327495e-01 2.084510950006281393e-01 2.084510950302947418e-01 2.264875574601929453e-01
2.079046721471280446e-01 2.010855636080603470e-01 2.030227761394637620e-01 2.030227761767877948e-01 2.010855635947594033e-01
2.727162885888116950e-01 2.014936975528504870e-01 2.275216180253344378e-01 2.275216180538824906e-01 2.014936975695983679e-01
2.079046722414847059e-01 2.010855636254045009e-01 2.030227762275096937e-01 2.030227762305260031e-01 2.010855636585701101e-01
2.020351426585851040e-01 2.264875573065958381e-01 2.084510948846134692e-01 2.084510948609166470e-01 2.264875573630881767e-01
2.003178179855516772e-01 2.188714073540846683e-01 2.033228066727939820e-01 2.033228066875746864e-01 2.188714073307947705e-01
2.102537967114319617e-01 2.025675716563268558e-01 2.038574515666953524e-01 2.038574515821995892e-01 2.025675716561253503e-01
2.380954609968689573e-01 2.043310308765642902e-01 2.204071688286169117e-01 2.204071688261577122e-01 2.043310308917332674e-01
2.020796065825187227e-01 2.005674829297763029e-01 2.008207803117574852e-01 2.008207803080563070e-01 2.005674829561522043e-01
2.092312029234385251e-01 2.193206348003093609e-01 2.119694604418585482e-01 2.119694604336657684e-01 2.193206348557723839e-01
2.074276699252744494e-01 2.108787101193270175e-01 2.065645704980607622e-01 2.065645705045200120e-01 2.108787101323639779e-01
2.284746915204672046e-01 2.245023563361192853e-01 2.257753561277023313e-01 2.257753561419034161e-01 2.245023563553245061e-01
1.925252759006418624e-01 1.859485425826248317e-01 1.893882791308293123e-01 1.893882791638308305e-01 1.859485426410753539e-01
