2.036515225535810991e-01 2.034897552712713331e-01 2.050447414197335005e-01 2.034897551680020789e-01
2.438392431816986394e-01 2.453428250038529601e-01 2.495717069767781904e-01 2.453428242103126711e-01
2.345068069294496405e-01 2.411564595081583107e-01 2.385834766899891934e-01 2.411564588704918077e-01
2.400446616730342875e-01 2.391970459508667990e-01 2.238953992620939526e-01 2.391970481880585087e-01
2.245984915404463933e-01 2.257188674879546941e-01 2.336003515956560361e-01 2.257188656009212202e-01
2.308575752716007790e-01 2.196122531955185253e-01 2.357288319243096009e-01 2.196122514814905224e-01
2.344503455366015454e-01 2.263326556393535638e-01 2.334201268435696919e-01 2.263326536549727375e-01
2.301370695058655436e-01 2.547273444340103499e-01 2.303853500780751462e-01 2.547273447966143523e-01
2.377434501919898358e-01 2.675023006956783744e-01 2.422511752870537272e-01 2.675023041744835073e-01
2.390380192538714421e-01 2.248088295911393197e-01 2.317902769708060084e-01 2.248088265234123029e-01
2.542075687632621150e-01 2.181543309855185631e-01 2.425737566504268805e-01 2.181543287186429037e-01
2.450469544106260444e-01 2.243639369320456489e-01 2.301290585681196876e-01 2.243639355475383346e-01
2.289026969924356225e-01 2.726198066130121056e-01 2.367676567548049893e-01 2.726198045890825816e-01
2.288124504299448581e-01 2.779868167221118957e-01 2.457004397205677371e-01 2.779868187730561435e-01
2.497626030208488501e-01 2.270933551902083458e-01 2.311460862507883907e-01 2.270933539043138993e-01
2.540932275083092606e-01 2.200097300847378146e-01 2.547485184559895033e-01 2.200097299665775830e-01
2.296537390555267732e-01 2.246981557627116266e-01 2.539390829458340049e-01 2.246981574473823351e-01
2.386771917710140967e-01 2.675066680836715172e-01 2.321756342538542073e-01 2.675066642581762077e-01
2.514090953015096774e-01 2.799538862878645507e-01 2.186601776487233639e-01 2.799538876464485182e-01
2.416855672877162020e-01 2.379272666080052556e-01 2.491720228038782348e-01 2.379272683954466450e-01
1.786623912417436011e-01 1.876039681555937699e-01 3.893229487976861969e-01 1.876039685617761077e-01
