2.783128061999155453e-02 2.784189475879411332e-02 2.785804314396483211e-02 2.785736018920586393e-02 2.784078148663577529e-02
1.711676148401323205e-01 1.711887594233561238e-01 1.712208824230136150e-01 1.712194563619187926e-01 1.711864140028865888e-01
2.000890665467054408e-01 2.001038019282952996e-01 2.001251385881797629e-01 2.001244320463756721e-01 2.001024300968118896e-01
1.960287690609364974e-01 1.960032310148648038e-01 1.959683037132877170e-01 1.959692453534458423e-01 1.960039449525130539e-01
1.656227535212027036e-01 1.650312082771436539e-01 1.641431135009940034e-01 1.641617987826473613e-01 1.650591569967888028e-01
8.461667082508431137e-02 8.209363898852785335e-02 7.820060230759459663e-02 7.830534209462318429e-02 8.226109033706149876e-02
1.672845845007192855e-01 1.650557799505723011e-01 1.615731433285733654e-01 1.616710363452338040e-01 1.652156811923256308e-01
1.940650331050935984e-01 1.952262026459099520e-01 1.953140281492549979e-01 1.953237379400249163e-01 1.952427733853817071e-01
1.796355168306551509e-01 1.924250426207590181e-01 1.992341294321460510e-01 1.992315812805609543e-01 1.924134038508069355e-01
9.682994182202135647e-02 1.505352263036955074e-01 1.953080259326960832e-01 1.953029205910324917e-01 1.505150415035122202e-01
2.038660515019196479e-04 8.527695689476960661e-02 1.619285434175776472e-01 1.619269894898217321e-01 8.527385239263313155e-02
9.683347672621950286e-02 1.505277510885828784e-01 1.953079893877142648e-01 1.953124561438165374e-01 1.505440124740202168e-01
1.796296838983900412e-01 1.924232073902034379e-01 1.992415920686229913e-01 1.992422521282556924e-01 1.924335655012720525e-01
1.940648780163102272e-01 1.952571314619399867e-01 1.953506549796117653e-01 1.953375772551054768e-01 1.952379663031820201e-01
1.672388363687256907e-01 1.651800765183904784e-01 1.617145064842847590e-01 1.616517407629564640e-01 1.650778922924853176e-01
8.456413789560102146e-02 8.219772540436125208e-02 7.830541251057625274e-02 7.824741804255115618e-02 8.210869824573466258e-02
1.656334883395091939e-01 1.650517676809366008e-01 1.641455061664946480e-01 1.641385608292274811e-01 1.650411793860672993e-01
1.960311981824676419e-01 1.960037742508999592e-01 1.959671970744790159e-01 1.959672240349285277e-01 1.960035288689300215e-01
2.000883407632464972e-01 2.001021607710081474e-01 2.001245229156406735e-01 2.001248575187896950e-01 2.001025859297219378e-01
1.711652645825292307e-01 1.711853750921332462e-01 1.712193429189271532e-01 1.712199362812716341e-01 1.711862771031382735e-01
2.783052164536554615e-02 2.784065518703911224e-02 2.785768172502994799e-02 2.785799720149067377e-02 2.784115106176803661e-02
