2.074518415009363737e-01 2.087958264662880259e-01 2.078325958454917688e-01 2.078292617504677864e-01 2.087947562936740276e-01
2.371610036930321408e-01 2.368288377476749362e-01 2.327277426642804792e-01 2.327180663445476139e-01 2.368197140339158013e-01
2.195489194785477383e-01 2.194566267350046007e-01 2.187031247490468788e-01 2.186985584112019765e-01 2.194495003424804525e-01
2.351091708200021557e-01 2.336285386091805638e-01 2.360868899868345250e-01 2.360934414875508758e-01 2.336276427718948501e-01
2.159200541508630444e-01 2.117069376663716085e-01 2.041846708360663121e-01 2.041717006790216282e-01 2.116872443821986027e-01
2.480611126853543569e-01 2.443746757531965741e-01 2.380476555266023142e-01 2.380295498572134183e-01 2.443564924047154363e-01
2.405786582750190084e-01 2.301156058271735805e-01 2.139624474422392175e-01 2.139308752302195027e-01 2.300750806829586492e-01
2.310302828348456405e-01 2.338478813999351202e-01 2.291547249481628579e-01 2.291530552131493259e-01 2.338408821558218276e-01
2.362628402111827675e-01 2.432512182076257690e-01 2.386140461693712633e-01 2.386186252546382558e-01 2.432496102887974909e-01
2.437405092122778838e-01 2.302380474169321012e-01 2.122270248083818478e-01 2.121946843107486991e-01 2.301888795121263265e-01
2.881983579601606338e-01 2.498910901570672582e-01 2.438040858050620485e-01 2.437818922003113786e-01 2.498619188507490707e-01
2.437749460083232789e-01 2.302753019449557403e-01 2.122630503960433179e-01 2.122304721131605953e-01 2.302260988421261645e-01
2.362156502378777723e-01 2.432095898585583671e-01 2.385665527715769008e-01 2.385707216512743811e-01 2.432081323507217507e-01
2.310795603601708270e-01 2.338940055287587194e-01 2.292076143573993918e-01 2.292061898942322762e-01 2.338870492709816395e-01
2.405510666635064798e-01 2.300815155460078365e-01 2.139356213810763852e-01 2.139046510322392958e-01 2.300413762438055232e-01
2.480600142261915608e-01 2.443691580027742560e-01 2.380499787854532534e-01 2.380320932967119607e-01 2.443509735813637063e-01
2.159349965585088960e-01 2.117223360025981549e-01 2.041993024507082199e-01 2.041862688333213049e-01 2.117026444465754387e-01
2.350912141577717329e-01 2.336214529816851293e-01 2.360742721888021978e-01 2.360804502810569527e-01 2.336207155546239367e-01
2.195623830587585812e-01 2.194721113327330331e-01 2.187238815364162814e-01 2.187194704731931505e-01 2.194651344341998489e-01
2.371552359953699729e-01 2.368191886937542623e-01 2.327230978782006410e-01 2.327137375111940909e-01 2.368101715226806903e-01
2.074508663037083755e-01 2.087921997803355856e-01 2.078325994365161078e-01 2.078293841208230519e-01 2.087910220728796395e-01
