1.775086870307603926e-01 1.775107328501655257e-01 1.775039418463368324e-01 1.774975450729025794e-01 1.775002783702397391e-01
2.333939311126276561e-01 2.334024386585156208e-01 2.333736651589726208e-01 2.333469431154054363e-01 2.333588298620700718e-01
2.449224447015840023e-01 2.449497393603431439e-01 2.448586425872961159e-01 2.447739324319994636e-01 2.448126180161031562e-01
2.872491268482125215e-01 2.873437835219839753e-01 2.870397627241699778e-01 2.867547256044636339e-01 2.868851521672639571e-01
2.417189273091378543e-01 2.418143306150406513e-01 2.415110370389665362e-01 2.412199918018370914e-01 2.413487775507128785e-01
2.122362075464402642e-01 2.122135318009180094e-01 2.120969491973244136e-01 2.120055994574041036e-01 2.120668255639997779e-01
2.033247062820278117e-01 2.031859960498331175e-01 2.029666262803653809e-01 2.029383091618549573e-01 2.031345378124793655e-01
2.023620164454129622e-01 2.022370558414424424e-01 2.012844442562880531e-01 2.012746544596104858e-01 2.022126359809450213e-01
2.043736546102128959e-01 2.048571707594646629e-01 2.035874793719367748e-01 2.035789911710151889e-01 2.048461329806164077e-01
2.361544297308627027e-01 2.101813788119391568e-01 2.095784087021811404e-01 2.095761868607804168e-01 2.101777743891548034e-01
8.701542870213105907e-01 2.456391374606745615e-01 2.129597360476407908e-01 2.129467702797090967e-01 2.456135717097375215e-01
2.375760468396503067e-01 2.113133540654038578e-01 2.107565324952517527e-01 2.107510309843106111e-01 2.113243845199331283e-01
2.039055005289801825e-01 2.050306932200380017e-01 2.044220123533220246e-01 2.044542954986510452e-01 2.050871915746890484e-01
2.009561800870185433e-01 2.013809729784460656e-01 2.009139093810041465e-01 2.009339102433778390e-01 2.014122753929974419e-01
1.992030455483191631e-01 1.993408281229760715e-01 1.994181385534383177e-01 1.994190494110735790e-01 1.993437343783886762e-01
1.991544753786334832e-01 1.991928646756080667e-01 1.992775153310651914e-01 1.992772617977871530e-01 1.991932765080464685e-01
1.999011585801815649e-01 1.999137342273895057e-01 1.999458348459100254e-01 1.999461856509794633e-01 1.999147492294203188e-01
2.004959984012918695e-01 2.005015699867112866e-01 2.005112020982688648e-01 2.005114312850563574e-01 2.005022030186593140e-01
2.009224141746064340e-01 2.009240653163595625e-01 2.009261900882967633e-01 2.009261827220672758e-01 2.009241545390984263e-01
1.717282195601741723e-01 1.717284718335424509e-01 1.717284564015003068e-01 1.717284004409143083e-01 1.717284102979214910e-01
2.803760285306514805e-02 2.803753102518366860e-02 2.803730956356711990e-02 2.803731197987703594e-02 2.803754061096240882e-02
