1.580710958795619736e-01 1.580710326285905409e-01 1.580710464974438012e-01 1.580710969589124992e-01 1.580711067516745172e-01 1.580711062825426172e-01
2.184019488768314532e-01 2.184018326074665117e-01 2.184018562826111065e-01 2.184018985484321995e-01 2.184018975731240320e-01 2.184018845093243510e-01
2.064858248162759480e-01 2.064857019045415465e-01 2.064857180667439840e-01 2.064857127867954223e-01 2.064856978908789498e-01 2.064855598538959947e-01
2.031283814159886292e-01 2.031282218327576383e-01 2.031282802926066000e-01 2.031282068306793642e-01 2.031280613247793965e-01 2.031278015823951566e-01
1.990179135035915481e-01 1.990176516156608177e-01 1.990175195025797594e-01 1.990173435897546195e-01 1.990171281738721265e-01 1.990170074983824700e-01
1.968312030133444190e-01 1.968307482324983815e-01 1.968306224977348917e-01 1.968304417677702867e-01 1.968304256677574637e-01 1.968303602147427611e-01
1.990054979881040742e-01 1.990046595090870507e-01 1.990045951759167042e-01 1.990045428461096055e-01 1.990043651267514035e-01 1.990039184620742141e-01
2.027617606727504240e-01 2.027604864432340503e-01 2.027591655014107375e-01 2.027590699915458317e-01 2.027584827095011422e-01 2.027580404740619291e-01
2.026885595985430111e-01 2.026885013726398566e-01 2.026851253482120918e-01 2.026854880897148992e-01 2.026842805027302685e-01 2.026844735597307656e-01
1.986647669792486193e-01 1.986798809861977100e-01 1.986743923479537266e-01 1.986745400529027483e-01 1.986722886396656285e-01 1.986719857914841514e-01
1.963553947789047349e-01 1.963723680578373654e-01 1.963683434932604333e-01 1.963663727209397081e-01 1.963685014612209512e-01 1.963673883491913741e-01
1.987814429230361779e-01 1.987886163354920521e-01 1.987887918952521427e-01 1.987867589161911863e-01 1.987901675157782433e-01 1.987903645517977991e-01
2.027552736278361023e-01 2.027558727871455191e-01 2.027563482570456932e-01 2.027562071305993030e-01 2.027590048446158422e-01 2.027595571652780204e-01
2.027740164804388290e-01 2.027745761225945575e-01 2.027747598580122435e-01 2.027737554427214706e-01 2.027741779785175169e-01 2.027744168704331829e-01
1.989689656960990372e-01 1.989695268666059891e-01 1.989691557168390412e-01 1.989689942346475615e-01 1.989694612138493690e-01 1.989694669401203819e-01
1.966909981156830522e-01 1.966914633625168052e-01 1.966912427564142252e-01 1.966914995031382174e-01 1.966917954102747612e-01 1.966917444318520281e-01
1.990068379690642653e-01 1.990068289700158144e-01 1.990071732671101767e-01 1.990075379928084864e-01 1.990075395346325438e-01 1.990075878194023651e-01
2.029543590725668423e-01 2.029543562059173689e-01 2.029544743502385284e-01 2.029547388196560331e-01 2.029547693161497524e-01 2.029547367463651331e-01
2.038209414221638649e-01 2.038209828924753275e-01 2.038209629821639279e-01 2.038210003999983422e-01 2.038209608164867348e-01 2.038210291727506618e-01
1.768118134897501970e-01 1.768118797140340870e-01 1.768118118311361731e-01 1.768117896888685980e-01 1.768117519871842680e-01 1.768117916273382606e-01
3.600123315047040751e-02 3.600125714037244462e-02 3.600122749064999655e-02 3.600121371073637666e-02 3.600119977356804057e-02 3.600121539165152679e-02
