2.795042043739964441e-02 2.794938006445021536e-02 2.794815262140401199e-02 2.794815253877501460e-02 2.794937991431608454e-02
1.714458317233006346e-01 1.714414995064712788e-01 1.714401656370179994e-01 1.714401652474968063e-01 1.714414982860901215e-01
2.005753627499337610e-01 2.005830249826336120e-01 2.005908944398162586e-01 2.005908944463221932e-01 2.005830217670449278e-01
2.000307463077296566e-01 2.001484006020592399e-01 2.002235604060882412e-01 2.002235612135073173e-01 2.001483957109443101e-01
1.990597704457425787e-01 1.995047382547884829e-01 1.999549176333774991e-01 1.999549184852840999e-01 1.995047353313438854e-01
1.984090917242223029e-01 1.987680983864933970e-01 1.994479740101594289e-01 1.994479743409849626e-01 1.987680994872558782e-01
1.998632927636017631e-01 1.994542018970337227e-01 1.999092069775316172e-01 1.999092069364270530e-01 1.994542009704152186e-01
1.987907186637388746e-01 1.993099381962411543e-01 1.999948239925831150e-01 1.999948238846138981e-01 1.993099363253043044e-01
1.811891254803935924e-01 1.929834966426337839e-01 1.997065207906555673e-01 1.997065209920810824e-01 1.929834938000690725e-01
9.892728737017833507e-02 1.515188057056214010e-01 1.958182378660754674e-01 1.958182381482661827e-01 1.515188045975569275e-01
2.272441846686872567e-03 8.653302455940103943e-02 1.626969694160992075e-01 1.626969700009465725e-01 8.653302615493238537e-02
9.892730715145459097e-02 1.515188085132348206e-01 1.958182363432921791e-01 1.958182370969740183e-01 1.515188101113854324e-01
1.811891379304647332e-01 1.929834966131429852e-01 1.997065191968459552e-01 1.997065209989785650e-01 1.929834975263757524e-01
1.987907197494280798e-01 1.993099378281000811e-01 1.999948221167866247e-01 1.999948249888378604e-01 1.993099386097313686e-01
1.998632941175549627e-01 1.994542035710591965e-01 1.999092069860400889e-01 1.999092091890701250e-01 1.994542056005940978e-01
1.984091112976138493e-01 1.987681083414013228e-01 1.994479791377684608e-01 1.994479807039346020e-01 1.987681113567301427e-01
1.990597935900962623e-01 1.995047447679852981e-01 1.999549196043336752e-01 1.999549200477620803e-01 1.995047469104328508e-01
2.000307574345914219e-01 2.001484012272409796e-01 2.002235601183342817e-01 2.002235613206678755e-01 2.001484017081172351e-01
2.005753632058214775e-01 2.005830236540296352e-01 2.005908919463900431e-01 2.005908944681256134e-01 2.005830234691111102e-01
1.714458277215312187e-01 1.714414971181936476e-01 1.714401635746302388e-01 1.714401658254770533e-01 1.714414983340503407e-01
2.795041754629935468e-02 2.794937785811211356e-02 2.794815100488523205e-02 2.794815258697923993e-02 2.794937919847138852e-02
