2.023494702943506030e-01 2.023494702891359687e-01 2.023494701943747698e-01 2.023494701700307985e-01
2.330372210318003012e-01 2.330372210052986670e-01 2.330372208617458030e-01 2.330372208042991167e-01
2.047143982007751384e-01 2.047143981471467866e-01 2.047143980068581448e-01 2.047143979526020174e-01
1.987043229493953012e-01 1.987043229238169562e-01 1.987043227818185709e-01 1.987043227459555084e-01
2.107865003767293577e-01 2.107865003658986880e-01 2.107865003377173974e-01 2.107865003223625688e-01
2.156148355615330470e-01 2.156148355609945888e-01 2.156148355487740309e-01 2.156148355103430225e-01
2.187898757948369688e-01 2.187898757835004537e-01 2.187898757159192353e-01 2.187898756414153878e-01
2.192599521904382565e-01 2.192599521025855869e-01 2.192599520934416790e-01 2.192599521334575585e-01
2.177462091498104657e-01 2.177462091867791993e-01 2.177462092569256158e-01 2.177462092405239857e-01
2.201589775981651620e-01 2.201589776865638115e-01 2.201589776274195387e-01 2.201589775795292081e-01
2.176764735249370475e-01 2.176764737129961991e-01 2.176764737199189947e-01 2.176764735501219294e-01
2.201589784540307626e-01 2.201589786504485058e-01 2.201589785597147797e-01 2.201589783406511791e-01
2.177462099556218000e-01 2.177462095811083242e-01 2.177462094340664456e-01 2.177462096437797479e-01
2.192599523429427655e-01 2.192599521755235481e-01 2.192599523239024129e-01 2.192599522561161918e-01
2.187898760304494983e-01 2.187898759815174177e-01 2.187898756022892688e-01 2.187898755901963033e-01
2.156148354693282476e-01 2.156148356946679390e-01 2.156148354274908807e-01 2.156148353357821845e-01
2.107865005280501192e-01 2.107865008247322980e-01 2.107865006450638790e-01 2.107865003367053180e-01
1.987043233235809558e-01 1.987043226211613611e-01 1.987043224055430601e-01 1.987043228855986110e-01
2.047143972598773343e-01 2.047143979511613365e-01 2.047143986198585175e-01 2.047143984772189507e-01
2.330372207267211726e-01 2.330372212344467564e-01 2.330372206049405592e-01 2.330372206444934202e-01
2.023494695539516663e-01 2.023494699945888320e-01 2.023494697156746347e-01 2.023494695639406482e-01
