2.885984244203405186e-03 2.888226261897405053e-03 2.888906830838053417e-03 2.888906831136479631e-03 2.888226280217159620e-03
3.904790692189032131e-02 3.905371147624785849e-02 3.904435308058420984e-02 3.904435313676749009e-02 3.905371168647046171e-02
1.699052989118071399e-01 1.699191571551855184e-01 1.699027834640777224e-01 1.699027833768087248e-01 1.699191572371824832e-01
1.986922798594338291e-01 1.987173504213278485e-01 1.987184356597481438e-01 1.987184354303918876e-01 1.987173500558909733e-01
1.997528711974713156e-01 1.998130251484740438e-01 1.998901778040316490e-01 1.998901775762367550e-01 1.998130244649658216e-01
1.978271629787861086e-01 1.978449559103695465e-01 1.979203735135782183e-01 1.979203732995913900e-01 1.978449552594578331e-01
1.926408082474143912e-01 1.925675183589641570e-01 1.925495827048570863e-01 1.925495829219349420e-01 1.925675185333174388e-01
1.980277414218947762e-01 1.980077703307618620e-01 1.979039660809036594e-01 1.979039663745289501e-01 1.980077703211404749e-01
1.949396633586000516e-01 1.961857286471705430e-01 1.965692137704438680e-01 1.965692133257726515e-01 1.961857278073972366e-01
1.541664482510657352e-01 1.636490809466133733e-01 1.722707264300362973e-01 1.722707262986435950e-01 1.636490803684252648e-01
5.815902122441984901e-02 7.701197900516361383e-02 9.341228510228648252e-02 9.341228507693273564e-02 7.701197903135068024e-02
1.541664428167299483e-01 1.636490783632656432e-01 1.722707251371125292e-01 1.722707251693579578e-01 1.636490790157204556e-01
1.949396600123708689e-01 1.961857266319617099e-01 1.965692122704377764e-01 1.965692125334591589e-01 1.961857274123101624e-01
1.980277403907577671e-01 1.980077704555540941e-01 1.979039669662999157e-01 1.979039666628593652e-01 1.980077701217164421e-01
1.926408097806966147e-01 1.925675207244957332e-01 1.925495862703330285e-01 1.925495859203198157e-01 1.925675203054443563e-01
1.978271625340182749e-01 1.978449555662744608e-01 1.979203742361393958e-01 1.979203744651891195e-01 1.978449562809665163e-01
1.997528700330532536e-01 1.998130240756202380e-01 1.998901771059786170e-01 1.998901772730717064e-01 1.998130250161131438e-01
1.986922787648825739e-01 1.987173497480181072e-01 1.987184353778760626e-01 1.987184355003828451e-01 1.987173501010892629e-01
1.699052945029524975e-01 1.699191555187554437e-01 1.699027847932435276e-01 1.699027842272147482e-01 1.699191543014892114e-01
3.904789865581175662e-02 3.905370586707512109e-02 3.904435024298132106e-02 3.904434954718966760e-02 3.905370460635643887e-02
2.885982963299710442e-03 2.888225216523571115e-03 2.888906023995010518e-03 2.888905963194733813e-03 2.888225115010720906e-03
