1.886535921451993336e-01 1.886927343545164171e-01 1.886465365758454027e-01 1.885757932399428904e-01 1.885690616210275727e-01
2.622769290564243572e-01 2.624603742020356067e-01 2.622584572968946759e-01 2.619424628971441238e-01 2.619133627514126927e-01
2.921124846283143506e-01 2.926818394777066512e-01 2.920231173405414271e-01 2.910049848294334884e-01 2.909618749517449698e-01
2.435537023404347468e-01 2.441060613855756956e-01 2.434178712751095264e-01 2.422743963546674928e-01 2.422314887933565974e-01
2.150191247339336420e-01 2.150708063684247939e-01 2.149309509622044367e-01 2.144513606992736743e-01 2.144259256719560636e-01
2.148019881812599230e-01 2.147764239219670246e-01 2.147418685776096570e-01 2.147363097466702397e-01 2.147257748602429683e-01
2.419642305971373697e-01 2.419202765360748408e-01 2.418603063792814922e-01 2.418941028150358996e-01 2.419387077908218553e-01
2.858204262855684186e-01 2.858576542179443458e-01 2.856877601273333234e-01 2.855456207702337101e-01 2.855990647318373266e-01
2.415725523262119423e-01 2.416694678623838022e-01 2.414710127275468132e-01 2.412606930021148344e-01 2.412919998584789338e-01
2.121821458894161683e-01 2.122134118534496350e-01 2.121640616460379603e-01 2.120953951733557385e-01 2.121024209404901439e-01
2.030729231839090154e-01 2.030817649235003575e-01 2.030713531380408110e-01 2.030508784207075146e-01 2.030468336408386143e-01
2.011708461767837963e-01 2.011744114685332652e-01 2.011980463867977242e-01 2.012081568761151240e-01 2.011829012262497662e-01
2.032511910087531071e-01 2.032486123089496388e-01 2.031985566965552603e-01 2.031815718427960604e-01 2.031815179490181478e-01
2.124384740736746935e-01 2.124424129377756043e-01 2.122647187937330981e-01 2.122709794225117741e-01 2.122425262506774657e-01
2.415419017127002077e-01 2.415684857161825849e-01 2.413277454866781524e-01 2.413151552605970196e-01 2.413099515995025257e-01
2.850558228829492280e-01 2.850403945014991502e-01 2.851009870278211067e-01 2.850770833912340541e-01 2.850901957747006832e-01
2.414240175486998263e-01 2.413794317623934038e-01 2.414344203595845673e-01 2.414477907060018635e-01 2.414531501655556855e-01
2.126499055436870123e-01 2.126420213143006277e-01 2.126571344520453710e-01 2.126730725667393407e-01 2.126735835034327116e-01
2.067042945954593869e-01 2.067041843667850598e-01 2.067070585209317690e-01 2.067109657082706886e-01 2.067107998262923407e-01
2.218984778121072532e-01 2.218981877532918701e-01 2.218991642834766687e-01 2.219000800085546288e-01 2.218999492615383318e-01
1.745954360417392992e-01 1.745954412655926213e-01 1.745954681983293566e-01 1.745952779602640559e-01 1.745953156235038883e-01
