2.794996651436568516e-02 2.794986569114965569e-02 2.794965418928682319e-02 2.794965417611644520e-02 2.794986567630372218e-02
1.714453646152493405e-01 1.714450980564833915e-01 1.714446623575539008e-01 1.714446623111948731e-01 1.714450979944658338e-01
2.005898667411614988e-01 2.005907541293803220e-01 2.005909063455379171e-01 2.005909063036248052e-01 2.005907540046693860e-01
2.001977476865937633e-01 2.002110093391145096e-01 2.002198683334071583e-01 2.002198683217874253e-01 2.002110090570717593e-01
1.997291167473516649e-01 1.997999690033579467e-01 1.998901170360301571e-01 1.998901169227143282e-01 1.997999684469506931e-01
1.990899321867812821e-01 1.991460598246699853e-01 1.992627635579254930e-01 1.992627634421987315e-01 1.991460593453404648e-01
1.997826517517935219e-01 1.997284720760718058e-01 1.997591857023819917e-01 1.997591856993932991e-01 1.997284718496019906e-01
1.997130972795833903e-01 1.996812107625789423e-01 1.996044355885481791e-01 1.996044354861954417e-01 1.996812104354865058e-01
1.949274182150138035e-01 1.962535835862708467e-01 1.967307876894967000e-01 1.967307876706047842e-01 1.962535830060831710e-01
1.534339766549238371e-01 1.634836698926434573e-01 1.728055285096908866e-01 1.728055287691829534e-01 1.634836696705157522e-01
5.715225435422263689e-02 7.692210838044831467e-02 9.454743322329235700e-02 9.454743328347904596e-02 7.692210839086646712e-02
1.534339716555858379e-01 1.634836692425850335e-01 1.728055285233716376e-01 1.728055283825533361e-01 1.634836695025250752e-01
1.949274149015331192e-01 1.962535826077423384e-01 1.967307873013650621e-01 1.967307874103996490e-01 1.962535831731017921e-01
1.997130965024893345e-01 1.996812101661036010e-01 1.996044352410632217e-01 1.996044353741931177e-01 1.996812104232313367e-01
1.997826512587404235e-01 1.997284712937597573e-01 1.997591854879002260e-01 1.997591855844706166e-01 1.997284715547602563e-01
1.990899315349350940e-01 1.991460594134841777e-01 1.992627638876706964e-01 1.992627641210450995e-01 1.991460601327890434e-01
1.997291157299516950e-01 1.997999685675391490e-01 1.998901169964604485e-01 1.998901171216542205e-01 1.997999693012122158e-01
2.001977470473314258e-01 2.002110091439403272e-01 2.002198683387990952e-01 2.002198683398689061e-01 2.002110094803568052e-01
2.005898665558525085e-01 2.005907540567541947e-01 2.005909063293744299e-01 2.005909063657166091e-01 2.005907541804792249e-01
1.714453645114316915e-01 1.714450979789467200e-01 1.714446623542999482e-01 1.714446624068736991e-01 1.714450980583607231e-01
2.794996645944932898e-02 2.794986564872667043e-02 2.794965418554400116e-02 2.794965420347245502e-02 2.794986567440236117e-02
