2.794996648011590853e-02 2.794986573330644417e-02 2.794965431037703049e-02 2.794965428912838529e-02 2.794986570526445877e-02
1.714453648421431775e-01 1.714450985416715589e-01 1.714446629549095658e-01 1.714446628861379107e-01 1.714450984377370868e-01
2.005898669263767586e-01 2.005907545292412997e-01 2.005909066774381189e-01 2.005909066192877732e-01 2.005907543340227916e-01
2.001977492457776009e-01 2.002110101292311484e-01 2.002198687845453129e-01 2.002198687393177134e-01 2.002110096551104335e-01
1.997291230164429388e-01 1.997999724012190226e-01 1.998901183530501224e-01 1.998901181534247506e-01 1.997999715710526980e-01
1.990899433836018917e-01 1.991460679814765211e-01 1.992627684203478744e-01 1.992627683991214649e-01 1.991460676571227828e-01
1.997826554857659032e-01 1.997284753336131258e-01 1.997591868880002064e-01 1.997591868285374106e-01 1.997284750519029151e-01
1.997130974704399708e-01 1.996812117425450783e-01 1.996044358239480176e-01 1.996044358672638686e-01 1.996812111576154458e-01
1.949274207799394920e-01 1.962535835161453024e-01 1.967307864726282052e-01 1.967307863449120897e-01 1.962535827106639541e-01
1.534339792891768472e-01 1.634836638096764938e-01 1.728055192134584084e-01 1.728055197916643082e-01 1.634836641360096765e-01
5.715224883900497238e-02 7.692208966190623720e-02 9.454740450849048738e-02 9.454740489657266489e-02 7.692209052797777113e-02
1.534339801385921631e-01 1.634836679472682908e-01 1.728055186994738035e-01 1.728055186000088672e-01 1.634836687005508660e-01
1.949274179089811876e-01 1.962535835331932765e-01 1.967307865083524343e-01 1.967307866825341589e-01 1.962535844169432109e-01
1.997130969426717251e-01 1.996812110442391375e-01 1.996044356033116474e-01 1.996044357564993599e-01 1.996812113256036247e-01
1.997826542909344194e-01 1.997284736992576692e-01 1.997591866796150917e-01 1.997591868440846130e-01 1.997284739619625549e-01
1.990899404320195520e-01 1.991460664103836542e-01 1.992627686692443056e-01 1.992627690338358570e-01 1.991460674249928009e-01
1.997291198599909501e-01 1.997999711228524433e-01 1.998901180107368059e-01 1.998901181763586277e-01 1.997999721023545616e-01
2.001977477449041198e-01 2.002110095321248673e-01 2.002198684953885033e-01 2.002198684958622910e-01 2.002110099580413083e-01
2.005898666131293029e-01 2.005907541605356226e-01 2.005909063867544750e-01 2.005909064214068394e-01 2.005907543043131402e-01
1.714453645746677746e-01 1.714450980808651104e-01 1.714446624590733603e-01 1.714446625098051402e-01 1.714450981709101096e-01
2.794996646406280524e-02 2.794986566371083364e-02 2.794965421061551547e-02 2.794965422867879898e-02 2.794986569304185389e-02
