2.795194440286941084e-02 2.795217390024377913e-02 2.795225271556729674e-02 2.795225273238992336e-02 2.795217392316703617e-02
1.714500215190419008e-01 1.714506722393058791e-01 1.714505919064106820e-01 1.714505919180499827e-01 1.714506722328365262e-01
2.005956575511491924e-01 2.005977864159916024e-01 2.005976141290310710e-01 2.005976141454810791e-01 2.005977863514003534e-01
2.002160590352531910e-01 2.002264213725354902e-01 2.002325668038934803e-01 2.002325668331997044e-01 2.002264212377578845e-01
1.999347394739335038e-01 1.999530744692563089e-01 1.999943271497263697e-01 1.999943272469790201e-01 1.999530742842336173e-01
1.998421261326291942e-01 1.997466625237667992e-01 1.997459036244542685e-01 1.997459037893017098e-01 1.997466623755758119e-01
2.000754982071685784e-01 1.999403177489693650e-01 1.998926113041522290e-01 1.998926113868696730e-01 1.999403175936011745e-01
1.990147897276339783e-01 1.999542246528052403e-01 1.998099848484177765e-01 1.998099848357134944e-01 1.999542244723464535e-01
1.857035080838567997e-01 1.954457202494490897e-01 1.986767969300875236e-01 1.986767969844907833e-01 1.954457198530008266e-01
1.074396056687859924e-01 1.557425962575346712e-01 1.917931628684063361e-01 1.917931628572816516e-01 1.557425959415301986e-01
1.068782664454056121e-03 8.138127380908369291e-02 1.435494664493790484e-01 1.435494664474138427e-01 8.138127369956309198e-02
1.074396050354579080e-01 1.557425958494546292e-01 1.917931626676785406e-01 1.917931626667798151e-01 1.557425960014102995e-01
1.857035073319850405e-01 1.954457196644110439e-01 1.986767966018013476e-01 1.986767966953951192e-01 1.954457199313277549e-01
1.990147890859674806e-01 1.999542241575533452e-01 1.998099845422833254e-01 1.998099846671904378e-01 1.999542243932473373e-01
2.000754975869889762e-01 1.999403171535798218e-01 1.998926109529322315e-01 1.998926110558570113e-01 1.999403173594043737e-01
1.998421257817888930e-01 1.997466623855712609e-01 1.997459038868477643e-01 1.997459039604541076e-01 1.997466625574348675e-01
1.999347389204094161e-01 1.999530743023092694e-01 1.999943270551078345e-01 1.999943271128087896e-01 1.999530745030993484e-01
2.002160585676361071e-01 2.002264212760025697e-01 2.002325667013490629e-01 2.002325667290060784e-01 2.002264214218687777e-01
2.005956573036710988e-01 2.005977863460421950e-01 2.005976140302708488e-01 2.005976140529361351e-01 2.005977863934911842e-01
1.714500213910992721e-01 1.714506721843893911e-01 1.714505918516533167e-01 1.714505918912350158e-01 1.714506722178607556e-01
2.795194441212546163e-02 2.795217392996398112e-02 2.795225274660776901e-02 2.795225276269333592e-02 2.795217394670792416e-02
