2.023494748673476396e-01 2.023494737012609679e-01 2.023494734503186177e-01 2.023494739392270036e-01
2.330372250799279399e-01 2.330372230105412779e-01 2.330372228039248594e-01 2.330372231011637596e-01
2.047144017140569427e-01 2.047143993487878788e-01 2.047143993181618493e-01 2.047143984439312170e-01
1.987043247156879966e-01 1.987043226261868412e-01 1.987043223040951267e-01 1.987043217434948106e-01
2.107864997645504113e-01 2.107864995684685938e-01 2.107864993321451053e-01 2.107864987414877489e-01
2.156148350848444140e-01 2.156148353683919328e-01 2.156148348390022063e-01 2.156148349023295774e-01
2.187898765982313753e-01 2.187898758218292383e-01 2.187898759870276766e-01 2.187898756712157444e-01
2.192599540075129139e-01 2.192599540177505857e-01 2.192599535354609885e-01 2.192599533143904655e-01
2.177462108940596830e-01 2.177462104878825078e-01 2.177462113532583621e-01 2.177462115180049396e-01
2.201589785517235887e-01 2.201589786965351403e-01 2.201589784045289155e-01 2.201589784774765357e-01
2.176764733724055878e-01 2.176764737989536624e-01 2.176764737956096429e-01 2.176764738310136837e-01
2.201589785161474633e-01 2.201589786294542717e-01 2.201589791839724808e-01 2.201589790081338593e-01
2.177462092792289972e-01 2.177462095000733122e-01 2.177462079848102028e-01 2.177462072781920499e-01
2.192599508565218902e-01 2.192599497772535211e-01 2.192599523985678256e-01 2.192599528052921465e-01
2.187898752466153895e-01 2.187898754738418772e-01 2.187898748190993947e-01 2.187898747545426181e-01
2.156148350937403535e-01 2.156148357439507668e-01 2.156148350523748591e-01 2.156148350478124809e-01
2.107864992014086836e-01 2.107864996336043240e-01 2.107864994909370293e-01 2.107864990551609197e-01
1.987043215920336059e-01 1.987043223706808914e-01 1.987043186011468454e-01 1.987043170746874698e-01
2.047143920335961209e-01 2.047143911773715019e-01 2.047143966942547022e-01 2.047143991150348064e-01
2.330372190069794902e-01 2.330372200747069522e-01 2.330372191829239437e-01 2.330372200130618465e-01
2.023494694074715883e-01 2.023494698172150497e-01 2.023494701935795448e-01 2.023494699103579042e-01
