2.496228744318306977e-02 2.499281622152071947e-02 2.496335217126444822e-02 2.496239088333659581e-02 2.498907058819059557e-02
1.555837051789608627e-01 1.558341232092939621e-01 1.556843614836684320e-01 1.557031648633548648e-01 1.558090931268302781e-01
1.965527818445440278e-01 1.971055977344422228e-01 1.968450697969154894e-01 1.968937753003284219e-01 1.970657936742197802e-01
1.987542656638569827e-01 1.993141180605398910e-01 1.995048320293695832e-01 1.995120028487429031e-01 1.993033908978174840e-01
1.974562256775866664e-01 1.969103060496554536e-01 1.967646684732397289e-01 1.967652630822195603e-01 1.969090743798639631e-01
1.996269186344226954e-01 1.985829005836092787e-01 1.984148994448527714e-01 1.984530771121977566e-01 1.985856674534953181e-01
1.979368592704633112e-01 1.986888185265048290e-01 1.987005839613011360e-01 1.987458819606370275e-01 1.986805687843154755e-01
1.932758974166649546e-01 1.978548056720721982e-01 1.982026122734983076e-01 1.982499545232433158e-01 1.978169044749309158e-01
1.501379247205212042e-01 1.670509062818704427e-01 1.796056765457912097e-01 1.796086898126664777e-01 1.670292907184429965e-01
3.090027252070751476e-02 5.742851852440553767e-02 8.142403913518629632e-02 8.146460162610111300e-02 5.746087688097328144e-02
9.085599504481096196e-05 4.577481915078090990e-02 9.802668031478783961e-02 9.813100234888276485e-02 4.584460707181457761e-02
8.047513127989283643e-02 1.263259820096660213e-01 1.742956226044940493e-01 1.743110761610291159e-01 1.263687929679039035e-01
1.729673676205462640e-01 1.880009167526932590e-01 1.963975126049666287e-01 1.963654605036592449e-01 1.879982845751563270e-01
1.945716057743757943e-01 1.978715072446178280e-01 1.980784389498677078e-01 1.981042520021424891e-01 1.978300952385145250e-01
1.926222467729169496e-01 1.927603842522123967e-01 1.925025027727914062e-01 1.925649992215833772e-01 1.927549438144636473e-01
1.985841969911922023e-01 1.979118020347380713e-01 1.977406581163473065e-01 1.978236434129198862e-01 1.979152385454887031e-01
1.994002022574694610e-01 1.993093088099355814e-01 1.995105117575650677e-01 1.995138784086619155e-01 1.993097980856259888e-01
1.986259558432044436e-01 1.987718356918075358e-01 1.988104466448203378e-01 1.987937483241059011e-01 1.987745189477984620e-01
1.732794239954066617e-01 1.734404554575593171e-01 1.732966860748683668e-01 1.733256755761669043e-01 1.733994040449692853e-01
5.395328869486865769e-02 5.401768067668367285e-02 5.391858587744233211e-02 5.392345968436274700e-02 5.398680157154196746e-02
5.716620163740494635e-03 5.721233454197048075e-03 5.704256598776468075e-03 5.699788814306075597e-03 5.717129897360677566e-03
