2.812918695275032615e-03 2.812185015622188904e-03 2.814510311085607029e-03 2.816681120013738663e-03 2.815697453144264117e-03
3.443597117056813872e-02 3.442073912768995464e-02 3.446901427417970593e-02 3.451408209782658165e-02 3.449366043646261148e-02
1.450216116654463316e-01 1.448828265744694643e-01 1.453226758287530507e-01 1.457333028694390853e-01 1.455472352031905448e-01
1.931461923196681474e-01 1.930120916684560373e-01 1.934370941494708007e-01 1.938338608644324390e-01 1.936540736924198258e-01
1.998220645007196816e-01 1.998123475732765941e-01 1.998431431737698605e-01 1.998718928561228070e-01 1.998588653938030424e-01
1.979308205848942515e-01 1.979333539973968381e-01 1.979253250196525149e-01 1.979178289946148250e-01 1.979212259319028666e-01
1.810195860293344894e-01 1.809896774121283469e-01 1.810844662121676718e-01 1.811729566197062546e-01 1.811328598790123423e-01
1.475966408806211050e-01 1.472795433551944977e-01 1.482845138516865613e-01 1.492227171146903175e-01 1.487975890751613017e-01
1.882206955153512551e-01 1.879062685237556374e-01 1.889027757133520113e-01 1.898330782804753813e-01 1.894115295378881181e-01
1.991153976186603169e-01 1.990886330412019178e-01 1.991734574242252087e-01 1.992526465672301572e-01 1.992167633863480281e-01
1.995219880488365016e-01 1.995263836986721218e-01 1.995124528129091634e-01 1.994994468198145743e-01 1.995053406002420815e-01
1.895850239997939890e-01 1.895582586461829200e-01 1.896430851427410025e-01 1.897222747346257454e-01 1.896863929638165636e-01
1.537082625462397878e-01 1.533938348280820818e-01 1.543903449415635065e-01 1.553206493189183135e-01 1.548991004645673963e-01
1.874031924438601948e-01 1.870860953786030456e-01 1.880910665595366404e-01 1.890292701779340834e-01 1.886041408475414294e-01
1.916693247569385417e-01 1.916394166529288290e-01 1.917342041447301360e-01 1.918226943621628711e-01 1.917825965807443689e-01
1.982771309297292339e-01 1.982796643424066529e-01 1.982716352448393449e-01 1.982641393261149187e-01 1.982675361253270485e-01
1.963620066568816103e-01 1.963522891286406113e-01 1.963830861137225714e-01 1.964118364690861651e-01 1.963988096710691245e-01
1.814722775585852488e-01 1.813381762806385300e-01 1.817631819417046823e-01 1.821599509330721067e-01 1.819801628939083649e-01
1.659835035939420944e-01 1.658447184761552284e-01 1.662845696567102072e-01 1.666951978237395937e-01 1.665091289296469490e-01
3.985983781113863755e-02 3.984460586773955204e-02 3.989288071517235051e-02 3.993794817278054771e-02 3.991752653625187802e-02
3.074173947441494106e-03 3.073440272868528753e-03 3.075765542055841888e-03 3.077936311274511675e-03 3.076952653501501163e-03
