2.970948209929773383e-03 3.020051914211747696e-03 3.048938921261804425e-03 3.048938986976520646e-03 3.020052162625046308e-03
3.964270399158043717e-02 3.983446852014020656e-02 3.979730555861750452e-02 3.979730677980426734e-02 3.983447081324340694e-02
1.697811517137795823e-01 1.701641508819539961e-01 1.700351453343439123e-01 1.700351464074994767e-01 1.701641511765453474e-01
1.969306793310408032e-01 1.981315100502031856e-01 1.987038396261703588e-01 1.987038393133660485e-01 1.981315054568234535e-01
1.910851040461264416e-01 1.954942674581871820e-01 1.995872440773232281e-01 1.995872433932830980e-01 1.954942643580291073e-01
1.825469495181109292e-01 1.882550980841465882e-01 1.944679363886651913e-01 1.944679367899166955e-01 1.882550970602519247e-01
1.868839292396978491e-01 1.884211866872812779e-01 1.917926314691439094e-01 1.917926328477963238e-01 1.884211848051939864e-01
1.982711017692589117e-01 1.967157267044551128e-01 1.981797423007505277e-01 1.981797424527192431e-01 1.967157240289727493e-01
1.863406226462888671e-01 1.933411665903359000e-01 1.995954334969123611e-01 1.995954325004603291e-01 1.933411642983248746e-01
1.157447002098832833e-01 1.583114393494381156e-01 1.960161652345183414e-01 1.960161628047697724e-01 1.583114395628600068e-01
3.090956474149310004e-02 1.018708125303699058e-01 1.666496672621317343e-01 1.666496660282957842e-01 1.018708146636953943e-01
1.157446872223003853e-01 1.583114482407194656e-01 1.960161618355603652e-01 1.960161618196387123e-01 1.583114548964585921e-01
1.863405988957657355e-01 1.933411680858344583e-01 1.995954323646458584e-01 1.995954321822674959e-01 1.933411762766920339e-01
1.982711001481481106e-01 1.967157233617015111e-01 1.981797439707833064e-01 1.981797422888020577e-01 1.967157270698643989e-01
1.868839354405319730e-01 1.884211791378845868e-01 1.917926342770319148e-01 1.917926313978730590e-01 1.884211806826278368e-01
1.825469485377910206e-01 1.882550918624304181e-01 1.944679329196348783e-01 1.944679312412318506e-01 1.882550946470348541e-01
1.910851005470666220e-01 1.954942682616787608e-01 1.995872390163842824e-01 1.995872383202818012e-01 1.954942773276438506e-01
1.969306660286563315e-01 1.981315108473945263e-01 1.987038379791265796e-01 1.987038381199130732e-01 1.981315200580592295e-01
1.697811396241935000e-01 1.701641513723166355e-01 1.700351510090574725e-01 1.700351490170426416e-01 1.701641503696756652e-01
3.964269217890745156e-02 3.983446327218521932e-02 3.979730410895133269e-02 3.979730191644728632e-02 3.983445939383081780e-02
2.970945979528834355e-03 3.020050494283696256e-03 3.048937730640934735e-03 3.048937571124179461e-03 3.020050103229303829e-03
