1.774561837457538649e-01 1.774565577946037309e-01 1.774572880271371722e-01 1.774573420687425018e-01 1.774566329052287283e-01
2.332376870811069536e-01 2.332398171941364451e-01 2.332432565004666225e-01 2.332433651535621988e-01 2.332399218198021873e-01
2.452491127179020902e-01 2.452567739891333143e-01 2.452666011166436677e-01 2.452669888094669570e-01 2.452571018181286810e-01
2.916064922538479931e-01 2.916186954563723677e-01 2.916246998074359387e-01 2.916240118141720794e-01 2.916159464149519209e-01
2.524575508826702452e-01 2.524841498893646285e-01 2.525043691015176894e-01 2.525027264971573260e-01 2.524778130506395990e-01
2.522864619982359002e-01 2.523868065080075440e-01 2.525248420882759137e-01 2.525219016041405640e-01 2.523779196894819221e-01
2.901044147090540704e-01 2.905360755303939002e-01 2.911896409201511493e-01 2.911759796390400723e-01 2.905103790054968105e-01
2.438075307489835919e-01 2.439619247293891013e-01 2.437195354894333144e-01 2.437047168998561497e-01 2.439370561508551472e-01
2.228506633608858256e-01 2.212617792230755775e-01 2.185944151299929750e-01 2.185898490962322471e-01 2.212555571018793577e-01
2.554553570844917409e-01 2.318341400377004480e-01 2.228881705925453427e-01 2.228872560361612187e-01 2.318344749496808743e-01
4.703642185921970142e-01 2.800080714620090117e-01 2.451099736618799207e-01 2.451097668731942736e-01 2.800075064894055887e-01
2.661003349173241550e-01 2.378697593363114648e-01 2.251390414300576959e-01 2.251387404105975598e-01 2.378679234068394877e-01
2.164438594407911975e-01 2.134808972533888405e-01 2.104143455479751679e-01 2.104143575785998588e-01 2.134808473258734685e-01
2.042960093739077110e-01 2.039696283019672984e-01 2.032505919755327739e-01 2.032506911995021204e-01 2.039700582283865693e-01
2.006266915358363989e-01 2.007187896389762694e-01 2.008598497472785516e-01 2.008600112574778218e-01 2.007191743836346243e-01
1.996838329517554023e-01 1.997736634062815542e-01 1.999399499928482815e-01 1.999400637302645445e-01 1.997739054019939120e-01
1.995031421970586971e-01 1.995423767269280113e-01 1.996140950896932442e-01 1.996141486906180817e-01 1.995424810917331704e-01
2.001977002967159636e-01 2.002099275658451583e-01 2.002314869929007479e-01 2.002315071915020672e-01 2.002099723245166774e-01
2.039321767767844074e-01 2.039349815379933040e-01 2.039402757138757682e-01 2.039402790536994081e-01 2.039349949269059770e-01
2.216084044396570141e-01 2.216087370775877974e-01 2.216097666059940463e-01 2.216097606584588875e-01 2.216087287460390964e-01
1.744590075927618389e-01 1.744589006703966827e-01 1.744588851343110980e-01 1.744588805587514169e-01 1.744588932542437687e-01
