1.864271140228013907e-02 1.864162331365791167e-02 1.864039180608514229e-02 1.864165434711054573e-02
1.612318219372442241e-01 1.612156003118975778e-01 1.611984702745512810e-01 1.612160439147468094e-01
1.306017822938686235e-01 1.304520548347235243e-01 1.302991907612877087e-01 1.304530428888316107e-01
1.318361314399232598e-01 1.313165957452733235e-01 1.307923311247324583e-01 1.313168383959035790e-01
1.999626314838613694e-01 1.997370035883254402e-01 1.995113901172232973e-01 1.997370050808080499e-01
2.118165984641180721e-01 2.118032023635695038e-01 2.117949359988337277e-01 2.118031977044789738e-01
1.999732118061681441e-01 1.999769884692203237e-01 1.999803314581017899e-01 1.999771173521316669e-01
1.334263221725290050e-01 1.333965704935054508e-01 1.333499571944644080e-01 1.333968850851509347e-01
1.325945703241187268e-01 1.324073612344017770e-01 1.322011061575097957e-01 1.324074424870355093e-01
1.985811173723872614e-01 1.984834590811508925e-01 1.984057127725114000e-01 1.984834608975593606e-01
2.117128279413343084e-01 2.116631135356004112e-01 2.116561718599423714e-01 2.116631062186880297e-01
1.997371720116117300e-01 1.997446891357642640e-01 1.997156444371046835e-01 1.997446432269130989e-01
1.321496171713862633e-01 1.329555399003529981e-01 1.336078494482934864e-01 1.329554460673859628e-01
1.246311551395031664e-01 1.277787707805371764e-01 1.309078547974782680e-01 1.277787493805700447e-01
1.848073989071062073e-01 1.867926670343632578e-01 1.892179236130726583e-01 1.867926676038495215e-01
2.098750370959125977e-01 2.102734300343437890e-01 2.111982489596150592e-01 2.102734294013527128e-01
1.998575977809155524e-01 1.998180833256969491e-01 1.993002235113648379e-01 1.998180538614777180e-01
1.281057524846561380e-01 1.270348431631538044e-01 1.238910077598816689e-01 1.270347740405132209e-01
7.230045470991351697e-02 6.640277765995784842e-02 5.811684298099957513e-02 6.640275745432444587e-02
2.333231775402575675e-02 1.960976454986349676e-02 1.430705909972229684e-02 1.960976228743007213e-02
2.928860077159413551e-03 2.130227543378655167e-03 5.315949047131451454e-04 2.130227397512532601e-03
