1.864304391757953122e-02 1.864177219004478983e-02 1.864035609348935196e-02 1.864170912202937902e-02
1.612372973478372606e-01 1.612187361799865826e-01 1.611987055912227629e-01 1.612178323825517734e-01
1.306515585579609839e-01 1.304822691077543728e-01 1.303091734665716150e-01 1.304802545071881148e-01
1.319573563686156914e-01 1.313727580329883404e-01 1.307847544360455083e-01 1.313722633346687541e-01
2.000558333349649609e-01 1.998030886783014048e-01 1.995493165731372365e-01 1.998030858023752410e-01
2.118235409028631777e-01 2.118105906546058625e-01 2.118003217462979815e-01 2.118106042742379513e-01
1.999733650457683753e-01 1.999763179069135310e-01 1.999799863593858251e-01 1.999761147978916520e-01
1.334714747482113051e-01 1.334081549049552784e-01 1.333347000323759080e-01 1.334076479688350025e-01
1.330167084527822952e-01 1.327023006229072488e-01 1.323719338583411453e-01 1.327021742282062378e-01
1.993093144090116731e-01 1.991492043124586386e-01 1.989972616192294541e-01 1.991492045685170631e-01
2.117984811054307581e-01 2.117406047911945255e-01 2.117084815922077312e-01 2.117406221410730593e-01
1.997329598248523408e-01 1.997481062997074064e-01 1.997261558483989785e-01 1.997482399354689186e-01
1.321308763666727282e-01 1.331144478104355211e-01 1.339682937282887509e-01 1.331147313477989702e-01
1.259026512937911346e-01 1.297706920943139941e-01 1.336560393585926876e-01 1.297707651066683232e-01
1.887086126200406555e-01 1.911600842934742528e-01 1.941007079451101125e-01 1.911600874554536256e-01
2.102704686152513935e-01 2.107663434823073834e-01 2.117561824190176412e-01 2.107663461427006224e-01
1.998646226746853549e-01 1.998292549710374288e-01 1.989300040519876855e-01 1.998293301908317943e-01
1.281529284743243013e-01 1.268103180600470836e-01 1.225071150305638151e-01 1.268104936512981229e-01
7.163902518600175073e-02 6.412406243858721766e-02 5.337240524231132849e-02 6.412411387328688372e-02
1.944510197743990962e-02 1.492173434067432976e-02 8.467927020766421661e-03 1.492174015560491368e-02
2.532428151648868572e-03 1.681535626185354064e-03 6.125480667630128469e-05 1.681536018680874524e-03
