1.879947892830314757e-02 1.879947891277616856e-02 1.879947885825981879e-02 1.879947887476026563e-02
1.650267679821822153e-01 1.650267677469653138e-01 1.650267669499622114e-01 1.650267671858031138e-01
1.726662758811942366e-01 1.726662753316724197e-01 1.726662735606935839e-01 1.726662741033583859e-01
1.731590483379234491e-01 1.731590481180003416e-01 1.731590477277107076e-01 1.731590479347544786e-01
2.033659659249128504e-01 2.033659658822629113e-01 2.033659658853468055e-01 2.033659659182299184e-01
2.118440792946853224e-01 2.118440792905673387e-01 2.118440792735644951e-01 2.118440792745990009e-01
2.010614094313838973e-01 2.010614093239128930e-01 2.010614089792349124e-01 2.010614090856383540e-01
1.482286469121956718e-01 1.482286466465546626e-01 1.482286459255362232e-01 1.482286461843816960e-01
1.485105092871675248e-01 1.485105091787835008e-01 1.485105093227745143e-01 1.485105094121613456e-01
2.013030583001252094e-01 2.013030582712061201e-01 2.013030584005771340e-01 2.013030584111740184e-01
2.120695194852942889e-01 2.120695194810859052e-01 2.120695194795141902e-01 2.120695194790173654e-01
2.013030584826349945e-01 2.013030584494011899e-01 2.013030584321078564e-01 2.013030584671291756e-01
1.485105104216201399e-01 1.485105103384432856e-01 1.485105106116306473e-01 1.485105106951944420e-01
1.482286469207553248e-01 1.482286468947351665e-01 1.482286483139517441e-01 1.482286483172534919e-01
2.010614090032458168e-01 2.010614089889779799e-01 2.010614096065734269e-01 2.010614095881655405e-01
2.118440792673677853e-01 2.118440792646347215e-01 2.118440792773247372e-01 2.118440792777749049e-01
2.033659659593120839e-01 2.033659659486213023e-01 2.033659660095969157e-01 2.033659660405989500e-01
1.731590489004749822e-01 1.731590488976716968e-01 1.731590497323464428e-01 1.731590497498961545e-01
1.726662744379144632e-01 1.726662746150930960e-01 1.726662776376014230e-01 1.726662774508439246e-01
1.650267668650070019e-01 1.650267669369742118e-01 1.650267682849630713e-01 1.650267681882691129e-01
1.879947884423990162e-02 1.879947884272394412e-02 1.879947893580049059e-02 1.879947892696825357e-02
