1.864115340574493476e-02 1.864124981725000588e-02 1.864040469716661888e-02 1.864114611548279080e-02
1.612071226508211552e-01 1.612059929760236154e-01 1.611963190078603558e-01 1.612045082344689961e-01
1.303667247519874062e-01 1.303264438549159299e-01 1.302617178093642691e-01 1.303231354872907422e-01
1.311606937489012970e-01 1.309862773439001704e-01 1.307908328310533330e-01 1.309854676968655873e-01
1.993300268340883752e-01 1.992491170673863776e-01 1.991694929066666619e-01 1.992491139949103263e-01
2.117578801998074856e-01 2.117469435261128685e-01 2.117491159539919565e-01 2.117469657642035430e-01
1.999774960706380278e-01 1.999803089112272003e-01 1.999802998522147990e-01 1.999799657348035054e-01
1.333244106654697392e-01 1.333445450386611109e-01 1.333296530227578713e-01 1.333436899526093677e-01
1.310474887061231219e-01 1.310597768873383029e-01 1.310397222416916641e-01 1.310595617203135221e-01
1.954196557992136374e-01 1.954152576492358684e-01 1.954261992481502175e-01 1.954152570643411246e-01
2.113243111050536194e-01 2.113009965220392916e-01 2.113180168997433328e-01 2.113010248865575813e-01
1.997268515230082864e-01 1.997239570326744262e-01 1.997112155085764840e-01 1.997241703461881679e-01
1.322219599953642633e-01 1.324575034549871633e-01 1.326028033221818281e-01 1.324579543136515658e-01
1.218893248353479231e-01 1.227708566700099757e-01 1.236029961283434953e-01 1.227709703848521849e-01
1.754093381611412372e-01 1.759419273779322945e-01 1.766050414792052492e-01 1.759419311537432085e-01
2.088978616167851687e-01 2.089908670165020466e-01 2.092829424221354651e-01 2.089908710743351161e-01
1.998303832649118983e-01 1.998155866096125999e-01 1.997573812017381101e-01 1.998157063865348693e-01
1.279507287545790795e-01 1.276774069848039816e-01 1.269537699587049151e-01 1.276776870309784262e-01
7.442504836011988589e-02 7.290228953767362297e-02 7.080263954001421445e-02 7.290237255340883959e-02
3.434432970215341857e-02 3.328909468419744000e-02 3.177958115153348140e-02 3.328910438678215483e-02
3.875942183683108496e-03 3.601456828141992323e-03 3.021204941598794585e-03 3.601457467419445779e-03
