1.883062536865895420e-02 1.882888647160855036e-02 1.882732359897747523e-02 1.882888643563786907e-02
1.657594253409164775e-01 1.657355780741760209e-01 1.657123528467838725e-01 1.657355775419650512e-01
1.806816023033215868e-01 1.804801798326728934e-01 1.802815270329649611e-01 1.804801786358294358e-01
1.814245076015874314e-01 1.807503976121328515e-01 1.800890936824669220e-01 1.807503973037951628e-01
2.041782311100100999e-01 2.039067964064074645e-01 2.036518825073774241e-01 2.039067963771113989e-01
2.118363136681270520e-01 2.118505875776725833e-01 2.118615258407485491e-01 2.118505875546315143e-01
2.025845733843041618e-01 2.025378591311599030e-01 2.024667092791593570e-01 2.025378589154636921e-01
1.667602368937292356e-01 1.656947459056446470e-01 1.646326375739639303e-01 1.656947454095333561e-01
1.697403877574175934e-01 1.657146085654773171e-01 1.618057113540810887e-01 1.657146083670389125e-01
2.040284126524495867e-01 2.023170949834545429e-01 2.007678627135248417e-01 2.023170949338084224e-01
2.120132584515046492e-01 2.120260423807567574e-01 2.120519767588425475e-01 2.120260423748300538e-01
2.025427312882142616e-01 2.024271214412393660e-01 2.021612267867800294e-01 2.024271214027936194e-01
1.660088092143541527e-01 1.621583049845472524e-01 1.582977508949284795e-01 1.621583048312314757e-01
1.749611290628139693e-01 1.600675900639260962e-01 1.458508918940035204e-01 1.600675898191163682e-01
2.041702929801743893e-01 1.977581085547987505e-01 1.923920047753958917e-01 1.977581084446618231e-01
2.114231399015426838e-01 2.113584477573539344e-01 2.116573378745155720e-01 2.113584477489658386e-01
2.037001051530191731e-01 2.035376737746430187e-01 2.027681898604349608e-01 2.035376737964210148e-01
1.825337536654005333e-01 1.730140548017058688e-01 1.625972178319044226e-01 1.730140547589317235e-01
1.913109089399114560e-01 1.517783896131618404e-01 1.120172963618666501e-01 1.517783892632912635e-01
1.427042399970007147e-01 1.153110338703555587e-01 8.611542181662762419e-02 1.153110336982384188e-01
2.102312784841064985e-02 1.386725444359760383e-02 3.536737848223880758e-03 1.386725442379228498e-02
