1.750747791090281058e-01 1.750893582306745633e-01 1.749924000221413090e-01 1.749213601335432577e-01 1.749693050474635525e-01
2.244111484209427299e-01 2.244705132735472786e-01 2.240437376436877071e-01 2.237287717623505368e-01 2.239477865217131269e-01
2.161692051225303779e-01 2.163503257491881937e-01 2.149685050595070424e-01 2.139446536238951146e-01 2.146703277274854826e-01
2.430398502989322695e-01 2.437303974274175333e-01 2.389144872862935254e-01 2.353850671196046629e-01 2.378118704714902998e-01
2.912256794408764060e-01 2.914493156584297417e-01 2.810088485460648933e-01 2.746682723103762713e-01 2.806651209672177405e-01
2.499326759580083046e-01 2.494357578230296801e-01 2.408214253257190962e-01 2.361864195089764251e-01 2.415412540916923589e-01
2.156322107381233311e-01 2.154431187703503559e-01 2.128946723763112114e-01 2.115433878432833037e-01 2.131452101068037064e-01
2.039678118941158913e-01 2.039736385878060110e-01 2.032465406255333784e-01 2.028500902943559114e-01 2.033031837671114006e-01
2.004964978715433888e-01 2.007036475702111411e-01 2.007278260820481164e-01 2.006358174322279142e-01 2.005259908735949059e-01
2.003833404444212707e-01 1.993793105711720581e-01 2.002601414448977046e-01 2.002340848394091599e-01 1.993314967336667909e-01
2.110543165030618618e-01 1.998201572754145228e-01 1.991222890589570138e-01 1.991486298661814258e-01 1.998356786136729069e-01
2.001289488821932361e-01 1.990636087326961567e-01 1.999656334133393387e-01 1.999928503548646097e-01 1.990889656306222555e-01
1.996070441929066464e-01 1.997783332382251364e-01 1.999915571975642015e-01 1.999966676163805746e-01 1.997834394203549802e-01
1.997076517932491191e-01 1.997609726639046623e-01 1.997575379082153768e-01 1.997548166032778461e-01 1.997570563757933848e-01
1.996179060826419049e-01 1.996211499899216424e-01 1.996118129131855545e-01 1.996108344633686915e-01 1.996196915631129887e-01
1.997662001590377878e-01 1.997636744795415198e-01 1.997606953797042284e-01 1.997605835851307132e-01 1.997635460207309588e-01
1.999923927114923006e-01 1.999918203887513513e-01 1.999914901895181729e-01 1.999915497878726189e-01 1.999919384859204230e-01
2.005361605122694124e-01 2.005361712039889777e-01 2.005361188708379427e-01 2.005361467061964609e-01 2.005362286176473885e-01
2.039342134960855368e-01 2.039342264574850461e-01 2.039341923413210966e-01 2.039341948876648991e-01 2.039342390792027448e-01
2.214664187041722743e-01 2.214664012470183296e-01 2.214663628769035220e-01 2.214663526964819051e-01 2.214663883393746258e-01
1.744196432048777945e-01 1.744196311127449717e-01 1.744196079132562804e-01 1.744196009094067523e-01 1.744196207335167448e-01
