1.886537015532419731e-02 1.886537015423220276e-02 1.886537016026117522e-02 1.886537013373372138e-02
1.663263914330011806e-01 1.663263914150061584e-01 1.663263911986131438e-01 1.663263911353036750e-01
1.864617092431814782e-01 1.864617091199192167e-01 1.864617086198027407e-01 1.864617086290757397e-01
1.866121782281659203e-01 1.866121778755998883e-01 1.866121779722113849e-01 1.866121780277579523e-01
2.043897095787450824e-01 2.043897093350847405e-01 2.043897094662595337e-01 2.043897093605218929e-01
2.116920724722759772e-01 2.116920725812150850e-01 2.116920723139465443e-01 2.116920724446586799e-01
1.990866234944962954e-01 1.990866237330416177e-01 1.990866232287522297e-01 1.990866238001048616e-01
1.350506043204497131e-01 1.350506032596449080e-01 1.350506042474897694e-01 1.350506047335613136e-01
1.359356179665338893e-01 1.359356126713215096e-01 1.359356189310018392e-01 1.359356192081928316e-01
1.996246636263298568e-01 1.996246592731638902e-01 1.996246640010486684e-01 1.996246619163543623e-01
2.119101158037301480e-01 2.119101158300093768e-01 2.119101157713928762e-01 2.119101156765283711e-01
1.996246607757695135e-01 1.996246638795388106e-01 1.996246609999019206e-01 1.996246643265904008e-01
1.359356188830505574e-01 1.359356207735887556e-01 1.359356197219997175e-01 1.359356229070917965e-01
1.350506066312051889e-01 1.350506060147902698e-01 1.350506079737971432e-01 1.350506090830260464e-01
1.990866236643795972e-01 1.990866229003031562e-01 1.990866242445974987e-01 1.990866241641237877e-01
2.116920723842175556e-01 2.116920722325473514e-01 2.116920724606423942e-01 2.116920723360695700e-01
2.043897093278005950e-01 2.043897094583593810e-01 2.043897094282063620e-01 2.043897095588373680e-01
1.866121789480907345e-01 1.866121790444310036e-01 1.866121793359324099e-01 1.866121795054845600e-01
1.864617096130810614e-01 1.864617095586120488e-01 1.864617105392331053e-01 1.864617106859919327e-01
1.663263911969872499e-01 1.663263911450665877e-01 1.663263915689437156e-01 1.663263916439232937e-01
1.886537012441163313e-02 1.886537011571382677e-02 1.886537014213795008e-02 1.886537015482038851e-02
