1.978232938825997267e-01 2.074993512753448843e-01 2.038755854562421810e-01 2.038959951842673479e-01 2.074972784547639004e-01
2.261796388346013209e-01 2.358769803508170282e-01 2.313778760453162886e-01 2.314178887707204757e-01 2.358893709876713207e-01
2.119429310596187277e-01 2.125920353826864784e-01 2.192349633959708999e-01 2.192396493760695730e-01 2.126176302672180829e-01
2.354589068023976439e-01 2.190665447338471516e-01 2.325441575359868951e-01 2.325147910415989450e-01 2.190861098356509384e-01
2.058310573374914632e-01 2.082103225019171777e-01 2.029525769555401982e-01 2.030083899474902642e-01 2.082473002198605427e-01
2.141652656912383934e-01 2.436883586330635121e-01 2.314231013945431958e-01 2.315148109971569834e-01 2.437404949214890537e-01
2.239372036553249345e-01 2.237911144039328726e-01 2.110559118845873328e-01 2.111554813648151840e-01 2.238814438411206309e-01
2.341505778266409765e-01 2.261781941585222500e-01 2.261605311643390681e-01 2.261294759952428013e-01 2.262610893991053862e-01
2.393508215680690554e-01 2.579747083501655047e-01 2.394243919030591972e-01 2.394308117180480033e-01 2.580416031617317474e-01
2.207968382843427668e-01 2.337472298693041295e-01 2.187416373878180442e-01 2.188762570262427209e-01 2.338819999881236456e-01
5.799119192445693072e-01 2.395792524436188287e-01 2.811102118193633537e-01 2.812387828304166448e-01 2.396587641106319999e-01
2.207828130312809722e-01 2.340427557170392248e-01 2.188621266254984765e-01 2.189326784385630664e-01 2.341566172477541341e-01
2.391622519911112410e-01 2.581764451506095015e-01 2.395474610430542439e-01 2.394813686024782617e-01 2.582319736526187404e-01
2.347067731974840643e-01 2.263351205763580731e-01 2.264877740967432829e-01 2.265161330013767127e-01 2.263937932666556241e-01
2.243546809460702784e-01 2.239909782619974588e-01 2.111786643278704412e-01 2.113038195336834624e-01 2.240726087797081378e-01
2.144437149499022199e-01 2.444887790479822465e-01 2.319556344400780790e-01 2.320608552978014882e-01 2.445350595887340883e-01
2.059266969741330999e-01 2.085401073611768963e-01 2.030813574446649616e-01 2.031053340159783560e-01 2.085758173872259702e-01
2.359134169771254785e-01 2.194331464024218969e-01 2.331047651114923902e-01 2.330560165791444316e-01 2.194750328897243363e-01
2.123178663024787582e-01 2.127539771598895291e-01 2.195312603387195582e-01 2.195637510365734679e-01 2.127991663474576578e-01
2.264009643916438663e-01 2.361788562585361573e-01 2.315890045444410905e-01 2.316389135290033985e-01 2.361957372284720635e-01
1.983446109181947470e-01 2.081951774117239418e-01 2.044885221232615180e-01 2.045150990991108086e-01 2.081956106825208763e-01
