1.886537015647153301e-02 1.886537015111040480e-02 1.886537016070457054e-02 1.886537013368471544e-02
1.663263915384495251e-01 1.663263914967517687e-01 1.663263913142358497e-01 1.663263912498726960e-01
1.864617104275175519e-01 1.864617101056879056e-01 1.864617098259892802e-01 1.864617099298593872e-01
1.866121794693759162e-01 1.866121784106368198e-01 1.866121792975109217e-01 1.866121797006747296e-01
2.043897097520336881e-01 2.043897091565317070e-01 2.043897097171149813e-01 2.043897096082469278e-01
2.116920722664797916e-01 2.116920726611432324e-01 2.116920721545184902e-01 2.116920725134668613e-01
1.990866218448334168e-01 1.990866225464152095e-01 1.990866218027216306e-01 1.990866232434943539e-01
1.350505925319183398e-01 1.350505886083897544e-01 1.350505934649542938e-01 1.350505962372618995e-01
1.359356070334960531e-01 1.359355895216669552e-01 1.359356105008797666e-01 1.359356161305449173e-01
1.996246641399766486e-01 1.996246518635116374e-01 1.996246654680629007e-01 1.996246626101208232e-01
2.119101158092491777e-01 2.119101159781984489e-01 2.119101157044206984e-01 2.119101154839661827e-01
1.996246590156984524e-01 1.996246661724088434e-01 1.996246597998998507e-01 1.996246677734479225e-01
1.359356228217785956e-01 1.359356262805622162e-01 1.359356253809001769e-01 1.359356338600921643e-01
1.350506121550499317e-01 1.350506088240900904e-01 1.350506147286892056e-01 1.350506191331237171e-01
1.990866243504421929e-01 1.990866217119055814e-01 1.990866253251240559e-01 1.990866258507694164e-01
2.116920725021004257e-01 2.116920720662021915e-01 2.116920725909035295e-01 2.116920723041297303e-01
2.043897095449766499e-01 2.043897098333634643e-01 2.043897097047669698e-01 2.043897099934788297e-01
1.866121826831476094e-01 1.866121827714409820e-01 1.866121832534920477e-01 1.866121837316261078e-01
1.864617134287942235e-01 1.864617130400422484e-01 1.864617146780656043e-01 1.864617152560026914e-01
1.663263915102069224e-01 1.663263913056057530e-01 1.663263920179074984e-01 1.663263922699874942e-01
1.886537013533371582e-02 1.886537011890787596e-02 1.886537016363491748e-02 1.886537019006965035e-02
