2.047641293028930332e-01 2.034257959092587442e-01 2.053620349042939719e-01 2.034251035068699587e-01
2.460173318963946865e-01 2.446824764177907563e-01 2.484593889606936112e-01 2.446797612910621422e-01
2.343412547104575805e-01 2.439770233065663152e-01 2.361331737717672352e-01 2.439767094822671012e-01
2.379497943529413351e-01 2.477718987837425058e-01 2.309412705851945635e-01 2.477768504660464444e-01
2.298121373530525868e-01 2.253599636508344661e-01 2.335881177324521385e-01 2.253559964694426543e-01
2.431919794383846645e-01 2.198151235062495990e-01 2.449032532299452447e-01 2.198129993852507846e-01
2.397545104341909650e-01 2.263083069780748857e-01 2.386626833407064496e-01 2.263091590848579637e-01
2.298679418475058356e-01 2.700907199784031154e-01 2.301619181674510461e-01 2.700895228685437077e-01
2.424390485344080359e-01 2.875619968348737676e-01 2.450652148587776080e-01 2.875601263228314552e-01
2.429963853582984279e-01 2.252196591584562091e-01 2.395821226381343594e-01 2.252219589827191837e-01
2.634520083924810629e-01 2.184059481218985910e-01 2.590701020350024697e-01 2.184099235640913350e-01
2.433173299166198067e-01 2.238074128720384248e-01 2.384528611826336464e-01 2.238136460006439343e-01
2.318724496663527590e-01 2.809204356212444686e-01 2.349006382124013692e-01 2.809130154133878121e-01
2.329613512391571217e-01 2.803663828794399904e-01 2.369828270534318770e-01 2.803639293305719149e-01
2.439318850292787333e-01 2.271925530084035749e-01 2.390789926924320741e-01 2.271960633117610928e-01
2.496871934099582635e-01 2.202351736603127552e-01 2.510078322575016729e-01 2.202354992363402542e-01
2.313256495221185094e-01 2.251584630880536231e-01 2.384871001364436971e-01 2.251572475759816838e-01
2.331524300342665279e-01 2.507376836824449229e-01 2.292514110867918398e-01 2.507409597273823620e-01
2.390085358235851942e-01 2.514346143398237809e-01 2.286546209960474973e-01 2.514334444024974857e-01
2.429819222410978530e-01 2.385338322192221139e-01 2.483282938935606476e-01 2.385304433748650643e-01
1.873406474335575223e-01 1.970130888944928438e-01 2.767273585032515859e-01 1.970119551153244331e-01
