2.020266918504110276e-01 2.020266828881470411e-01 2.020266841046239603e-01 2.020266875955465946e-01
2.291301712484786202e-01 2.291301532047234357e-01 2.291301576251805749e-01 2.291301584849744222e-01
1.939519877462928810e-01 1.939519709771051204e-01 1.939519749479190758e-01 1.939519672374810100e-01
1.901272647362068635e-01 1.901272533142167043e-01 1.901272593085928386e-01 1.901272379441107663e-01
2.052529484124645254e-01 2.052529417275217594e-01 2.052529348981314838e-01 2.052529145380214692e-01
2.153730233849394660e-01 2.153730349360221952e-01 2.153730207382632267e-01 2.153729742626897814e-01
2.179342518497942305e-01 2.179343522016553569e-01 2.179343999767775486e-01 2.179342718262614609e-01
2.341455177383588993e-01 2.341459867051587374e-01 2.341462821149730977e-01 2.341457620949966845e-01
2.346252024303781825e-01 2.346262741979499022e-01 2.346264972847328378e-01 2.346252864493223733e-01
2.188844521791892539e-01 2.188849540989086795e-01 2.188851255625165193e-01 2.188845319971536030e-01
2.187026439013395884e-01 2.187031086140675262e-01 2.187034083617820646e-01 2.187028462219161029e-01
2.186996633613653707e-01 2.187009684210184934e-01 2.187021105419966471e-01 2.187008441141861381e-01
2.339815364781747398e-01 2.339862044413173747e-01 2.339894596685531958e-01 2.339857061343562916e-01
2.334956838750545660e-01 2.335027447913924636e-01 2.335083810521657588e-01 2.335021485784677941e-01
2.177309578750328822e-01 2.177295130182967386e-01 2.177334281897919110e-01 2.177293717329583100e-01
2.152989778382340125e-01 2.153068787634597747e-01 2.153302439383061595e-01 2.153068172933690627e-01
2.052410502170697593e-01 2.052505661977762907e-01 2.051822873954843585e-01 2.052506120513334642e-01
1.901204335122589351e-01 1.900900555356213883e-01 1.895998306256488353e-01 1.900900448766815187e-01
1.940566855426943960e-01 1.923150486783633817e-01 1.907632599961925912e-01 1.923150480606780066e-01
2.254179825417143290e-01 2.199300944832414118e-01 2.263751129197105472e-01 2.199300941598224535e-01
1.824921369999040477e-01 1.950026642409967703e-01 2.680294358524375475e-01 1.950026640858592841e-01
