2.794962306429771282e-02 2.794962449439835489e-02 2.794962518382838185e-02 2.794962424653698110e-02 2.794962282146210356e-02
1.714448006025048321e-01 1.714448034501745433e-01 1.714448051112710536e-01 1.714448034799404275e-01 1.714448003544296606e-01
2.005903836027230769e-01 2.005903820883514765e-01 2.005903849065338584e-01 2.005903888056904116e-01 2.005903872112859143e-01
2.002122531673121986e-01 2.002122005005682326e-01 2.002122298722111837e-01 2.002123117385798956e-01 2.002123238079106249e-01
1.997946423228554313e-01 1.997941170192642502e-01 1.997944165378437165e-01 1.997951492029505227e-01 1.997952851742569591e-01
1.990210635720870980e-01 1.990205405291362861e-01 1.990208138130689919e-01 1.990215111083986632e-01 1.990216540787078381e-01
1.997168849175890437e-01 1.997168147870209964e-01 1.997168149242098123e-01 1.997168462858346372e-01 1.997168577294289593e-01
1.996120697869224192e-01 1.996119286230346179e-01 1.996120209185331396e-01 1.996122749759666193e-01 1.996123500129421968e-01
1.959868586864519646e-01 1.959839156867081433e-01 1.959856698739508019e-01 1.959898834437899251e-01 1.959907497638039564e-01
1.652088597132187475e-01 1.651876081598089019e-01 1.652003129439270912e-01 1.652296784772082916e-01 1.652351270379469328e-01
8.091393181327669049e-02 8.089283268158814488e-02 8.090488229936881881e-02 8.093317643314903997e-02 8.093899676857330139e-02
1.652124820430855012e-01 1.652103618047967848e-01 1.652111082278254761e-01 1.652133360445119103e-01 1.652144332127672699e-01
1.959876402626075931e-01 1.959881053343276724e-01 1.959877635184518740e-01 1.959870670564111128e-01 1.959870770206576240e-01
1.996122345572787227e-01 1.996124862114420917e-01 1.996123555096036839e-01 1.996120342081739440e-01 1.996119820750783258e-01
1.997167682950327650e-01 1.997163056488715782e-01 1.997165857590124105e-01 1.997172239828660101e-01 1.997173298451954127e-01
1.990208668670954140e-01 1.990202956552649116e-01 1.990206274793606400e-01 1.990214007346677860e-01 1.990215454912158399e-01
1.997946757836969178e-01 1.997946274549813606e-01 1.997946456162325857e-01 1.997947003494410234e-01 1.997947208054241253e-01
2.002122603350755536e-01 2.002122855035663451e-01 2.002122704500733374e-01 2.002122325778654954e-01 2.002122277003879902e-01
2.005903872827005108e-01 2.005904212432177147e-01 2.005904015301423482e-01 2.005903541237611387e-01 2.005903458599124223e-01
1.714448070811917246e-01 1.714448656590859266e-01 1.714448313264445023e-01 1.714447511307593541e-01 1.714447363488455223e-01
2.794962742993568200e-02 2.794965527837330044e-02 2.794963894786185038e-02 2.794960090049678630e-02 2.794959382255124761e-02
