3.022520821739970668e-03 3.045895364356306263e-03 3.060027033496872696e-03 3.060025076654516139e-03 3.045892069422247595e-03
3.981788684526590960e-02 3.991695267035105799e-02 3.991589690922666550e-02 3.991588195374409787e-02 3.991692669238202512e-02
1.699948008186489834e-01 1.701701460680125344e-01 1.701115142015278692e-01 1.701114939117996105e-01 1.701701032905842403e-01
1.984655529262475404e-01 1.987026446761532283e-01 1.987323374140527732e-01 1.987323219279091280e-01 1.987025823778718059e-01
1.990478140593537892e-01 1.994882163590127044e-01 1.999315395119870276e-01 1.999315259566622760e-01 1.994881659447548805e-01
1.971607905713677333e-01 1.973323785606481695e-01 1.978579018860293637e-01 1.978578994869331364e-01 1.973323716371389036e-01
1.923476686662544954e-01 1.918588018615908219e-01 1.921027507814376811e-01 1.921027753901714819e-01 1.918588243830462170e-01
1.969221444866030846e-01 1.975965072947122037e-01 1.981856411423032482e-01 1.981856495533673435e-01 1.975965049844397026e-01
1.809641818646860467e-01 1.928753044745795120e-01 1.995189475179413863e-01 1.995189417469114823e-01 1.928752523030595467e-01
9.869570507118101410e-02 1.512038883092554631e-01 1.953743684790184010e-01 1.953743651666398073e-01 1.512038472145234014e-01
2.230190468110879870e-03 8.623998878423604075e-02 1.622394920360946402e-01 1.622394971227297811e-01 8.623998749611980208e-02
9.869571999959884934e-02 1.512040869483185224e-01 1.953746938160922375e-01 1.953747009082865416e-01 1.512040934806820613e-01
1.809640744714388627e-01 1.928753223796655092e-01 1.995190260590790909e-01 1.995190268297473146e-01 1.928753268000969190e-01
1.969220398693010132e-01 1.975964902099151266e-01 1.981856116335395379e-01 1.981855981138370970e-01 1.975964813725112346e-01
1.923475161483351181e-01 1.918586508808943769e-01 1.921024715156443019e-01 1.921024598189087773e-01 1.918586382039509930e-01
1.971610382065987765e-01 1.973325973399699951e-01 1.978579692595433259e-01 1.978579681819758740e-01 1.973325955595761627e-01
1.990479299683486081e-01 1.994883927620047515e-01 1.999316814302732614e-01 1.999316826535989799e-01 1.994883954378738333e-01
1.984654875901448179e-01 1.987026619702073338e-01 1.987323700679653471e-01 1.987323668262978571e-01 1.987026653385148556e-01
1.699948959836558027e-01 1.701702981621304456e-01 1.701116852066924534e-01 1.701116690826041944e-01 1.701702877274306469e-01
3.981855198100685278e-02 3.991764699799317528e-02 3.991661492075537082e-02 3.991660236176667459e-02 3.991763387836267524e-02
3.022649674653563132e-03 3.046030897877657993e-03 3.060169411735406356e-03 3.060168284796458815e-03 3.046029753470282271e-03
