2.002199500364421902e-01 2.095731124606886320e-01 2.062320032097124667e-01 2.062322295907273728e-01 2.095730399559894430e-01
2.260289297426678889e-01 2.360545063768866303e-01 2.320203210932463012e-01 2.320207710517231681e-01 2.360545451195568134e-01
2.115750851320031267e-01 2.123465734743226196e-01 2.194907156820010696e-01 2.194909016175643768e-01 2.123466565912857373e-01
2.361079376253024664e-01 2.192670743673700851e-01 2.335989216742311303e-01 2.335985773986909153e-01 2.192673927256126032e-01
2.041639909935514252e-01 2.068230952524513222e-01 2.024725314492875905e-01 2.024729004381029263e-01 2.068236221390202800e-01
2.077205492834781064e-01 2.442924901697665352e-01 2.316582499636809511e-01 2.316591927362973979e-01 2.442928826022653099e-01
2.111622932498886662e-01 2.214266856570272501e-01 2.106906381458323041e-01 2.106915269261493973e-01 2.214273629345391847e-01
2.308188542067563520e-01 2.106170134781458481e-01 2.252869841839883758e-01 2.252868639306893073e-01 2.106174243893969011e-01
2.468848214734835900e-01 2.330694422941416155e-01 2.324279154956500337e-01 2.324278593598531617e-01 2.330698930502280997e-01
1.749740278223616552e-01 2.480976475945358417e-01 2.174062299223605554e-01 2.174070955609576083e-01 2.480984971284404539e-01
8.971875357622789426e-01 2.190932874703571676e-01 2.769388903496943222e-01 2.769397993911021927e-01 2.190939924452224019e-01
1.749737343670614009e-01 2.480969203710916837e-01 2.174059920334705520e-01 2.174066178527524762e-01 2.480977911403979552e-01
2.468857986736619492e-01 2.330698627382344623e-01 2.324292311206418438e-01 2.324288134145940099e-01 2.330702467108710652e-01
2.308183182165983727e-01 2.106166346867733019e-01 2.252859005378065327e-01 2.252860990027860388e-01 2.106171203885665311e-01
2.111628499876237464e-01 2.214278270399979154e-01 2.106908353649530885e-01 2.106917707678021279e-01 2.214284328779613231e-01
2.077206408820024830e-01 2.442933102475048912e-01 2.316584617711724137e-01 2.316592565306847540e-01 2.442938055797627683e-01
2.041641231975381832e-01 2.068231898998214024e-01 2.024725353644052928e-01 2.024727566658088007e-01 2.068234842858591438e-01
2.361089787876146651e-01 2.192673809596764056e-01 2.335998238005901895e-01 2.335994628386687255e-01 2.192676732988464994e-01
2.115753848645833268e-01 2.123465314733063991e-01 2.194904670978489736e-01 2.194907305993864799e-01 2.123468949771412928e-01
2.260291148246822979e-01 2.360550158104025853e-01 2.320204779109784898e-01 2.320208635184574097e-01 2.360551538331225885e-01
2.002201497287340592e-01 2.095736425844318407e-01 2.062323437386608393e-01 2.062325383069462392e-01 2.095736771508153184e-01
