2.794962369962157925e-02 2.794962370089704856e-02 2.794962359830570689e-02 2.794962352129939237e-02 2.794962356257359171e-02
1.714448008598357109e-01 1.714448008205424201e-01 1.714448006206942543e-01 1.714448004752123778e-01 1.714448005174361023e-01
2.005903819863134596e-01 2.005903817686800483e-01 2.005903817108417031e-01 2.005903816805827966e-01 2.005903815000202040e-01
2.002122491980392049e-01 2.002122485514164218e-01 2.002122485141854535e-01 2.002122485553613773e-01 2.002122478987900800e-01
1.997946138137999816e-01 1.997946130886549265e-01 1.997946118388171100e-01 1.997946110111790685e-01 1.997946105071621292e-01
1.990207122009046981e-01 1.990207122902598602e-01 1.990207101140002155e-01 1.990207083834924506e-01 1.990207088191570106e-01
1.997167560490521465e-01 1.997167561667789748e-01 1.997167570996628005e-01 1.997167560538528897e-01 1.997167565422076074e-01
1.996121738025826986e-01 1.996121736965713045e-01 1.996121747228898902e-01 1.996121743414663863e-01 1.996121738781092836e-01
1.959874718552928607e-01 1.959874711156520677e-01 1.959874711402200265e-01 1.959874707576458319e-01 1.959874697566015567e-01
1.652125389801115118e-01 1.652125365376289623e-01 1.652125363818623682e-01 1.652125371476590443e-01 1.652125370660493808e-01
8.091737805630908054e-02 8.091737715217790783e-02 8.091738389404323772e-02 8.091738788610713939e-02 8.091738487618960196e-02
1.652125323415542801e-01 1.652125335951756258e-01 1.652125412178490627e-01 1.652125445910942736e-01 1.652125408643532467e-01
1.959874687522654979e-01 1.959874695151068991e-01 1.959874705919850968e-01 1.959874710668051967e-01 1.959874710643454421e-01
1.996121729044789961e-01 1.996121731265454724e-01 1.996121734577969709e-01 1.996121738904914900e-01 1.996121740226255992e-01
1.997167541045329342e-01 1.997167535895746637e-01 1.997167543842691684e-01 1.997167554416932611e-01 1.997167555352014900e-01
1.990207008486346851e-01 1.990207003010790177e-01 1.990207017236129694e-01 1.990207034276832154e-01 1.990207034951315124e-01
1.997946085624454637e-01 1.997946088429990996e-01 1.997946096445507302e-01 1.997946104989727634e-01 1.997946108295183265e-01
2.002122477225705410e-01 2.002122481252406605e-01 2.002122481282428978e-01 2.002122481304107471e-01 2.002122484854326756e-01
2.005903813940764224e-01 2.005903815337257978e-01 2.005903815309548754e-01 2.005903815081835351e-01 2.005903816097446279e-01
1.714448003268725373e-01 1.714448003763846540e-01 1.714448004229736644e-01 1.714448004333904430e-01 1.714448004311215912e-01
2.794962354172355473e-02 2.794962355477855279e-02 2.794962358049099885e-02 2.794962358915406564e-02 2.794962357773928679e-02
