2.074498532484997104e-01 2.087927226067785025e-01 2.078301711865713219e-01 2.078291754250725931e-01 2.087923892863033370e-01
2.371583978065810727e-01 2.368219623340281632e-01 2.327224458339393620e-01 2.327195556696986800e-01 2.368192194487626356e-01
2.195534608160837897e-01 2.194601169973541543e-01 2.187093837706728661e-01 2.187080161286337476e-01 2.194579673317249568e-01
2.351022550351084817e-01 2.336258718319610683e-01 2.360845239684847829e-01 2.360864491031202661e-01 2.336255964368622040e-01
2.159261351199102952e-01 2.117059739618124548e-01 2.041855814485582232e-01 2.041816673560426232e-01 2.117000292502632108e-01
2.480605663948236561e-01 2.443664600508300144e-01 2.380424109050787440e-01 2.380369525963383914e-01 2.443609815140233565e-01
2.405688221557741591e-01 2.300890932596095229e-01 2.139416989814077463e-01 2.139322662627303473e-01 2.300769152103898096e-01
2.310486759131543388e-01 2.338625597828652702e-01 2.291738380376695250e-01 2.291733372368360278e-01 2.338604634200520671e-01
2.362464644538919412e-01 2.432363117139492714e-01 2.385988926843966573e-01 2.386001904315030731e-01 2.432358206486534558e-01
2.437528723241454975e-01 2.302342762072012439e-01 2.122286472596960905e-01 2.122189255180988443e-01 2.302194904518473917e-01
2.881988810276215895e-01 2.498814795265787703e-01 2.437971952832648226e-01 2.437904929539081444e-01 2.498727342485891068e-01
2.437626313707175751e-01 2.302446729133998671e-01 2.122387785075832145e-01 2.122290707714034053e-01 2.302299392203697170e-01
2.362330322168032792e-01 2.432243620539031870e-01 2.385854017238396574e-01 2.385866738878746340e-01 2.432239183919105430e-01
2.310624093136645352e-01 2.338755222128486577e-01 2.291886029136814551e-01 2.291881184281123196e-01 2.338734148149790026e-01
2.405608596937734989e-01 2.300794268536127396e-01 2.139341267606462427e-01 2.139248437609573006e-01 2.300674187044354224e-01
2.480602096867618456e-01 2.443647735775409113e-01 2.380429357598701223e-01 2.380375543741656830e-01 2.443593613217013572e-01
2.159300926691285483e-01 2.117101328549664263e-01 2.041896322356066829e-01 2.041857642659447303e-01 2.117042664282309250e-01
2.350971539504677910e-01 2.336235540628608109e-01 2.360807056147400662e-01 2.360825703081975147e-01 2.336233126428170492e-01
2.195573445202991802e-01 2.194642542485392700e-01 2.187150157755335944e-01 2.187136832599486380e-01 2.194621563211162363e-01
2.371569238507232891e-01 2.368192305876871684e-01 2.327211677763410258e-01 2.327183579179451789e-01 2.368165476938590419e-01
2.074499584677649833e-01 2.087919856096051019e-01 2.078304073866996393e-01 2.078294366699951212e-01 2.087916477889722178e-01
