1.884403516228885800e-02 1.884437199542101510e-02 1.884432821442315678e-02 1.884437185329039185e-02
1.661312703031637139e-01 1.661349532417577823e-01 1.661354026682359264e-01 1.661349535837298719e-01
1.850602078491990210e-01 1.850672276588064824e-01 1.850646215938749894e-01 1.850672293921620248e-01
1.852336393712595841e-01 1.852290028768982799e-01 1.852156730161811649e-01 1.852290035448121985e-01
2.038968666160379528e-01 2.038923871038845759e-01 2.038899630481716130e-01 2.038923865357261112e-01
2.111177023619688897e-01 2.111157202155135582e-01 2.111211456205306369e-01 2.111157179107760462e-01
1.925611179019019181e-01 1.925752596679352335e-01 1.925878124694862248e-01 1.925752640232605006e-01
8.203089349893942506e-02 8.204584634085299033e-02 8.204282007392792175e-02 8.204585651396313628e-02
7.951547367324553195e-02 7.942885613789125998e-02 7.932789725379379986e-02 7.942887014674707147e-02
1.871019544715198379e-01 1.870501419290396261e-01 1.870185291868803612e-01 1.870501472802738874e-01
2.100328905369688026e-01 2.100027453392630250e-01 2.100123800979471211e-01 2.100027457346358983e-01
1.943758492818873085e-01 1.943466245518393476e-01 1.943167699551321403e-01 1.943466215638173789e-01
8.878232055648656307e-02 8.902524531504736605e-02 8.920392613190597508e-02 8.902523560221467513e-02
7.601859049211372177e-02 7.718409199057285619e-02 7.831522566621250403e-02 7.718408716226540789e-02
1.643795465122481203e-01 1.651083285667084288e-01 1.659623460720780763e-01 1.651083278324559367e-01
2.077072927873949981e-01 2.078710233017496967e-01 2.082429363554249846e-01 2.078710235424134356e-01
2.035655147351004834e-01 2.035535848962794769e-01 2.035373076284524851e-01 2.035535816795009112e-01
1.732996861628673946e-01 1.724436089159279151e-01 1.711767657730300929e-01 1.724436083915191764e-01
1.247947363377248514e-01 1.208715351609477989e-01 1.163116831084451130e-01 1.208715400332128903e-01
4.628037228545126697e-02 4.409134891061902012e-02 4.129831211606942859e-02 4.409135147452430958e-02
4.960339183599264505e-03 4.572257855573670648e-03 3.775509998575456508e-03 4.572258096275298549e-03
