1.925265686692398948e-01 1.859497801030656483e-01 1.893895233361423680e-01 1.893895174769247847e-01 1.859497697211086042e-01
2.284751441873204836e-01 2.245027290801616393e-01 2.257757369822944449e-01 2.257757376855108189e-01 2.245027115411735441e-01
2.074281075684626940e-01 2.108790627754635050e-01 2.065648779286254622e-01 2.065648838198801129e-01 2.108790474342616128e-01
2.092322801331283066e-01 2.193218491213593524e-01 2.119705693280930781e-01 2.119705701772593431e-01 2.193218288867853361e-01
2.020795008325841080e-01 2.005674307947382107e-01 2.008207086062418212e-01 2.008207056568517834e-01 2.005674216282931910e-01
2.380963926470873182e-01 2.043318173322642983e-01 2.204080117229390290e-01 2.204079918161497287e-01 2.043318168077963015e-01
2.102542687564467883e-01 2.025678476413432239e-01 2.038577761929736831e-01 2.038577601928064365e-01 2.025678293763652216e-01
2.003180224385270047e-01 2.188712682055915237e-01 2.033226992346883477e-01 2.033226831271608137e-01 2.188712426502178177e-01
2.020357169875717507e-01 2.264883836256925687e-01 2.084518351507167466e-01 2.084518217894232861e-01 2.264883553849585396e-01
2.079043290050764936e-01 2.010853903102573226e-01 2.030225562604074663e-01 2.030225413328652362e-01 2.010853771634497633e-01
2.727162078775823284e-01 2.014936891609121761e-01 2.275215961789400221e-01 2.275215757691133323e-01 2.014936910910204715e-01
2.079049791444751161e-01 2.010857243524838966e-01 2.030229871654684326e-01 2.030229788043216577e-01 2.010857092517210620e-01
2.020345747967625116e-01 2.264866729791342737e-01 2.084503519115921688e-01 2.084503512908243705e-01 2.264866445025235375e-01
2.003176219954675152e-01 2.188714729053497232e-01 2.033229021957554672e-01 2.033228983622683284e-01 2.188714589640509967e-01
2.102533169979540484e-01 2.025673050471641090e-01 2.038571395437501210e-01 2.038571326221554347e-01 2.025672989397775126e-01
2.380944589758423602e-01 2.043302816797124555e-01 2.204063336132744688e-01 2.204063259298584820e-01 2.043302916777111067e-01
2.020796869572081822e-01 2.005675261076072247e-01 2.008208360537681314e-01 2.008208344219083175e-01 2.005675219371631235e-01
2.092301942157490380e-01 2.193194532521811901e-01 2.119684007269108661e-01 2.119684009545132197e-01 2.193194424906879936e-01
2.074272686655974085e-01 2.108783653873251285e-01 2.065642865196833100e-01 2.065642877610729122e-01 2.108783659477649342e-01
2.284742633384464761e-01 2.245020261188319655e-01 2.257750004399256272e-01 2.257749989192875117e-01 2.245020273691076262e-01
1.925240415427287577e-01 1.859473975332258944e-01 1.893870998746197409e-01 1.893870989412422545e-01 1.859474021690010193e-01
