2.794996649688561222e-02 2.794986571765456507e-02 2.794965425982125912e-02 2.794965424054032463e-02 2.794986569287307224e-02
1.714453646857937164e-01 1.714450982678052127e-01 1.714446626329905465e-01 1.714446625724942164e-01 1.714450981813963604e-01
2.005898667582590444e-01 2.005907542796235288e-01 2.005909064670567676e-01 2.005909064134760444e-01 2.005907541207844202e-01
2.001977482074139281e-01 2.002110095847873250e-01 2.002198684595792033e-01 2.002198684356077951e-01 2.002110092246434381e-01
1.997291190202312716e-01 1.997999701523002214e-01 1.998901174193146169e-01 1.998901172930797887e-01 1.997999694825874084e-01
1.990899364385194381e-01 1.991460628476073302e-01 1.992627651922350696e-01 1.992627650272843221e-01 1.991460622761869192e-01
1.997826532830263291e-01 1.997284733476112628e-01 1.997591861215194109e-01 1.997591860309965162e-01 1.997284731112153044e-01
1.997130972786328174e-01 1.996812111546222845e-01 1.996044356239088935e-01 1.996044355642811463e-01 1.996812106983614776e-01
1.949274196918183710e-01 1.962535835898378822e-01 1.967307871246795625e-01 1.967307871196095903e-01 1.962535830014797145e-01
1.534339798476313799e-01 1.634836679447389252e-01 1.728055242731867946e-01 1.728055246461200900e-01 1.634836679330343157e-01
5.715225519377224034e-02 7.692210210067966514e-02 9.454742120441586573e-02 9.454742134187869851e-02 7.692210235794741391e-02
1.534339763376580679e-01 1.634836688135933858e-01 1.728055238640699431e-01 1.728055236540599615e-01 1.634836691370010475e-01
1.949274162233126939e-01 1.962535828575457386e-01 1.967307867539996313e-01 1.967307868909867474e-01 1.962535835064951606e-01
1.997130965532644964e-01 1.996812104411682942e-01 1.996044352746619011e-01 1.996044354288678824e-01 1.996812106981500357e-01
1.997826523841412516e-01 1.997284721417570408e-01 1.997591858486764682e-01 1.997591859800708636e-01 1.997284724004281808e-01
1.990899348249587641e-01 1.991460619281898714e-01 1.992627655443237611e-01 1.992627658346727837e-01 1.991460627819532925e-01
1.997291172956056904e-01 1.997999694913708546e-01 1.998901173395770392e-01 1.998901174737268416e-01 1.997999703132895821e-01
2.001977473144267161e-01 2.002110092895862115e-01 2.002198683945426161e-01 2.002198683934491574e-01 2.002110096614294898e-01
2.005898665601761888e-01 2.005907541073831402e-01 2.005909063574380369e-01 2.005909063955321203e-01 2.005907542406965838e-01
1.714453645347261967e-01 1.714450980394209290e-01 1.714446624261218022e-01 1.714446624826195253e-01 1.714450981256788187e-01
2.794996645654714701e-02 2.794986565626629560e-02 2.794965420428080147e-02 2.794965422395493185e-02 2.794986568470880783e-02
