2.795032552369350332e-02 2.795044545083192472e-02 2.795042374669324745e-02 2.795042374299874094e-02 2.795044547067138466e-02
1.714459339052781528e-01 1.714462719747503472e-01 1.714461050533343522e-01 1.714461049714007257e-01 1.714462719255085976e-01
2.005894391695387802e-01 2.005920965341421447e-01 2.005924158097412424e-01 2.005924157290024379e-01 2.005920961317202433e-01
2.001909403513211227e-01 2.002119924569364107e-01 2.002246633445414759e-01 2.002246633141824828e-01 2.002119914029064085e-01
1.997755260209506667e-01 1.998568996826030897e-01 1.999603681127434252e-01 1.999603675855080864e-01 1.998568975671584924e-01
1.994662889354146817e-01 1.994621098466505815e-01 1.995593382923029901e-01 1.995593374523264574e-01 1.994621084796812105e-01
1.999873314376455768e-01 1.998060617753606438e-01 1.998163980927314398e-01 1.998163970156081048e-01 1.998060599562606621e-01
1.996433844484558351e-01 1.998020812832569104e-01 1.996567176334159421e-01 1.996567161226558695e-01 1.998020768238243650e-01
1.914639797292904955e-01 1.962312011478389295e-01 1.976565555225693605e-01 1.976565535482014135e-01 1.962311920007830113e-01
1.305038399087723178e-01 1.601568806507691622e-01 1.832228615112695413e-01 1.832228602738361078e-01 1.601568707501370703e-01
2.236269921350617432e-02 7.725908280396680261e-02 1.193387316152848820e-01 1.193387310160352599e-01 7.725907968331419129e-02
1.305038412872220610e-01 1.601568740350660935e-01 1.832228642107409655e-01 1.832228643772383647e-01 1.601568809793390280e-01
1.914639832702231814e-01 1.962311823408830203e-01 1.976565584914386220e-01 1.976565599109432469e-01 1.962311928633707903e-01
1.996433894877607529e-01 1.998020758607877978e-01 1.996567199696132888e-01 1.996567211245541817e-01 1.998020814541594248e-01
1.999873361357371593e-01 1.998060755714379244e-01 1.998164139329754452e-01 1.998164139430803066e-01 1.998060774205676071e-01
1.994663107180175143e-01 1.994621362970707690e-01 1.995593611820460078e-01 1.995593611577429760e-01 1.994621376469793705e-01
1.997755306621857296e-01 1.998569050804944458e-01 1.999603698975815635e-01 1.999603701061062055e-01 1.998569067505620023e-01
2.001909366506309795e-01 2.002119909226594829e-01 2.002246625695441595e-01 2.002246625506972633e-01 2.002119917495135404e-01
2.005894377416289343e-01 2.005920954972339743e-01 2.005924151083544604e-01 2.005924151063986360e-01 2.005920956907251695e-01
1.714459332755198240e-01 1.714462712802742317e-01 1.714461043971721721e-01 1.714461044230070896e-01 1.714462713252690729e-01
2.795032544886714640e-02 2.795044538522556757e-02 2.795042367920584983e-02 2.795042368745751307e-02 2.795044539597335218e-02
