2.795061713375944848e-02 2.795060692328767485e-02 2.795059265794831022e-02 2.795058518268575196e-02 2.795060027590272680e-02
1.714458889752221993e-01 1.714458515959535745e-01 1.714458072317584514e-01 1.714457898146951043e-01 1.714458271046524762e-01
2.005915827672314633e-01 2.005915606379816418e-01 2.005914440133914900e-01 2.005914388726418307e-01 2.005914410579850704e-01
2.002215309940231225e-01 2.002215033832553115e-01 2.002211736573007994e-01 2.002211175728861869e-01 2.002211529643928012e-01
1.999774578399053648e-01 1.999774214705079267e-01 1.999768473765203280e-01 1.999766202159410089e-01 1.999768198415281806e-01
1.998280076183687470e-01 1.998279916650610721e-01 1.998277499146450253e-01 1.998275330221622736e-01 1.998276552203173406e-01
1.999546847494327317e-01 1.999546895667945745e-01 1.999547595867735839e-01 1.999547453537119934e-01 1.999547541557497587e-01
1.999930967046945618e-01 1.999931119236753596e-01 1.999930697143552372e-01 1.999931812689769162e-01 1.999931649934561795e-01
1.998932644717024976e-01 1.998932608502868302e-01 1.998930126716738365e-01 1.998932367712775438e-01 1.998932856437947714e-01
1.995400392047324556e-01 1.995400296757908754e-01 1.995395877076655000e-01 1.995395712139191036e-01 1.995398042978437925e-01
1.999128374720564316e-01 1.999128398701340015e-01 1.999125528240398297e-01 1.999124168031776450e-01 1.999125651530919423e-01
1.999999200273104571e-01 1.999999284789233667e-01 1.999999397048335403e-01 1.999999576780273347e-01 1.999999622626229823e-01
1.999118525440985727e-01 1.999118930513551218e-01 1.999118758935765072e-01 1.999119810826633648e-01 1.999119763828772767e-01
1.981889014029101503e-01 1.981889030022102316e-01 1.981887062259406473e-01 1.981889060704268291e-01 1.981889705671050494e-01
1.921429412296744577e-01 1.921429278400299256e-01 1.921424934680460161e-01 1.921424813437395129e-01 1.921427088713440201e-01
1.983536092106448490e-01 1.983536092314152621e-01 1.983533215041848319e-01 1.983532534518433477e-01 1.983533900639532221e-01
2.000001200334062534e-01 2.000001315903797428e-01 2.000001227457595399e-01 2.000001162918648434e-01 2.000001167886192310e-01
1.987469486288125364e-01 1.987469648109796982e-01 1.987469650498660811e-01 1.987469534050104181e-01 1.987469473749960691e-01
1.701674853374986196e-01 1.701674654506019901e-01 1.701673350158589837e-01 1.701673195413259121e-01 1.701673653138931208e-01
4.009620214380776870e-02 4.009617981959209126e-02 4.009608787931557422e-02 4.009607326221722307e-02 4.009612311752342589e-02
3.084946973863399514e-03 3.084945449125854524e-03 3.084960068078182720e-03 3.084970643395531543e-03 3.084963023772958456e-03
