1.750065162134267216e-01 1.750052691345083122e-01 1.750058069786667170e-01 1.750066806808092679e-01 1.750070212809176351e-01
2.242694019494686775e-01 2.242635046514313835e-01 2.242652263590069195e-01 2.242704320200787638e-01 2.242723592841854574e-01
2.158822149007613433e-01 2.158635746836073677e-01 2.158684240369014296e-01 2.158883079402441341e-01 2.158943605947117039e-01
2.417891668560150642e-01 2.417312524065625690e-01 2.417446863507869692e-01 2.418089391726844506e-01 2.418315718165449657e-01
2.858131408175852983e-01 2.856090064992774513e-01 2.856427459560234028e-01 2.858607098776413391e-01 2.859578791052748148e-01
2.414068281405343797e-01 2.411798406025101871e-01 2.412095594129556875e-01 2.414333532595996368e-01 2.415396052493918588e-01
2.121404342359444750e-01 2.121002974673570907e-01 2.121110208796873620e-01 2.121828878237687066e-01 2.122134966128332856e-01
2.025145804287444007e-01 2.028451956337149198e-01 2.029237259842428254e-01 2.029520372794315630e-01 2.028750023914105693e-01
1.980808171004394824e-01 1.992712096183374415e-01 2.004876612128904112e-01 2.005096150360627383e-01 1.992551553029825173e-01
1.990150567151926231e-01 1.942753754261486165e-01 1.993842359797469432e-01 1.994024693248905855e-01 1.942576216453170135e-01
2.599598804712090483e-01 1.971180179188090076e-01 1.945083689626988521e-01 1.945051222610930941e-01 1.971233810256948493e-01
1.991904677226277176e-01 1.942969030353872695e-01 1.993579340328802962e-01 1.993571046012223014e-01 1.942942263451076790e-01
1.979454763336382372e-01 1.989856150475967367e-01 2.000989991053401529e-01 2.000996252925909824e-01 1.989797073064334398e-01
1.995940644433162603e-01 1.999664763145352908e-01 1.999910110704949950e-01 2.000201299717238312e-01 2.000130597661384513e-01
1.993266768060412975e-01 1.995220473679383544e-01 1.996009596925426566e-01 1.996177490589262360e-01 1.995592543964616328e-01
1.992776481217552742e-01 1.992847645160758241e-01 1.992563722766508560e-01 1.992530310533495996e-01 1.992849850745060103e-01
1.997008051827138808e-01 1.996903418902763183e-01 1.996741827529023849e-01 1.996732284893519005e-01 1.996904231329250656e-01
2.005534014676671195e-01 2.005509331780254700e-01 2.005475794249016175e-01 2.005478929642228458e-01 2.005522056505583128e-01
2.041015729266377199e-01 2.041018435277672238e-01 2.041016437176023102e-01 2.041018226213470454e-01 2.041023988088516705e-01
2.215962037378952643e-01 2.215958973363381102e-01 2.215952319759954825e-01 2.215952768444700571e-01 2.215961645677913816e-01
1.743639182298294121e-01 1.743635183645730891e-01 1.743628306914320469e-01 1.743628014352792133e-01 1.743635393567106451e-01
