1.886537015528223435e-02 1.886537015594213357e-02 1.886537016092176486e-02 1.886537013342398650e-02
1.663263914324042414e-01 1.663263914235908747e-01 1.663263912088313590e-01 1.663263911387145022e-01
1.864617092692777700e-01 1.864617091698940188e-01 1.864617086652460842e-01 1.864617086580455385e-01
1.866121782609198587e-01 1.866121779584964391e-01 1.866121779989622920e-01 1.866121780338576563e-01
2.043897095744431625e-01 2.043897093559330358e-01 2.043897094659891944e-01 2.043897093602234372e-01
2.116920724841721002e-01 2.116920725661101677e-01 2.116920723442576313e-01 2.116920724333380965e-01
1.990866235834598541e-01 1.990866237831042385e-01 1.990866233382712625e-01 1.990866237892095214e-01
1.350506048981466589e-01 1.350506040433692156e-01 1.350506047879361238e-01 1.350506051086091674e-01
1.359356184536807122e-01 1.359356140607962948e-01 1.359356192456176171e-01 1.359356192796792873e-01
1.996246635217037990e-01 1.996246598149386819e-01 1.996246638101016602e-01 1.996246619163536962e-01
2.119101158068625590e-01 2.119101158200498436e-01 2.119101157745379993e-01 2.119101156873595682e-01
1.996246609454094545e-01 1.996246636423221754e-01 1.996246611315535824e-01 1.996246640095779568e-01
1.359356185048972432e-01 1.359356201844823808e-01 1.359356192424577281e-01 1.359356219697360757e-01
1.350506060842451006e-01 1.350506056282754774e-01 1.350506073609505642e-01 1.350506082520919471e-01
1.990866235858647915e-01 1.990866229587089087e-01 1.990866241446080653e-01 1.990866240472012327e-01
2.116920723742053978e-01 2.116920722461798909e-01 2.116920724492272199e-01 2.116920723424182693e-01
2.043897093398765741e-01 2.043897094541411719e-01 2.043897094377446211e-01 2.043897095505317341e-01
1.866121789455648106e-01 1.866121790358067078e-01 1.866121793267016549e-01 1.866121794715072391e-01
1.864617095989161144e-01 1.864617095635404398e-01 1.864617105179664780e-01 1.864617106408309188e-01
1.663263911972088782e-01 1.663263911547746277e-01 1.663263915647687496e-01 1.663263916314089430e-01
1.886537012353948703e-02 1.886537011552801360e-02 1.886537014058206271e-02 1.886537015286596577e-02
