5.374331455313990057e-03 5.374352818405223574e-03 5.374331317584376752e-03 5.374352762783457700e-03
5.108997939927353155e-02 5.109016074452295969e-02 5.108997749984436204e-02 5.109015992175162946e-02
1.227484797684830486e-01 1.227490223359774119e-01 1.227484755768608049e-01 1.227490204382979122e-01
1.713263016785867843e-01 1.713268095984095962e-01 1.713263007851499597e-01 1.713268091060488885e-01
2.034306754075668189e-01 2.034306472622660622e-01 2.034306753225612607e-01 2.034306471551520223e-01
2.072957011654486259e-01 2.072954056262470146e-01 2.072957010205918327e-01 2.072954053085695747e-01
1.606084361567368668e-01 1.606084823664491179e-01 1.606084362866483928e-01 1.606084818527163394e-01
7.638033252837458931e-02 7.638103890556949271e-02 7.638033370900694508e-02 7.638103907687752991e-02
9.014658413216213029e-02 9.014726229225057674e-02 9.014658701408959085e-02 9.014726400887428104e-02
1.945084665297386328e-01 1.945083899244631764e-01 1.945084677339226908e-01 1.945083906111903516e-01
2.097174199978875109e-01 2.097169478772030748e-01 2.097174198326053340e-01 2.097169476158006751e-01
1.846951422229485551e-01 1.846950647625899000e-01 1.846951407008853574e-01 1.846950640216087070e-01
7.878001307310604495e-02 7.878068923289788250e-02 7.878000954282039781e-02 7.878068780184543929e-02
8.242330386319493551e-02 8.242400945850704430e-02 8.242330186542380643e-02 8.242400791294726692e-02
1.926627257370516488e-01 1.926627719602592714e-01 1.926627252906295829e-01 1.926627714374555267e-01
2.111020090214418277e-01 2.111017137928329901e-01 2.111020092673058235e-01 2.111017139355622907e-01
2.036210713845631459e-01 2.036210434958429516e-01 2.036210717017650218e-01 2.036210434438794070e-01
1.846157462433114793e-01 1.846162543650571031e-01 1.846157463968777224e-01 1.846162539962419302e-01
1.845418752246435201e-01 1.845424185945588325e-01 1.845418753869987882e-01 1.845424188927798081e-01
1.660870692911799174e-01 1.660872510032417593e-01 1.660870693369445317e-01 1.660872512013848445e-01
1.884229260599218012e-02 1.884231399007324503e-02 1.884229260489909963e-02 1.884231401046367049e-02
