2.795009322714686606e-02 2.795016825258496082e-02 2.794990889365231435e-02 2.794990889983943114e-02 2.795016826841069391e-02
1.714449106640218712e-01 1.714452620920575432e-01 1.714448184559554944e-01 1.714448184505382722e-01 1.714452620849254150e-01
2.005821239943436363e-01 2.005891535269652970e-01 2.005915734229710978e-01 2.005915734054083688e-01 2.005891534177701718e-01
2.001432730823724526e-01 2.001939151857723975e-01 2.002252345533708511e-01 2.002252345619112139e-01 2.001939150158263681e-01
1.996361622761962107e-01 1.997962542551140752e-01 1.999807926888113319e-01 1.999807926914491663e-01 1.997962541422721172e-01
1.993909047864576289e-01 1.994182325089255692e-01 1.996706063347295224e-01 1.996706063276130483e-01 1.994182324625438374e-01
2.000469137714642465e-01 1.997507872091911774e-01 1.999356320806558174e-01 1.999356320654834818e-01 1.997507871600433527e-01
1.983554054562304270e-01 1.994566544871606006e-01 1.999969785413653611e-01 1.999969785346406292e-01 1.994566543778480971e-01
1.804965063968883288e-01 1.930368149605153072e-01 1.997040676792274372e-01 1.997040676949588256e-01 1.930368147645476484e-01
9.765990338454838549e-02 1.511129497775719199e-01 1.957833325501903976e-01 1.957833325645225442e-01 1.511129496593402177e-01
5.833088153906580350e-04 8.556405636101246936e-02 1.623718185655730617e-01 1.623718185696499117e-01 8.556405642069077333e-02
9.765990339561708700e-02 1.511129498541828042e-01 1.957833325719484374e-01 1.957833325591331053e-01 1.511129500338140585e-01
1.804965061851587227e-01 1.930368148352455682e-01 1.997040676898648448e-01 1.997040676842979923e-01 1.930368149928377575e-01
1.983554053876228074e-01 1.994566543554332216e-01 1.999969785280752699e-01 1.999969785346302764e-01 1.994566544346761117e-01
2.000469137799786856e-01 1.997507871530217194e-01 1.999356320870660231e-01 1.999356320807849086e-01 1.997507871748886998e-01
1.993909047343390140e-01 1.994182325376283593e-01 1.996706063751238214e-01 1.996706063742896553e-01 1.994182325915763165e-01
1.996361620318379826e-01 1.997962542187312063e-01 1.999807926885714959e-01 1.999807926883877818e-01 1.997962543399857127e-01
2.001432727702727177e-01 2.001939150523464606e-01 2.002252345358405128e-01 2.002252345371137165e-01 2.001939151705716680e-01
2.005821238685586705e-01 2.005891533876032196e-01 2.005915733557050717e-01 2.005915733667984202e-01 2.005891534432075185e-01
1.714449106307475990e-01 1.714452620118292470e-01 1.714448183565242811e-01 1.714448183611925469e-01 1.714452620297257646e-01
2.795009322016184933e-02 2.795016824353403068e-02 2.794990886711018127e-02 2.794990886700183391e-02 2.795016824673100114e-02
