1.744445836813983408e-01 1.744445836711381592e-01 1.744445836721384424e-01 1.744445836703885921e-01 1.744445836638660596e-01
2.213497865458035896e-01 2.213497865174475221e-01 2.213497865161221656e-01 2.213497865118043140e-01 2.213497864823038286e-01
2.037680874834068567e-01 2.037680874474345205e-01 2.037680874321347591e-01 2.037680874164592704e-01 2.037680873802763248e-01
2.004065845267986312e-01 2.004065844911713246e-01 2.004065844689723874e-01 2.004065844495500348e-01 2.004065844245566941e-01
1.999999999083188484e-01 1.999999998895278797e-01 1.999999998787309052e-01 1.999999998604768403e-01 1.999999998542071611e-01
2.000120596071083834e-01 2.000120595978564786e-01 2.000120595980128813e-01 2.000120595861159534e-01 2.000120595858412842e-01
2.000161648662019398e-01 2.000161648494844513e-01 2.000161648527202241e-01 2.000161648448336993e-01 2.000161648386115099e-01
2.000024429724053809e-01 2.000024429634901790e-01 2.000024429663465331e-01 2.000024429619549626e-01 2.000024429648691593e-01
2.000002579369557498e-01 2.000002579367189670e-01 2.000002579413421577e-01 2.000002579369995759e-01 2.000002579482259291e-01
1.999999381963835920e-01 1.999999382048352203e-01 1.999999382029698514e-01 1.999999381944501387e-01 1.999999382117016722e-01
1.999998068768629733e-01 1.999998068827324449e-01 1.999998068777598392e-01 1.999998068702883713e-01 1.999998068903010018e-01
2.000000134863892109e-01 2.000000134884427627e-01 2.000000134868613055e-01 2.000000134812529584e-01 2.000000134983844491e-01
2.000000417589351265e-01 2.000000417554772814e-01 2.000000417633871486e-01 2.000000417591935309e-01 2.000000417649716034e-01
1.999985420019139704e-01 1.999985420011560211e-01 1.999985420111185519e-01 1.999985420093012278e-01 1.999985420104021250e-01
1.999548728541925835e-01 1.999548728717613355e-01 1.999548728747147230e-01 1.999548728725474012e-01 1.999548728677228715e-01
1.998321364366266450e-01 1.998321364578363457e-01 1.998321364615650575e-01 1.998321364644539688e-01 1.998321364669090328e-01
1.999999999874020051e-01 2.000000000020909774e-01 2.000000000105633946e-01 2.000000000174032011e-01 2.000000000330300620e-01
2.002266610071583575e-01 2.002266610071857800e-01 2.002266610146785086e-01 2.002266610209343378e-01 2.002266610329057339e-01
2.005916807461022577e-01 2.005916807740991681e-01 2.005916807882482111e-01 2.005916807966408866e-01 2.005916807918262101e-01
1.714457218425504414e-01 1.714457218798062510e-01 1.714457218965910190e-01 1.714457219028576174e-01 1.714457218836849262e-01
2.795061730354781240e-02 2.795061733087465111e-02 2.795061734355726649e-02 2.795061734383903762e-02 2.795061732819111716e-02
