1.744833952063034599e-01 1.744833625762214901e-01 1.744774962865711654e-01 1.744738484816517332e-01 1.744775523668260497e-01
2.214728534889646716e-01 2.214731224726212422e-01 2.214416829663707897e-01 2.214224978243549968e-01 2.214409199437090137e-01
2.041350234810570263e-01 2.041321322901155089e-01 2.040359839579781454e-01 2.039812553401840478e-01 2.040386036905080525e-01
2.012729608518559754e-01 2.012680734906422131e-01 2.010189798798912297e-01 2.008769431280470752e-01 2.010212571385271985e-01
2.035838499091040255e-01 2.035836081913106610e-01 2.028286061760080916e-01 2.023760348042319968e-01 2.028191516470545241e-01
2.140337721634622548e-01 2.140337321760152900e-01 2.116706398244691256e-01 2.101746292491555312e-01 2.116349502664319759e-01
2.466163132885662579e-01 2.467056634898296685e-01 2.384284403074024006e-01 2.333028946810291049e-01 2.381789410574105537e-01
2.924059212360915483e-01 2.917292270182554326e-01 2.785115476709366655e-01 2.714749866540708267e-01 2.794983536711274086e-01
2.484708880350328108e-01 2.475402959207861076e-01 2.390692489898659512e-01 2.351048582120028041e-01 2.405393820420750062e-01
2.149415769171361956e-01 2.146823220271227017e-01 2.124864130659793737e-01 2.114510939724876248e-01 2.128627495400986502e-01
2.038324885705643241e-01 2.037742339615741249e-01 2.033027177717752487e-01 2.030457960869064549e-01 2.033949531411984590e-01
2.010670124776703926e-01 2.010604590341958930e-01 2.009330026346446973e-01 2.008674659327418510e-01 2.009490230313551173e-01
2.005427227018718450e-01 2.005444086517923774e-01 2.004809873939212006e-01 2.004515156469581505e-01 2.004832865152688937e-01
2.001319766553362189e-01 2.001317076846170218e-01 2.001172638082244770e-01 2.001108371784071083e-01 2.001179802620173254e-01
1.998950238632362930e-01 1.998964898578008409e-01 1.998962198938353807e-01 1.998969484781970285e-01 1.998974205429276396e-01
1.998048831289886973e-01 1.998050975840985621e-01 1.998060168196608699e-01 1.998071657730859652e-01 1.998060003035402876e-01
1.998326091081396305e-01 1.998331052096866400e-01 1.998329929993134246e-01 1.998330154175397555e-01 1.998327716062269777e-01
2.003687593481493778e-01 2.003689674419601718e-01 2.003685149109193930e-01 2.003683638083400831e-01 2.003683230608969135e-01
2.038627682706877775e-01 2.038628474233381838e-01 2.038626522566913402e-01 2.038625495485728023e-01 2.038625824480599091e-01
2.214751971681412634e-01 2.214752328285483074e-01 2.214751801915121332e-01 2.214751422175406659e-01 2.214751681076870260e-01
1.744568300140152406e-01 1.744568429329685089e-01 1.744568223730087186e-01 1.744568049665236320e-01 1.744568138886474218e-01
