1.884544034777996258e-01 1.884561615978957438e-01 1.884498930051689281e-01 1.884447348576132053e-01 1.884478363704240045e-01
2.620352630220690315e-01 2.620369195656181982e-01 2.620147394333447455e-01 2.619943575056503660e-01 2.620030445090320015e-01
2.924431104806615722e-01 2.923964532536612038e-01 2.923500146095025509e-01 2.922797950991891103e-01 2.922711404286003622e-01
2.454365721856160143e-01 2.452694262621165910e-01 2.452876534194146085e-01 2.452213675030153750e-01 2.451305769838910964e-01
2.240690715755878915e-01 2.238232355414458141e-01 2.239325020285758416e-01 2.239239726513951034e-01 2.237711921809129867e-01
2.439361466234277465e-01 2.436722295659582704e-01 2.437791416780000497e-01 2.437881938136933213e-01 2.436473526136744006e-01
2.868129678639815827e-01 2.865373705109812152e-01 2.864997838917551221e-01 2.865018438714522220e-01 2.865130798891458719e-01
2.417254663344367005e-01 2.416161526094919576e-01 2.415069815453958213e-01 2.415017678948109536e-01 2.415962366753272583e-01
2.117916030348410139e-01 2.119834032835525295e-01 2.121730327298567698e-01 2.121699779203439218e-01 2.119770211924275061e-01
2.029787102729803949e-01 2.020034385010588129e-01 2.029372862892191154e-01 2.029361787496433978e-01 2.020015656132921611e-01
2.119369647590030048e-01 2.007589318754690599e-01 2.001467825485353236e-01 2.001464080987411798e-01 2.007583219340781100e-01
2.030755847211578313e-01 2.021109574948437848e-01 2.030542825545057217e-01 2.030541359404834101e-01 2.021106876327710689e-01
2.118701266359584168e-01 2.121004209016244813e-01 2.123253811199717067e-01 2.123254844972096433e-01 2.121004909922953596e-01
2.414090482032840157e-01 2.414571992693878566e-01 2.414430561502649286e-01 2.414436096463806192e-01 2.414579177969347901e-01
2.850827484224457975e-01 2.850820144989021920e-01 2.850801063255935519e-01 2.850806756852515278e-01 2.850831060615140466e-01
2.414416192280719464e-01 2.414541904515656312e-01 2.414751395597820316e-01 2.414754029030325155e-01 2.414548759063070704e-01
2.122455766893475149e-01 2.122505220235977597e-01 2.122574216917799683e-01 2.122575559368703180e-01 2.122508790941651513e-01
2.033589199910779133e-01 2.033607004781805561e-01 2.033632171844518277e-01 2.033632614683745787e-01 2.033608289782388445e-01
2.043328270054261542e-01 2.043334031119492245e-01 2.043342116183137491e-01 2.043341981063134249e-01 2.043333954407413611e-01
2.214843535489341153e-01 2.214844662642714290e-01 2.214846411602534315e-01 2.214846384205240437e-01 2.214844632873269326e-01
1.745028768779590678e-01 1.745028886133935253e-01 1.745029103862743569e-01 1.745029108054509948e-01 1.745028894850550460e-01
