1.744445918127517647e-01 1.744445916782778050e-01 1.744445916646442940e-01 1.744445917097521559e-01 1.744445899987433768e-01
2.213497937807145099e-01 2.213497926238248148e-01 2.213497926162699692e-01 2.213497935306552866e-01 2.213497875532358661e-01
2.037680907884278914e-01 2.037680887004011399e-01 2.037680886720304174e-01 2.037680904964426498e-01 2.037680811859481356e-01
2.004065835028075448e-01 2.004065816733001937e-01 2.004065816260013344e-01 2.004065832313663142e-01 2.004065762375084048e-01
1.999999937165923281e-01 1.999999932630425747e-01 1.999999931388062868e-01 1.999999936250546617e-01 1.999999961504418666e-01
2.000120568850618508e-01 2.000120569444081842e-01 2.000120568635561091e-01 2.000120569369673307e-01 2.000120580525307223e-01
2.000161633958905394e-01 2.000161632639550213e-01 2.000161632202334672e-01 2.000161634129380694e-01 2.000161629541992447e-01
2.000024420772938683e-01 2.000024421032794986e-01 2.000024421483451165e-01 2.000024423034141574e-01 2.000024422007982416e-01
2.000002574026948365e-01 2.000002575973959806e-01 2.000002575844795905e-01 2.000002576281881550e-01 2.000002576633634344e-01
1.999999375199245089e-01 1.999999378405060424e-01 1.999999377312419724e-01 1.999999377627532104e-01 1.999999378661298233e-01
1.999998059018459617e-01 1.999998063281624439e-01 1.999998062350603345e-01 1.999998062499619977e-01 1.999998063394534398e-01
2.000000122994797236e-01 2.000000114802867324e-01 2.000000113720067918e-01 2.000000113593278783e-01 2.000000115612062257e-01
2.000000390474276357e-01 2.000000393545878496e-01 2.000000390262043903e-01 2.000000390025919172e-01 2.000000395274332543e-01
1.999985379766989479e-01 1.999985402387037259e-01 1.999985395252014686e-01 1.999985395225597762e-01 1.999985404696393021e-01
1.999548688873401259e-01 1.999548725266142302e-01 1.999548715620068362e-01 1.999548715704430879e-01 1.999548727175187168e-01
1.998321336744600385e-01 1.998321390625734661e-01 1.998321380725395502e-01 1.998321381029960764e-01 1.998321392295581977e-01
1.999999995320208557e-01 2.000000037262910091e-01 2.000000029649765809e-01 2.000000029682353353e-01 2.000000039137207752e-01
2.002266623569538828e-01 2.002266644497170678e-01 2.002266641164948402e-01 2.002266640922147622e-01 2.002266646001303607e-01
2.005916826948675180e-01 2.005916832679324746e-01 2.005916831698466851e-01 2.005916831655832622e-01 2.005916834058963094e-01
1.714457227861314326e-01 1.714457228332241512e-01 1.714457228095702945e-01 1.714457228307116055e-01 1.714457229413804129e-01
2.795061731204164651e-02 2.795061733977561094e-02 2.795061737927626716e-02 2.795061739695563902e-02 2.795061738549049074e-02
