1.864264729817704039e-02 1.864133631631596788e-02 1.864009349372520302e-02 1.864171929493554578e-02
1.612302472296789080e-01 1.612104180325460434e-01 1.611935132522103464e-01 1.612158984942898554e-01
1.305549812679124289e-01 1.304148176450205809e-01 1.302791554445070221e-01 1.304270270140442389e-01
1.316857253499681968e-01 1.312424098063693367e-01 1.307939579876912506e-01 1.312454014975917016e-01
1.998299301480217505e-01 1.996376050396489188e-01 1.994461987418609528e-01 1.996376196306495765e-01
2.118052403481489321e-01 2.117918773419015521e-01 2.117862058672208003e-01 2.117918037721956692e-01
1.999750572468033394e-01 1.999772769307769649e-01 1.999793124741993944e-01 1.999786445698101267e-01
1.333934972532725971e-01 1.333824808320940025e-01 1.333511200003047459e-01 1.333858578615944035e-01
1.321672478766407477e-01 1.320671933977708434e-01 1.319449213535030530e-01 1.320680489392622448e-01
1.977674075165485601e-01 1.977112370423409482e-01 1.976797335540418921e-01 1.977112446206887031e-01
2.116151399649831011e-01 2.115723328007009796e-01 2.115803980597739109e-01 2.115722335548932131e-01
1.997371393277949381e-01 1.997399914747339245e-01 1.997120813294976649e-01 1.997392869612154287e-01
1.321693332464297654e-01 1.328085742912308853e-01 1.332951272776030649e-01 1.328070959829571462e-01
1.236699342723137779e-01 1.261440129347299877e-01 1.285781620538822279e-01 1.261436483055888569e-01
1.816826924884784589e-01 1.832278813111014593e-01 1.851331546818902607e-01 1.832278736972076383e-01
2.095546766280179940e-01 2.098567607004337698e-01 2.106272371886702965e-01 2.098567475474891197e-01
1.998495379640959912e-01 1.998142495297148269e-01 1.995050424158230362e-01 1.998138348790180208e-01
1.280602620012629977e-01 1.272354460296666046e-01 1.249370038077021183e-01 1.272344777495475199e-01
7.291976038452979703e-02 6.839833335405297310e-02 6.211381578670213677e-02 6.839804739903590503e-02
2.671503422126980665e-02 2.376757248385862401e-02 1.957049147817552237e-02 2.376753934759815584e-02
3.241142066084494889e-03 2.559320239809770910e-03 1.162142984133247023e-03 2.559318011965045370e-03
