3.029553331183513706e-03 3.049223921412567550e-03 3.061265508320616148e-03 3.061249536551411202e-03 3.049198456434898917e-03
3.984588875500120336e-02 3.992930241733567281e-02 3.992889335143044033e-02 3.992873234582749314e-02 3.992903781488586767e-02
1.700264963734852697e-01 1.701681815225452588e-01 1.701169702872441791e-01 1.701168000900733224e-01 1.701678534887732241e-01
1.985940609554189551e-01 1.987403277456243900e-01 1.987348858351832281e-01 1.987348311311077365e-01 1.987400688697230355e-01
1.996237793675597894e-01 1.997792677052512011e-01 1.999573767866427709e-01 1.999573366175146916e-01 1.997790185843132671e-01
1.980992134194989318e-01 1.979750603016299237e-01 1.981022941165212214e-01 1.981022682318213102e-01 1.979749455750540177e-01
1.924729461588614299e-01 1.921128336621852617e-01 1.921276978387252699e-01 1.921276796341838677e-01 1.921128574640503239e-01
1.964972454280500269e-01 1.977235350009466097e-01 1.981865389326571136e-01 1.981865340240180351e-01 1.977235119899046489e-01
1.802834737822877065e-01 1.929141950883457579e-01 1.995151311548560291e-01 1.995150816534839722e-01 1.929140425793131886e-01
9.741680310468944781e-02 1.507862473441221873e-01 1.953375671274479863e-01 1.953375116761318087e-01 1.507861012901892950e-01
5.760622017860098998e-04 8.533324206930113787e-02 1.619839815895876278e-01 1.619839774249628717e-01 8.533321572179117243e-02
9.741739812443298008e-02 1.507872393535839295e-01 1.953392219016190090e-01 1.953392227410754300e-01 1.507872662648966910e-01
1.802834572627287912e-01 1.929143938386565227e-01 1.995155139171861380e-01 1.995155004985633973e-01 1.929144443520416918e-01
1.964969306365368373e-01 1.977234657067512835e-01 1.981863851713353275e-01 1.981863280300270591e-01 1.977233841089710564e-01
1.924722108176218083e-01 1.921121076969405927e-01 1.921264401699017965e-01 1.921263740375314943e-01 1.921119983509671503e-01
1.980996260087769245e-01 1.979754055717765915e-01 1.981023413218190310e-01 1.981023280727815528e-01 1.979753939514073413e-01
1.996240386468299821e-01 1.997796777224975784e-01 1.999579511678908073e-01 1.999579537611967661e-01 1.997796862355726011e-01
1.985939047890718789e-01 1.987403116309499895e-01 1.987350391527968885e-01 1.987350435578097430e-01 1.987403026460219102e-01
1.700269272987994795e-01 1.701687003774958462e-01 1.701177225429909290e-01 1.701176750751935696e-01 1.701685832623108796e-01
3.984878559941225362e-02 3.993225859184717369e-02 3.993206916940046647e-02 3.993201315882953517e-02 3.993214756140757438e-02
3.030099354140799225e-03 3.049793296100686366e-03 3.061881102297190922e-03 3.061876437290259392e-03 3.049783568694852415e-03
