1.886595724531266172e-02 1.886594694450945131e-02 1.886593118392908969e-02 1.886594566729250105e-02
1.663379532725113852e-01 1.663378008652851847e-01 1.663376045577048545e-01 1.663377755866360386e-01
1.865795496499846606e-01 1.865782719041224613e-01 1.865767343680481694e-01 1.865780570729128618e-01
1.867296928295436309e-01 1.867255321646517918e-01 1.867206535794382893e-01 1.867248363376648179e-01
2.044016293312142796e-01 2.044001151028105312e-01 2.043986524212511868e-01 2.043994960243283587e-01
2.116949181334930319e-01 2.116949155174194241e-01 2.116957863694998165e-01 2.116927789019701078e-01
1.991033479502435921e-01 1.990999510894093660e-01 1.991006887594157504e-01 1.990987299579994041e-01
1.352296049588742333e-01 1.352012209664983922e-01 1.351775398963209474e-01 1.352039060067883602e-01
1.361897970006865077e-01 1.360950094740525362e-01 1.359920097303224384e-01 1.360947798276463672e-01
1.996784695970193757e-01 1.996432004789439330e-01 1.995974396061979406e-01 1.996417436395196976e-01
2.119072918200624878e-01 2.119092946587765869e-01 2.119113491367128344e-01 2.119091422157013127e-01
1.996046493449091797e-01 1.995972608928750225e-01 1.996048795969656009e-01 1.996024194077661296e-01
1.357745124090054822e-01 1.357120264878425298e-01 1.356733988075325137e-01 1.357235413695211390e-01
1.350411980780280019e-01 1.348310631740166632e-01 1.346480197808162804e-01 1.348337461076355437e-01
1.991796881733278735e-01 1.990690562980912959e-01 1.989919356577261600e-01 1.990690215192926493e-01
2.117364813491218190e-01 2.117289343503443999e-01 2.117622323738189427e-01 2.117289207524425954e-01
2.043867841366407978e-01 2.043878750189953575e-01 2.044313544584980824e-01 2.043881731128942836e-01
1.866509261841424738e-01 1.866962600918469217e-01 1.864756868720469640e-01 1.866970450225620137e-01
1.883299278462327586e-01 1.872987340519363386e-01 1.845015658022724214e-01 1.872990614120016439e-01
1.763494442441578547e-01 1.671667157119891556e-01 1.533470509070510301e-01 1.671667929975590439e-01
2.526441561801565788e-02 1.977719168943053996e-02 9.503756458653004821e-03 1.977720062936432280e-02
