1.744413415403564260e-01 1.744413415420827673e-01 1.744413415600071515e-01 1.744413415689888280e-01 1.744413415529204314e-01
2.213719186251092708e-01 2.213719185957394309e-01 2.213719185875563378e-01 2.213719185965626890e-01 2.213719185928543498e-01
2.038030910294220677e-01 2.038030910364223847e-01 2.038030909979235694e-01 2.038030909790035372e-01 2.038030909400183888e-01
2.004507591705673997e-01 2.004507591857479787e-01 2.004507591473373984e-01 2.004507591225512808e-01 2.004507590708730913e-01
2.000566917577291937e-01 2.000566917385887822e-01 2.000566916688079622e-01 2.000566916341867396e-01 2.000566915800362222e-01
2.000772090197529829e-01 2.000772089373613616e-01 2.000772088116724023e-01 2.000772087496224816e-01 2.000772086450676723e-01
2.000684654929813233e-01 2.000684653888802345e-01 2.000684652713842215e-01 2.000684650729016578e-01 2.000684649011008065e-01
2.000058692311556252e-01 2.000058691575030967e-01 2.000058689122458377e-01 2.000058687243293776e-01 2.000058684406343379e-01
1.999108484395984708e-01 1.999108483541391090e-01 1.999108481394354930e-01 1.999108478914855824e-01 1.999108476700228454e-01
1.998120020645773320e-01 1.998120020365876937e-01 1.998120018727282954e-01 1.998120017478582089e-01 1.998120016111762653e-01
1.998126870164224633e-01 1.998126870618679718e-01 1.998126870369426045e-01 1.998126870796322341e-01 1.998126870821043677e-01
1.999118460851431744e-01 1.999118461586719131e-01 1.999118462861377010e-01 1.999118464834187814e-01 1.999118465787976529e-01
2.000029315568608301e-01 2.000029316488669273e-01 2.000029318211581086e-01 2.000029320328846894e-01 2.000029321109342284e-01
2.000458535442388441e-01 2.000458536319269509e-01 2.000458537758834088e-01 2.000458539244385769e-01 2.000458539685265880e-01
2.000101009258353491e-01 2.000101009814992392e-01 2.000101010663921652e-01 2.000101011547881225e-01 2.000101011942210794e-01
1.998805077425996335e-01 1.998805077914324047e-01 1.998805078416802106e-01 1.998805078887825604e-01 1.998805079314475153e-01
2.000401937833743704e-01 2.000401938323685957e-01 2.000401938650420153e-01 2.000401938946676506e-01 2.000401939409403584e-01
2.002582113568995847e-01 2.002582114004755609e-01 2.002582114163974081e-01 2.002582114354275744e-01 2.002582114722214757e-01
2.006158867034049387e-01 2.006158867251922884e-01 2.006158867394666478e-01 2.006158867534686141e-01 2.006158867692132142e-01
1.714658680875431052e-01 1.714658680889408204e-01 1.714658681033012499e-01 1.714658681105079296e-01 1.714658681091844050e-01
2.795771712015056309e-02 2.795771711914486410e-02 2.795771712167597484e-02 2.795771712171968640e-02 2.795771712048189528e-02
