2.812918590280332615e-03 2.812184911953210555e-03 2.814510187216851499e-03 2.816680987715244455e-03 2.815697325019613471e-03
3.443597057850856374e-02 3.442073856305995910e-02 3.446901344965500047e-02 3.451408113227218133e-02 3.449365958913822722e-02
1.450216117171022334e-01 1.448828266526057396e-01 1.453226745631388539e-01 1.457333008329120272e-01 1.455472339545674787e-01
1.931461931481099070e-01 1.930120924707863506e-01 1.934370937063601970e-01 1.938338597088110904e-01 1.936540732733105230e-01
1.998220648566866320e-01 1.998123478928962582e-01 1.998431433382544531e-01 1.998718929562122160e-01 1.998588655417210536e-01
1.979308205557630540e-01 1.979333540932994573e-01 1.979253251967625915e-01 1.979178290127829587e-01 1.979212262072515827e-01
1.810195857175148082e-01 1.809896773975892825e-01 1.810844663880476491e-01 1.811729564375901269e-01 1.811328603724088326e-01
1.475966413838441793e-01 1.472795439403605244e-01 1.482845121646716446e-01 1.492227138423829758e-01 1.487975876221838689e-01
1.882206973926592863e-01 1.879062703204385232e-01 1.889027748616583235e-01 1.898330757928529955e-01 1.894115287111862722e-01
1.991153981849487498e-01 1.990886335450151590e-01 1.991734576199983564e-01 1.992526466184212086e-01 1.992167635239337209e-01
1.995219879848214584e-01 1.995263838093095377e-01 1.995124530308507727e-01 1.994994468412500666e-01 1.995053409345001749e-01
1.895850237787737036e-01 1.895582587821706133e-01 1.896430856734079851e-01 1.897222748757109168e-01 1.896863939676168287e-01
1.537082645562727612e-01 1.533938369746211117e-01 1.543903448912403720e-01 1.553206476056111784e-01 1.548991006748134391e-01
1.874031948075279563e-01 1.870860977278316073e-01 1.880910660938904522e-01 1.890292678799501691e-01 1.886041402939610812e-01
1.916693254203350461e-01 1.916394172655374317e-01 1.917342043885532643e-01 1.918226943974223608e-01 1.917825967568672629e-01
1.982771309640144752e-01 1.982796644404523079e-01 1.982716353823378019e-01 1.982641393916537709e-01 1.982675362980829692e-01
1.963620067494488974e-01 1.963522893912224843e-01 1.963830865693299288e-01 1.964118367713189595e-01 1.963988103172910338e-01
1.814722793598829709e-01 1.813381782461533920e-01 1.817631828575407282e-01 1.821599510122444421e-01 1.819801638236753227e-01
1.659835047486745985e-01 1.658447197532058048e-01 1.662845694364710747e-01 1.666951965915361156e-01 1.665091285828366185e-01
3.985983723505860665e-02 3.984460531856783699e-02 3.989287984489396643e-02 3.993794710337875142e-02 3.991752565136589409e-02
3.074173797926588441e-03 3.073440127234822270e-03 3.075765372593165792e-03 3.077936130536673351e-03 3.076952486480974414e-03
