2.090998844791109590e-01 2.090998874393418527e-01 2.090993007847439522e-01 2.090989494592293829e-01
2.543199336995190518e-01 2.543202789779129280e-01 2.543187103605508703e-01 2.543173237080152971e-01
2.791638641681762900e-01 2.791645060400577694e-01 2.791583834698984079e-01 2.791542247627815110e-01
2.773641372018278983e-01 2.773574674795579176e-01 2.773208420866642987e-01 2.773133051910458557e-01
2.306604541838898348e-01 2.306498932292213033e-01 2.306399567778263104e-01 2.306293528412026450e-01
2.184577417330663685e-01 2.184558593679121752e-01 2.184499159470708884e-01 2.184435051041477005e-01
2.065212707189208741e-01 2.065259243445732307e-01 2.065194755426123241e-01 2.065067161285160380e-01
1.918738116115752956e-01 1.918830058796775762e-01 1.918840025145196193e-01 1.918638364889711234e-01
1.916232833216738041e-01 1.916297428126997882e-01 1.916318201260896747e-01 1.916259811740657903e-01
2.052917605623354458e-01 2.053101043181844165e-01 2.053169056731227460e-01 2.053121803468694329e-01
2.125869569184868080e-01 2.125989944724015202e-01 2.126157383399786827e-01 2.126264322295680076e-01
2.054296922177707430e-01 2.054303115659038281e-01 2.054672217763605091e-01 2.054770287206276191e-01
1.906263067785307352e-01 1.906421292225586039e-01 1.906533584592708941e-01 1.906539249820643489e-01
1.900091627021413820e-01 1.900137840675106549e-01 1.900136969287130884e-01 1.900176112414405094e-01
2.051754093105119525e-01 2.051729387831027485e-01 2.051748986364151650e-01 2.051767894348529020e-01
2.124771722054545620e-01 2.124785124907229428e-01 2.124840575201891180e-01 2.124799658433660920e-01
2.046546219998994776e-01 2.046563589224799085e-01 2.046400668188897709e-01 2.046568320477862302e-01
1.898186715198853791e-01 1.898105864534203602e-01 1.897121148694503323e-01 1.898105116965231598e-01
1.937488238113473371e-01 1.933963069618290231e-01 1.931254568929345605e-01 1.933962689815994507e-01
2.283630581198801690e-01 2.273646236188420211e-01 2.287404870535963419e-01 2.273646136224173886e-01
1.983743561442539161e-01 2.008845304036386836e-01 2.137375869258850147e-01 2.008845282303959867e-01
