1.886538739008650559e-02 1.886538365184811661e-02 1.886538197219523455e-02 1.886538362714899539e-02
1.663266260371615568e-01 1.663265839589647410e-01 1.663265505330423499e-01 1.663265835809080717e-01
1.864638434979654369e-01 1.864635150062018409e-01 1.864632196384796436e-01 1.864635141511844785e-01
1.866148765101069140e-01 1.866138054436706217e-01 1.866128539412052478e-01 1.866138050115233871e-01
2.043901718159083503e-01 2.043897789589488312e-01 2.043895071118980999e-01 2.043897788743951616e-01
2.116921134915261127e-01 2.116922886333585940e-01 2.116922907889528249e-01 2.116922885222103645e-01
1.990899172126151528e-01 1.990897068339977649e-01 1.990890488970539496e-01 1.990897065869766391e-01
1.350850466723935439e-01 1.350789202421642521e-01 1.350730712784208309e-01 1.350789192080674994e-01
1.359863788892502756e-01 1.359633858259651218e-01 1.359431866618234230e-01 1.359633837007096224e-01
1.996373220687500671e-01 1.996267808578638669e-01 1.996197853051275284e-01 1.996267800230243084e-01
2.119097593600758611e-01 2.119101849447472263e-01 2.119106504830547688e-01 2.119101849725713027e-01
1.996221481560731537e-01 1.996233104868560537e-01 1.996211413970225279e-01 1.996233109296628450e-01
1.359266531740780937e-01 1.359151597569338010e-01 1.359020556299707916e-01 1.359151606836042636e-01
1.350751035500387942e-01 1.350293078918053669e-01 1.349883923521674467e-01 1.350293081473078194e-01
1.991114721786538255e-01 1.990859989335753699e-01 1.990686338932338428e-01 1.990859989691673992e-01
2.117040131699290395e-01 2.117020487114054661e-01 2.117109446915187432e-01 2.117020487463442124e-01
2.043890409573812794e-01 2.043894721567413031e-01 2.044033698342252459e-01 2.043894722328544467e-01
1.866232802435943139e-01 1.866417738401931203e-01 1.865971351171498982e-01 1.866417740849571349e-01
1.869714889576598593e-01 1.867389313893769442e-01 1.860539985115361727e-01 1.867389318727495917e-01
1.689775098655631469e-01 1.666387393128764827e-01 1.630810684039425695e-01 1.666387395145324246e-01
2.042221598298453455e-02 1.898639829491756761e-02 1.616039749711150122e-02 1.898639830720262600e-02
