1.744413609005975030e-01 1.744413608765705004e-01 1.744413609969667767e-01 1.744413610681859461e-01 1.744413610512199342e-01
2.213719287049826234e-01 2.213719284246273844e-01 2.213719287250825729e-01 2.213719289438985105e-01 2.213719288525623219e-01
2.038031036070263036e-01 2.038031029511230552e-01 2.038031028925302857e-01 2.038031030372514374e-01 2.038031027006725615e-01
2.004507856460530923e-01 2.004507850484698317e-01 2.004507844228835545e-01 2.004507843167511183e-01 2.004507835925788128e-01
2.000567350559266933e-01 2.000567338585271526e-01 2.000567328203929074e-01 2.000567317564006242e-01 2.000567304601957308e-01
2.000772675005161871e-01 2.000772648122789155e-01 2.000772617177306034e-01 2.000772592549030782e-01 2.000772576229781774e-01
2.000685148957788984e-01 2.000685112090905826e-01 2.000685060128146731e-01 2.000685011093987220e-01 2.000684975502197149e-01
2.000058886260378255e-01 2.000058829337061361e-01 2.000058671607924665e-01 2.000058599521617464e-01 2.000058535890988365e-01
1.999108020187023160e-01 1.999107928159736813e-01 1.999107939278313706e-01 1.999107832509279259e-01 1.999107806104098717e-01
1.998118892287560344e-01 1.998118781103178643e-01 1.998119163145680721e-01 1.998119057496047790e-01 1.998119071873021568e-01
1.998125711564990858e-01 1.998125666869904893e-01 1.998126106992562379e-01 1.998126083882428294e-01 1.998126145562417466e-01
1.999117903599363366e-01 1.999117981635487873e-01 1.999118279199979531e-01 1.999118319200608451e-01 1.999118352578733437e-01
2.000029308811750728e-01 2.000029428872922843e-01 2.000029512267287035e-01 2.000029551671219652e-01 2.000029577699598271e-01
2.000458704135111287e-01 2.000458777709119840e-01 2.000458745385906567e-01 2.000458763719129007e-01 2.000458786945759349e-01
2.000101147913913024e-01 2.000101175694849742e-01 2.000101158166028015e-01 2.000101173332525240e-01 2.000101184535329202e-01
1.998805169732864873e-01 1.998805176407150164e-01 1.998805215424477311e-01 1.998805223778927498e-01 1.998805230368914387e-01
2.000402013633760800e-01 2.000402015905187181e-01 2.000402037115896203e-01 2.000402039201190085e-01 2.000402044395772905e-01
2.002582160297491642e-01 2.002582161915054393e-01 2.002582168499891790e-01 2.002582167644040012e-01 2.002582171020908242e-01
2.006158881924292314e-01 2.006158883035299434e-01 2.006158883010140948e-01 2.006158881799159632e-01 2.006158883273379823e-01
1.714658672268385420e-01 1.714658672420327212e-01 1.714658672556919339e-01 1.714658673418856527e-01 1.714658672525385397e-01
2.795771485600680867e-02 2.795771485243122439e-02 2.795771481763303923e-02 2.795771483536527505e-02 2.795771481321667612e-02
