2.002046925508128294e-01 2.095499530354122952e-01 2.062110800546171352e-01 2.062157698695482877e-01 2.095513054191849578e-01
2.260000982299723848e-01 2.360316468373993837e-01 2.320048719420422789e-01 2.320143127759051460e-01 2.360360595963681418e-01
2.115194062503174544e-01 2.123332551154421821e-01 2.194685777233175983e-01 2.194728824306554915e-01 2.123400622846164654e-01
2.361017184353724208e-01 2.192372836928599966e-01 2.335650051201712818e-01 2.335597528374378506e-01 2.192459049955995387e-01
2.041501824314767288e-01 2.067720916194715763e-01 2.024507188650447043e-01 2.024598368091450329e-01 2.067847630653619206e-01
2.077149553891699807e-01 2.442278859606396013e-01 2.316152188736331774e-01 2.316352245340037308e-01 2.442404240284192229e-01
2.111019958414102060e-01 2.213895528524636447e-01 2.106725638233543918e-01 2.106902810112474267e-01 2.214042442911141051e-01
2.307386582223045213e-01 2.106081054625463245e-01 2.252410558735319090e-01 2.252407772498925542e-01 2.106182622346444155e-01
2.469038951617691657e-01 2.330407180622310337e-01 2.323891024279871043e-01 2.323860025674388541e-01 2.330484583134986298e-01
1.749636448738168260e-01 2.480508481907680030e-01 2.173804684662485331e-01 2.173978525149743157e-01 2.480745064445813164e-01
8.971973326174760288e-01 2.190839585848194937e-01 2.769199612914997055e-01 2.769385440911833474e-01 2.190987679531027910e-01
1.749556616584170832e-01 2.480859063557958322e-01 2.174026518297240140e-01 2.174145049384655082e-01 2.481034858789126218e-01
2.468842842155355155e-01 2.330677997154272096e-01 2.324252119682118367e-01 2.324163262248708506e-01 2.330760805633026456e-01
2.308316604218157986e-01 2.106068796778938490e-01 2.252802192076917009e-01 2.252820165588022283e-01 2.106168597113444174e-01
2.111594214397285729e-01 2.214321417674402770e-01 2.106908569970724066e-01 2.107110534753729447e-01 2.214457621721579172e-01
2.077501343862047101e-01 2.443653238645384085e-01 2.317046434773094299e-01 2.317222412882121718e-01 2.443721485071635446e-01
2.041588053526386115e-01 2.068168981812313345e-01 2.024701729800532368e-01 2.024745003449521796e-01 2.068225442036287776e-01
2.361896947939795821e-01 2.193147466159764136e-01 2.336714187587372593e-01 2.336638936623025575e-01 2.193225511504800218e-01
2.115906878559144777e-01 2.123619128393895994e-01 2.195146951289030368e-01 2.195192424743019344e-01 2.123688360897634519e-01
2.260439224954261805e-01 2.360871664377588719e-01 2.320444569121028477e-01 2.320525399477436634e-01 2.360893187568275375e-01
2.003075257552840160e-01 2.096788421117730672e-01 2.063277377879283447e-01 2.063318143298524254e-01 2.096782995342153511e-01
