2.809180953459713189e-03 2.808457696286723038e-03 2.810756828928729235e-03 2.812894080096390702e-03 2.811931887590378952e-03
3.441703250928954128e-02 3.440193330782042452e-02 3.445020432780944442e-02 3.449508654721914619e-02 3.447472232132439002e-02
1.450217676154834656e-01 1.448837763958836233e-01 1.453242175291254712e-01 1.457344950400922545e-01 1.455480109176802983e-01
1.931466855012834993e-01 1.930134831065977441e-01 1.934389648907483827e-01 1.938354778672200240e-01 1.936553147392256757e-01
1.998224063873240697e-01 1.998128320227000598e-01 1.998435737910985999e-01 1.998722968478248985e-01 1.998592627264481059e-01
1.979320330534537209e-01 1.979345318864925152e-01 1.979267729919635121e-01 1.979192767943758480e-01 1.979228047224114162e-01
1.810226246261138483e-01 1.809923894612086859e-01 1.810880852406019370e-01 1.811768817535551745e-01 1.811375750250240613e-01
1.475801916768461342e-01 1.472640365790127137e-01 1.482709308014320271e-01 1.492093459092800889e-01 1.487835935902511730e-01
1.882151474372855127e-01 1.879025104010276781e-01 1.889004989179952354e-01 1.898305036171392957e-01 1.894079655809057239e-01
1.991152471032781035e-01 1.990888477621715891e-01 1.991737458299415175e-01 1.992529049245649886e-01 1.992169447325696230e-01
1.995239277498959685e-01 1.995282655053018661e-01 1.995147501542571811e-01 1.995017204557456847e-01 1.995078330087605156e-01
1.895943297984181153e-01 1.895671510815391814e-01 1.896529793605966352e-01 1.897324461292104192e-01 1.896976155681121545e-01
1.537083574250218410e-01 1.533947328831695156e-01 1.543927039905343968e-01 1.553228676733804936e-01 1.549011037407118097e-01
1.874017109991289176e-01 1.870862554079056883e-01 1.880921118237493805e-01 1.890295517294290073e-01 1.886036548386820499e-01
1.916692319550564738e-01 1.916396311307704270e-01 1.917344200605285987e-01 1.918227960719790515e-01 1.917826845630658528e-01
1.982778185054258624e-01 1.982803418726090672e-01 1.982723531753882162e-01 1.982647900599688873e-01 1.982682473050804972e-01
1.963671696402280731e-01 1.963573236702525759e-01 1.963882982508819985e-01 1.964170021261791022e-01 1.964043636064363441e-01
1.814838841123274926e-01 1.813501628105027852e-01 1.817752591562322995e-01 1.821715125617184294e-01 1.819915775048554785e-01
1.659858660072731640e-01 1.658476200390510968e-01 1.662874533695776480e-01 1.666974288641276392e-01 1.665108889150627158e-01
3.985931602495971365e-02 3.984409137444377275e-02 3.989235737356870704e-02 3.993737212482400406e-02 3.991687222248919975e-02
3.074051751989043471e-03 3.073315018252167213e-03 3.075640662419418508e-03 3.077810654456671850e-03 3.076821877160789299e-03
