2.795009322684248801e-02 2.795016826780505684e-02 2.794990892031149268e-02 2.794990892430881599e-02 2.795016828671119391e-02
1.714449107371651682e-01 1.714452622451452801e-01 1.714448186158433474e-01 1.714448185961217619e-01 1.714452622260635439e-01
2.005821240701768926e-01 2.005891536670201258e-01 2.005915734991175481e-01 2.005915734668678174e-01 2.005891534999322545e-01
2.001432733324119140e-01 2.001939152710542902e-01 2.002252345488408081e-01 2.002252345577079651e-01 2.001939150116884558e-01
1.996361626210899631e-01 1.997962542794725072e-01 1.999807926298703409e-01 1.999807926320189833e-01 1.997962541160237804e-01
1.993909050082823264e-01 1.994182325653606203e-01 1.996706062978061968e-01 1.996706062846369534e-01 1.994182325092913322e-01
2.000469137283156229e-01 1.997507872783435279e-01 1.999356320658890462e-01 1.999356320513214491e-01 1.997507872264494555e-01
1.983554053634524195e-01 1.994566545599444907e-01 1.999969785129094846e-01 1.999969785070223605e-01 1.994566544219846249e-01
1.804965066333556190e-01 1.930368151076436445e-01 1.997040676861774888e-01 1.997040677127270292e-01 1.930368148756608226e-01
9.765990372523010443e-02 1.511129499262474363e-01 1.957833327688217606e-01 1.957833327716573257e-01 1.511129497731041604e-01
5.833083717417143895e-04 8.556405561694196971e-02 1.623718181986653630e-01 1.623718181502914470e-01 8.556405568881872425e-02
9.765990310843231104e-02 1.511129494762358527e-01 1.957833326350524317e-01 1.957833325839037075e-01 1.511129498253390158e-01
1.804965061224036993e-01 1.930368147581746630e-01 1.997040676987014429e-01 1.997040676909261347e-01 1.930368151004980271e-01
1.983554051894175774e-01 1.994566544097960969e-01 1.999969785289527902e-01 1.999969785346197571e-01 1.994566545442736372e-01
2.000469135165712786e-01 1.997507872032180387e-01 1.999356321424760607e-01 1.999356321816459225e-01 1.997507872534264040e-01
1.993909048192026578e-01 1.994182326681251671e-01 1.996706064955536819e-01 1.996706065164189914e-01 1.994182327476871908e-01
1.996361622628985144e-01 1.997962542721757606e-01 1.999807926946641778e-01 1.999807926807413705e-01 1.997962544504666982e-01
2.001432727069675510e-01 2.001939149802284268e-01 2.002252344580205679e-01 2.002252344547591489e-01 2.001939152674022948e-01
2.005821236280336539e-01 2.005891533793319470e-01 2.005915733258468170e-01 2.005915733592167627e-01 2.005891535782747814e-01
1.714449102637636280e-01 1.714452619845421300e-01 1.714448184653151186e-01 1.714448185969020821e-01 1.714452621704838087e-01
2.795009279632866550e-02 2.795016802411412829e-02 2.794990881122701165e-02 2.794990888091004877e-02 2.795016811864587877e-02
