1.747745672748259871e-01 1.745044312780013041e-01 1.746296688548857057e-01 1.746296522055892364e-01 1.745044074254091249e-01
2.218150704048823529e-01 2.213890620548247534e-01 2.213997473498093560e-01 2.213997189630501627e-01 2.213890275202939073e-01
2.042600885685308676e-01 2.043517934517939671e-01 2.037731631218158423e-01 2.037731153621058222e-01 2.043517534757927634e-01
2.009557187006547063e-01 2.022531400094703669e-01 2.008174434182981860e-01 2.008173883555242623e-01 2.022530937237638493e-01
2.003173385965117681e-01 2.008184275105461825e-01 2.004161930687398951e-01 2.004161884322886999e-01 2.008184224924431938e-01
2.088322400335209938e-01 2.000145924102811890e-01 2.025610762820222177e-01 2.025610487233699408e-01 2.000145823262558520e-01
2.125869302436148023e-01 2.008994340524976052e-01 2.004790087868526527e-01 2.004789925602323275e-01 2.008994270455893572e-01
2.099227914105611104e-01 2.184737138105013188e-01 2.003252366095401860e-01 2.003252267575090784e-01 2.184737157689159714e-01
2.066326271508965584e-01 2.489864690446746964e-01 2.093691178931928465e-01 2.093691210087264831e-01 2.489864682384201333e-01
2.046447073109434744e-01 2.117846605561922446e-01 2.109016781751212877e-01 2.109016849883357525e-01 2.117846619753145088e-01
5.785964084095717164e-01 1.916916151733069340e-01 2.579719713461841590e-01 2.579719717121447542e-01 1.916916184128822642e-01
2.046447228229822946e-01 2.117846708217974161e-01 2.109016879308066306e-01 2.109016861779078045e-01 2.117846712770157791e-01
2.066326408637017553e-01 2.489865132497494082e-01 2.093691390531461083e-01 2.093691371104957066e-01 2.489865088444293550e-01
2.099228114756737096e-01 2.184737602161042347e-01 2.003252476480510413e-01 2.003252472536132811e-01 2.184737571874021955e-01
2.125869813111689044e-01 2.008994621077654641e-01 2.004790239168922072e-01 2.004790236622049915e-01 2.008994609576979784e-01
2.088323253349546604e-01 2.000146107956803643e-01 2.025611043166749281e-01 2.025611028350571274e-01 2.000146107318165611e-01
2.003173821510567110e-01 2.008184708253401562e-01 2.004162306491921175e-01 2.004162296369461638e-01 2.008184697328712631e-01
2.009557014365815075e-01 2.022531917567927384e-01 2.008174479814388846e-01 2.008174464280792215e-01 2.022531897470646323e-01
2.042600524799755846e-01 2.043517967471611962e-01 2.037731272937119142e-01 2.037731288704483779e-01 2.043517989783603661e-01
2.218150298935434028e-01 2.213890144174058272e-01 2.213997056894755899e-01 2.213997075352149568e-01 2.213890163022229629e-01
1.747745267639903843e-01 1.745043682532263218e-01 1.746296340042611528e-01 1.746296342955018510e-01 1.745043703903874366e-01
