2.034267719650429129e-01 2.034961012384322865e-01 2.035633064741403098e-01 2.034960681812470196e-01
2.451382527529695765e-01 2.454187320974948461e-01 2.457143394817251913e-01 2.454186612750548502e-01
2.362839682342477710e-01 2.365051394094442039e-01 2.367479115387709221e-01 2.365049787140602322e-01
2.284483610159101230e-01 2.276697205221000497e-01 2.267845358947693513e-01 2.276697209998302385e-01
2.251817852341301274e-01 2.257622537226857129e-01 2.262131067761448677e-01 2.257623221202127994e-01
2.190819583854878849e-01 2.195982917217353114e-01 2.201554224620719258e-01 2.195982397817084208e-01
2.256670637202836671e-01 2.261316691670181567e-01 2.267023291079447722e-01 2.261316019702406810e-01
2.294758967586359166e-01 2.295214280612146995e-01 2.294722394621756256e-01 2.295214909288682825e-01
2.326880318387087310e-01 2.320116054640251335e-01 2.310473163374792138e-01 2.320115904362324843e-01
2.237122701565394944e-01 2.240326531728847326e-01 2.244234028985800378e-01 2.240326025425555811e-01
2.184991971595646176e-01 2.177812619673555883e-01 2.174349872272249851e-01 2.177812265011376536e-01
2.269052408785381392e-01 2.254009622020739512e-01 2.230770873131022736e-01 2.254009382524993776e-01
2.343373869377526897e-01 2.351999039062050711e-01 2.339125545305601184e-01 2.351999744978978402e-01
2.290848061726850071e-01 2.323294827053097311e-01 2.370935077674831415e-01 2.323294973498003790e-01
2.319268489218843654e-01 2.263757455280458186e-01 2.252557591870706089e-01 2.263757956197253451e-01
2.251089789001286257e-01 2.194382908679830824e-01 2.166701361297478090e-01 2.194383676054703358e-01
2.270690594760326475e-01 2.241665980850464091e-01 2.244358702560802221e-01 2.241666992114243195e-01
2.206216335187834165e-01 2.314606753105560022e-01 2.336386067171183079e-01 2.314607193617326530e-01
2.294443582352842792e-01 2.770105284599356232e-01 2.676565102918272987e-01 2.770106550974705262e-01
2.955978034524395226e-01 2.810918878750440775e-01 1.869783920414936906e-01 2.810918667520337921e-01
3.133712456384293854e-01 1.698920508945571117e-01 9.213617312133104420e-01 1.698920279594329785e-01
