1.886543372555110273e-02 1.886541666679752288e-02 1.886540895642396451e-02 1.886541662489377852e-02
1.663272911088224115e-01 1.663270999379261594e-01 1.663269486946899467e-01 1.663270990405304739e-01
1.864700358558908644e-01 1.864685423962021971e-01 1.864672014054732374e-01 1.864685401307945578e-01
1.866232356911791124e-01 1.866183644570933997e-01 1.866140377341704570e-01 1.866183632600307285e-01
2.043917506506963966e-01 2.043899642532325811e-01 2.043887284152535455e-01 2.043899637123337831e-01
2.116920626717915255e-01 2.116928589546113182e-01 2.116928694701177005e-01 2.116928584482563602e-01
1.990983858872941714e-01 1.990974307373970520e-01 1.990944414426022435e-01 1.990974308409227123e-01
1.351772899262044525e-01 1.351494250248502782e-01 1.351228284568721794e-01 1.351494250800759356e-01
1.361361523766072001e-01 1.360315560073556695e-01 1.359396887693641864e-01 1.360315541066276501e-01
1.996786598310727190e-01 1.996307289086663161e-01 1.995989496228129934e-01 1.996307269303420340e-01
2.119083597870202451e-01 2.119103087901680060e-01 2.119124323062145931e-01 2.119103085876056225e-01
1.996167762718445426e-01 1.996220427932616226e-01 1.996121219774542599e-01 1.996220461510901656e-01
1.359293688908581876e-01 1.358768978986479303e-01 1.358172353873797755e-01 1.358769080634758819e-01
1.351956020700126326e-01 1.349872987711340788e-01 1.348018936106277765e-01 1.349873125937829377e-01
1.991960113950692890e-01 1.990839407203142120e-01 1.990091110483640235e-01 1.990839462045552732e-01
2.117375746588639474e-01 2.117294002663936969e-01 2.117633448611826452e-01 2.117294007202323858e-01
2.043869936507125007e-01 2.043886481060380456e-01 2.044313555501260649e-01 2.043886483668126697e-01
1.866585803049543579e-01 1.867046197621619052e-01 1.864829298937241975e-01 1.867046209757925734e-01
1.883380906764816065e-01 1.873075234996827154e-01 1.845102264154726834e-01 1.873075269337199089e-01
1.763501881694800599e-01 1.671677127233077986e-01 1.533479657321414613e-01 1.671677143045625091e-01
2.526449015091892375e-02 1.977728948535364614e-02 9.503775627839718479e-03 1.977728963365370241e-02
