2.023494698929985958e-01 2.023494698893119614e-01 2.023494698908564482e-01 2.023494698858053498e-01
2.330372207657636641e-01 2.330372207547606878e-01 2.330372207618661429e-01 2.330372207494615377e-01
2.047143982106639226e-01 2.047143981949434144e-01 2.047143981773127674e-01 2.047143981606569518e-01
1.987043230876237854e-01 1.987043230773037628e-01 1.987043230726724119e-01 1.987043230574182806e-01
2.107865005605957520e-01 2.107865005482018328e-01 2.107865005510163869e-01 2.107865005442563222e-01
2.156148356420875545e-01 2.156148356328255189e-01 2.156148356330312432e-01 2.156148356278804745e-01
2.187898758074463823e-01 2.187898758015820455e-01 2.187898757999259813e-01 2.187898757966831587e-01
2.192599521303767451e-01 2.192599521285225339e-01 2.192599521131704809e-01 2.192599521119880934e-01
2.177462092007350358e-01 2.177462092039008090e-01 2.177462092166643770e-01 2.177462092101722924e-01
2.201589775811141625e-01 2.201589775837892726e-01 2.201589775908796565e-01 2.201589775872113686e-01
2.176764734710468219e-01 2.176764734755517738e-01 2.176764734761324760e-01 2.176764734786756916e-01
2.201589776448849012e-01 2.201589776527802800e-01 2.201589776470580795e-01 2.201589776538164511e-01
2.177462093623506456e-01 2.177462093589237757e-01 2.177462093488396477e-01 2.177462093628933226e-01
2.192599522378533838e-01 2.192599522464487027e-01 2.192599522667385559e-01 2.192599522732749662e-01
2.187898758869738502e-01 2.187898758976131453e-01 2.187898758804328880e-01 2.187898758962936452e-01
2.156148356671475363e-01 2.156148356854851178e-01 2.156148356649871534e-01 2.156148356776699249e-01
2.107865006357045601e-01 2.107865006572816613e-01 2.107865006317428958e-01 2.107865006396567042e-01
1.987043232125123293e-01 1.987043232038802343e-01 1.987043231911756469e-01 1.987043232193275166e-01
2.047143983652835453e-01 2.047143983846081428e-01 2.047143984218917634e-01 2.047143984213167234e-01
2.330372207993669786e-01 2.330372208044577953e-01 2.330372207928164130e-01 2.330372207970375364e-01
2.023494698456048124e-01 2.023494698512840473e-01 2.023494698366655464e-01 2.023494698411048009e-01
