1.879947904313995777e-02 1.879947907039683161e-02 1.879947876991462305e-02 1.879947874855084425e-02
1.650267705491768877e-01 1.650267709175637920e-01 1.650267666408012646e-01 1.650267662860497864e-01
1.726662914265164328e-01 1.726662921988778021e-01 1.726662827215975637e-01 1.726662819505163926e-01
1.731590613983029492e-01 1.731590614368477832e-01 1.731590592748163404e-01 1.731590592427026953e-01
2.033659671314640704e-01 2.033659670925486163e-01 2.033659670981613210e-01 2.033659671516924450e-01
2.118440795127913834e-01 2.118440794841930652e-01 2.118440794264336569e-01 2.118440794117059101e-01
2.010614098876579992e-01 2.010614098985795128e-01 2.010614079079374172e-01 2.010614077550827994e-01
1.482286440189423682e-01 1.482286440242845116e-01 1.482286397498059349e-01 1.482286395476355156e-01
1.485105049823905732e-01 1.485105043312536233e-01 1.485105048422129259e-01 1.485105053649073692e-01
2.013030578058031816e-01 2.013030575218610063e-01 2.013030581266827823e-01 2.013030583642820559e-01
2.120695197083433958e-01 2.120695197537421917e-01 2.120695196633082813e-01 2.120695196442431152e-01
2.013030585734962852e-01 2.013030583992848344e-01 2.013030580598464403e-01 2.013030581471721980e-01
1.485105000855044266e-01 1.485104991528810314e-01 1.485104998124133768e-01 1.485105006039038056e-01
1.482286347755145672e-01 1.482286325760001910e-01 1.482286387320956023e-01 1.482286407897639990e-01
2.010614073130337909e-01 2.010614063620159431e-01 2.010614091708351203e-01 2.010614100943862170e-01
2.118440792100964865e-01 2.118440791361259901e-01 2.118440792804212602e-01 2.118440794073064293e-01
2.033659663719099564e-01 2.033659662407361901e-01 2.033659663697369169e-01 2.033659665580273002e-01
1.731590508521201610e-01 1.731590496005886992e-01 1.731590529374292531e-01 1.731590541403737749e-01
1.726662738664651586e-01 1.726662696528627472e-01 1.726662829504556629e-01 1.726662870781465187e-01
1.650267657266420718e-01 1.650267637899929807e-01 1.650267698346585543e-01 1.650267717451420202e-01
1.879947824312083390e-02 1.879947803194733508e-02 1.879947854522791978e-02 1.879947889861987784e-02
