2.795075448449640607e-02 2.795095608333504275e-02 2.795100297493862199e-02 2.795100297611066015e-02 2.795095609123620511e-02
1.714469086038408752e-01 1.714475025929658725e-01 1.714474050665925342e-01 1.714474050558258689e-01 1.714475025641866157e-01
2.005909871122208143e-01 2.005937408152503043e-01 2.005938370937350723e-01 2.005938370851361174e-01 2.005937406920468291e-01
2.001993746197799628e-01 2.002168487661727114e-01 2.002270455559901630e-01 2.002270455740203792e-01 2.002168484220591960e-01
1.998444936820367168e-01 1.998993976159283981e-01 1.999769500212245088e-01 1.999769498929501177e-01 1.998993969965741357e-01
1.996581499457626419e-01 1.996032275979563453e-01 1.996541224640784595e-01 1.996541222766506640e-01 1.996032270458139024e-01
2.000590564483298028e-01 1.998640759219028340e-01 1.998485969432920728e-01 1.998485967302447153e-01 1.998640750892377860e-01
1.994547450390509180e-01 1.998788782153227972e-01 1.997171856081701169e-01 1.997171850013043648e-01 1.998788767670729716e-01
1.892003829108088175e-01 1.960439129480218978e-01 1.981054610762663648e-01 1.981054606735753176e-01 1.960439112875724532e-01
1.197479223182150027e-01 1.584090572323378354e-01 1.873836177505052991e-01 1.873836172634605612e-01 1.584090554554161423e-01
1.006650437795518667e-02 7.876285573658585448e-02 1.304254823801531959e-01 1.304254820919491797e-01 7.876285607032601499e-02
1.197479201504072638e-01 1.584090553450607508e-01 1.873836169635596793e-01 1.873836170780335264e-01 1.584090596669066042e-01
1.892003791061377116e-01 1.960439107369423839e-01 1.981054606793908879e-01 1.981054607926108213e-01 1.960439143032748077e-01
1.994547419841890545e-01 1.998788768339140043e-01 1.997171853048008705e-01 1.997171855755063841e-01 1.998788785568056947e-01
2.000590554734128501e-01 1.998640756040542255e-01 1.998485972678395450e-01 1.998485977802494373e-01 1.998640768730814421e-01
1.996581512825661708e-01 1.996032289836529305e-01 1.996541239703713833e-01 1.996541242034613750e-01 1.996032298357347246e-01
1.998444931377886258e-01 1.998993975415783997e-01 1.999769498725219585e-01 1.999769498615752705e-01 1.998993980243925217e-01
2.001993732967711215e-01 2.002168482242410452e-01 2.002270451970454279e-01 2.002270452034829451e-01 2.002168485293565336e-01
2.005909863419705619e-01 2.005937404460268747e-01 2.005938367732792715e-01 2.005938367823560387e-01 2.005937405316027267e-01
1.714469081902958714e-01 1.714475023320387592e-01 1.714474048861618916e-01 1.714474048970452413e-01 1.714475023455569735e-01
2.795075433994152411e-02 2.795095598301959583e-02 2.795100290995298706e-02 2.795100291144210145e-02 2.795095598305075493e-02
