1.879972120967756885e-02 1.879967098277455367e-02 1.879962579843900625e-02 1.879967027735225324e-02
1.650321080743381852e-01 1.650314204148062569e-01 1.650307483161602418e-01 1.650314105201805548e-01
1.727233930465359724e-01 1.727176199220002706e-01 1.727119243579483820e-01 1.727175974282382231e-01
1.732284276479680585e-01 1.732091445561679266e-01 1.731902178458618324e-01 1.732091369532230696e-01
2.033775174403227859e-01 2.033697269641028815e-01 2.033623585158447211e-01 2.033697253910578540e-01
2.118437347420658590e-01 2.118441140915515442e-01 2.118443732985216266e-01 2.118441130605368816e-01
2.010695905795723548e-01 2.010683217517889587e-01 2.010664383913978170e-01 2.010683165793224758e-01
1.483395894192836018e-01 1.483105029746167869e-01 1.482816270665928415e-01 1.483104928032051018e-01
1.487020861235679725e-01 1.485921538564059230e-01 1.484853134846738365e-01 1.485921528826902593e-01
2.013562168571461364e-01 2.013090595028498575e-01 2.012658188097249390e-01 2.013090593819887864e-01
2.120695180546394720e-01 2.120695226254900589e-01 2.120695454120840873e-01 2.120695222836190552e-01
2.013052968255627517e-01 2.013024063778720563e-01 2.012961257261980941e-01 2.013024052588167356e-01
1.485947612144809526e-01 1.484979746297651615e-01 1.484021159019794367e-01 1.484979741357057847e-01
1.485888203512042982e-01 1.482140326115539697e-01 1.478556488940102609e-01 1.482140384791973409e-01
2.012277485340935312e-01 2.010571255427185400e-01 2.009088336447607814e-01 2.010571284135580505e-01
2.118591390961569176e-01 2.118531486531128882e-01 2.118592547988566444e-01 2.118531488473746616e-01
2.033636259612966457e-01 2.033600337931289193e-01 2.033600296502941496e-01 2.033600339014873248e-01
1.732664884507552350e-01 1.730903337701409084e-01 1.728542454831870911e-01 1.730903370558877774e-01
1.738242259067862561e-01 1.728252121465750357e-01 1.714251436120769467e-01 1.728252259037780791e-01
1.679887618676401961e-01 1.652946787721694955e-01 1.614516035567317431e-01 1.652946852611838213e-01
2.037767678308160385e-02 1.891139472425737433e-02 1.608539018396273890e-02 1.891139558225082840e-02
