1.864464607546230390e-02 1.863946043211747727e-02 1.863804009214534846e-02 1.864356068998200555e-02
1.612590834932474404e-01 1.611840720395056326e-01 1.611642364959512408e-01 1.612419945731448090e-01
1.306196358378318156e-01 1.303567474401429449e-01 1.302143621417352071e-01 1.304855685709147006e-01
1.317014625638064096e-01 1.312284815156582463e-01 1.307783408592955721e-01 1.312600430572390398e-01
1.998300746332604405e-01 1.996376861810332248e-01 1.994463630380359509e-01 1.996378264723651097e-01
2.118049412728476577e-01 2.117921683815040257e-01 2.117867020487169405e-01 2.117913762555623802e-01
1.999823386471751563e-01 1.999706974561956951e-01 1.999719640000300613e-01 1.999851186879165188e-01
1.334113217785232730e-01 1.333665288536527160e-01 1.333328736044659402e-01 1.334021165702770073e-01
1.321715971517100907e-01 1.320633785602790267e-01 1.319402864717344748e-01 1.320723608052114806e-01
1.977675685829493601e-01 1.977113655702588402e-01 1.976798808320699152e-01 1.977114313678019764e-01
2.116147153458323160e-01 2.115727359938292806e-01 2.115810383659415816e-01 2.115716841206320142e-01
1.997333862630795986e-01 1.997433813979939132e-01 1.997158267494391348e-01 1.997358821535515916e-01
1.321613278455396334e-01 1.328158971209624784e-01 1.333027579659259443e-01 1.328001743710546523e-01
1.236679683248598505e-01 1.261460384755813402e-01 1.285798453658059948e-01 1.261421402353430365e-01
1.816827811110179047e-01 1.832280410987442709e-01 1.851332353793696262e-01 1.832279461346804084e-01
2.095546954670927386e-01 2.098567619659778838e-01 2.106274003381774784e-01 2.098566175905139386e-01
1.998473089823266657e-01 1.998162413693213846e-01 1.995072406684025856e-01 1.998118412098068841e-01
1.280549699032120792e-01 1.272402134382160654e-01 1.249418413179406717e-01 1.272299396612061873e-01
7.291827737723620417e-02 6.839970282873379659e-02 6.211457164485592597e-02 6.839666876559262476e-02
2.671465143402866615e-02 2.376748458927985252e-02 1.957014814221977664e-02 2.376713295795264413e-02
3.241084858528987898e-03 2.559300543659810342e-03 1.162121221476966875e-03 2.559276803299331219e-03
