3.324580495886482207e-03 3.323882775682364919e-03 3.323511008823395486e-03 3.323456274299637497e-03 3.323587700348878959e-03
4.127833240959352668e-02 4.128011140277867974e-02 4.128622921127952927e-02 4.128485777508477533e-02 4.127576824328761662e-02
1.699783201085283413e-01 1.700035080326084969e-01 1.700178341183206376e-01 1.699961804666852427e-01 1.699649240498866953e-01
1.986113611620298758e-01 1.986286659891026152e-01 1.986344449763264852e-01 1.986177223056082297e-01 1.985942806806165473e-01
1.996013639922091243e-01 1.995827638552112870e-01 1.995812829772327379e-01 1.995918211875308546e-01 1.995701210196020592e-01
1.939668223650679590e-01 1.939311043643942578e-01 1.939267514345538457e-01 1.939469346912755798e-01 1.939197567902174180e-01
1.560692746345833659e-01 1.559587288024283647e-01 1.558855179675870950e-01 1.559257066611298148e-01 1.560022844757305571e-01
7.857353121316962286e-02 7.851326906723134214e-02 7.851437025653328072e-02 7.858274622786974584e-02 7.862189265754877809e-02
1.654506939441484359e-01 1.654921503718694287e-01 1.653066912491931162e-01 1.653495626828581366e-01 1.655642221807769876e-01
1.959490417644262350e-01 1.971531915240259669e-01 1.962049086942898590e-01 1.962116404212995158e-01 1.971544702598237442e-01
1.892514766442743857e-01 1.998236118682420737e-01 2.004912362021721572e-01 2.004846850716903717e-01 1.997803931118315723e-01
1.989424677726907009e-01 1.999688562771290146e-01 1.990862060145036083e-01 1.990879396337504881e-01 1.999462493658183959e-01
1.988909675089527984e-01 1.986934621951192970e-01 1.984642737287877212e-01 1.984823495188509923e-01 1.987333017682186009e-01
1.993063230115557638e-01 1.992605551856837243e-01 1.992536874975069927e-01 1.992606901842778333e-01 1.992739714795391526e-01
1.956646749299059407e-01 1.956769863782686636e-01 1.956791924985085418e-01 1.956704684533975835e-01 1.956638870203994129e-01
1.644899243637909236e-01 1.645987678024641299e-01 1.646193919535976213e-01 1.645404969876314571e-01 1.644648758826501300e-01
8.162229880738193499e-02 8.172247389531481221e-02 8.172817994326790625e-02 8.164014509898576133e-02 8.157660722222279115e-02
1.647201253911744490e-01 1.647264655307301984e-01 1.647023970612258026e-01 1.646821507853870881e-01 1.646929644728406528e-01
1.962024630991401064e-01 1.962006589358787634e-01 1.961948892091351648e-01 1.961929764636702322e-01 1.961975370952607489e-01
1.708626536966546816e-01 1.708619347437959346e-01 1.708609107713039699e-01 1.708607988844441650e-01 1.708619560871884324e-01
2.783292904618511060e-02 2.783278622479886874e-02 2.783264059997169956e-02 2.783265524289255458e-02 2.783285445957410856e-02
