1.961353953977190007e-02 1.957704268738551939e-02 1.957410896768065761e-02 1.957414900844757499e-02 1.957704911008913140e-02
1.273644124394122390e-01 1.271927257459825045e-01 1.272447495563768793e-01 1.272449509375960242e-01 1.271929728963348272e-01
1.905389825825742900e-01 1.902312132499071329e-01 1.903904423050534755e-01 1.903904420015331833e-01 1.902313761054592878e-01
1.998718990806958584e-01 1.996164976984464157e-01 1.997546742486234206e-01 1.997546898070663435e-01 1.996164573630581085e-01
1.999443909232019312e-01 1.999623543182545427e-01 1.999815252038803781e-01 1.999815566883205997e-01 1.999623257030762324e-01
1.990110903741142412e-01 1.993278936152512171e-01 1.993885775841698904e-01 1.993886285074006059e-01 1.993279693001169528e-01
1.970668875866879999e-01 1.971219724850251376e-01 1.973103871404047749e-01 1.973106099656092294e-01 1.971224657562327398e-01
1.996064193221773753e-01 1.992360195892105834e-01 1.994070984386880352e-01 1.994072274957811031e-01 1.992365064781780881e-01
2.003793297703642673e-01 1.999617427047885032e-01 1.999321863584186953e-01 1.999321429770753444e-01 1.999619507940209595e-01
1.990237902871951070e-01 2.003502868362544431e-01 1.997998073318066614e-01 1.997998100624059914e-01 2.003504042797781270e-01
1.888076182102383649e-01 1.999739378371628296e-01 2.010154238148355588e-01 2.010154226113860798e-01 1.999739487189507170e-01
1.993189588882939289e-01 2.005825282735649584e-01 1.999564690769057018e-01 1.999564345939520704e-01 2.005825072404698317e-01
2.004427200082754268e-01 1.999732478783448897e-01 1.999433341898100847e-01 1.999432706279030969e-01 1.999732103650278814e-01
1.990486963960563793e-01 1.986274982372242259e-01 1.988280573129057593e-01 1.988279810281982085e-01 1.986273303411989766e-01
1.944690999779772334e-01 1.945497772813668813e-01 1.948095858298681815e-01 1.948101962179923374e-01 1.945505804515240689e-01
1.984665345437458539e-01 1.988387371876363108e-01 1.989476821600558443e-01 1.989484908825273346e-01 1.988397814369795569e-01
1.999606573877391602e-01 1.999752579065272318e-01 1.999901889279870337e-01 1.999900957625110332e-01 1.999751458026532702e-01
1.994287459441543564e-01 1.991344227832343439e-01 1.992854399183797975e-01 1.992853911016428670e-01 1.991345913610830798e-01
1.808621342603599913e-01 1.805009408386739622e-01 1.806810511379958739e-01 1.806807184945620759e-01 1.805008261725278562e-01
8.546155099859510662e-02 8.525685336331294273e-02 8.530848159934938113e-02 8.530838730600781572e-02 8.525689054177881809e-02
1.168422323110086467e-02 1.163974696512788849e-02 1.163172451656937015e-02 1.163181615359044560e-02 1.163992269496955459e-02
