4.183773827070328896e-03 4.183781910869903073e-03 4.183773637161204012e-03 4.183781829715538594e-03
3.840020036322112917e-02 3.840026872032272637e-02 3.840019761470313958e-02 3.840026754975946893e-02
7.528191492538091611e-02 7.528211222774153222e-02 7.528187776941075438e-02 7.528209441538979974e-02
1.278944506153233129e-01 1.278946099817677706e-01 1.278943094571017847e-01 1.278945409600239780e-01
1.998198873322293567e-01 1.998198711220143253e-01 1.998198246992866633e-01 1.998198405869004157e-01
2.085779636239147306e-01 2.085778644024678941e-01 2.085779591943724975e-01 2.085778623779457608e-01
1.724564214527091188e-01 1.724564338842988764e-01 1.724564180002451930e-01 1.724564324324298903e-01
1.211308683493767663e-01 1.211310953546401170e-01 1.211308243306849775e-01 1.211310727260888342e-01
1.322568978717280075e-01 1.322570957294391114e-01 1.322567305637926405e-01 1.322570073455475170e-01
1.997141176345919034e-01 1.997141023570931095e-01 1.997140370323761405e-01 1.997140599407396799e-01
2.111299447928373929e-01 2.111298256720764155e-01 2.111299318486205834e-01 2.111298191980642558e-01
1.939307591205239323e-01 1.939307603893106469e-01 1.939307566665612048e-01 1.939307597309437026e-01
1.303985739003786781e-01 1.303988320255960176e-01 1.303986617915390833e-01 1.303988769209883936e-01
1.333064499395888725e-01 1.333067810149845822e-01 1.333068136338040610e-01 1.333069623434879059e-01
1.999808055116264471e-01 1.999808590181287871e-01 1.999809527586445534e-01 1.999809320681278646e-01
2.117153803480259777e-01 2.117152817190242065e-01 2.117153716764780813e-01 2.117152771555975144e-01
1.989446536027583146e-01 1.989446538798008701e-01 1.989446532571166326e-01 1.989446541965003701e-01
1.307851506881031189e-01 1.307854225576031149e-01 1.307854672666000084e-01 1.307855881472594906e-01
1.302508032796025061e-01 1.302513231655237358e-01 1.302521063996449902e-01 1.302520017841965472e-01
1.611982337267786614e-01 1.611984433315387377e-01 1.611988188028721514e-01 1.611987479095542686e-01
1.864079164153441270e-02 1.864080960190784078e-02 1.864083249892632341e-02 1.864083086733953759e-02
