2.036515178011863159e-01 2.034897383033729967e-01 2.050447347294160616e-01 2.034897382365970231e-01
2.438392462235227098e-01 2.453428093277194855e-01 2.495717011801420193e-01 2.453428090970315167e-01
2.345068010927547908e-01 2.411564829398196996e-01 2.385834272362074848e-01 2.411564829240890884e-01
2.400446046145987278e-01 2.391970927014648307e-01 2.238954257233994605e-01 2.391970929466777085e-01
2.245985264729013775e-01 2.257188654090447888e-01 2.336003652637718142e-01 2.257188650485310866e-01
2.308576474742135842e-01 2.196122501569310603e-01 2.357288971015895906e-01 2.196122498515825083e-01
2.344503778012292372e-01 2.263326628773903171e-01 2.334201754926955308e-01 2.263326625958631544e-01
2.301370884657888971e-01 2.547274545409861646e-01 2.303853721144146494e-01 2.547274546011105145e-01
2.377434420526810810e-01 2.675023667749354406e-01 2.422511393475760277e-01 2.675023669973962126e-01
2.390380260864848061e-01 2.248088280495707802e-01 2.317903198103949403e-01 2.248088277596334283e-01
2.542075878874322514e-01 2.181543215142958958e-01 2.425738177104360682e-01 2.181543214443671108e-01
2.450469410138484405e-01 2.243639287248967995e-01 2.301290888690276926e-01 2.243639288903674922e-01
2.289026812517080955e-01 2.726198427180132611e-01 2.367676731583472638e-01 2.726198422669294241e-01
2.288124470813768796e-01 2.779867951215166388e-01 2.457003384007050151e-01 2.779867951639935497e-01
2.497625712552741795e-01 2.270933436643839953e-01 2.311461026100982141e-01 2.270933437636054320e-01
2.540932174803320343e-01 2.200097225198870687e-01 2.547485027256445322e-01 2.200097226588491051e-01
2.296537514647778722e-01 2.246981486526885008e-01 2.539390282924071096e-01 2.246981489654982511e-01
2.386771546140470102e-01 2.675066389837011949e-01 2.321756348490616184e-01 2.675066386199728696e-01
2.514090405915490045e-01 2.799538126402568716e-01 2.186601618373852918e-01 2.799538127083495143e-01
2.416855690838244086e-01 2.379272364494095793e-01 2.491719851819367004e-01 2.379272366418351825e-01
1.786623704650621980e-01 1.876039617402846804e-01 3.893228913090595600e-01 1.876039617890356004e-01
