2.795032568210581783e-02 2.795044546104667738e-02 2.795042360262702669e-02 2.795042360365257092e-02 2.795044546064005125e-02
1.714459334012056746e-01 1.714462707475460646e-01 1.714461037197473336e-01 1.714461037088003403e-01 1.714462707356697035e-01
2.005894369184210158e-01 2.005920945111461517e-01 2.005924146174297429e-01 2.005924146005762521e-01 2.005920944323818234e-01
2.001909251961816183e-01 2.002119854599777038e-01 2.002246607015085722e-01 2.002246606922282735e-01 2.002119852702636815e-01
1.997754762122373740e-01 1.998568728309841891e-01 1.999603602251746604e-01 1.999603601926792373e-01 1.998568725803589741e-01
1.994662245706624593e-01 1.994620638792809209e-01 1.995593145888094055e-01 1.995593145481317776e-01 1.994620637114066508e-01
1.999873107843699316e-01 1.998060364464961658e-01 1.998163842407729429e-01 1.998163842084810515e-01 1.998060363334497880e-01
1.996433784641489517e-01 1.998020665919766348e-01 1.996567110642074039e-01 1.996567110114066679e-01 1.998020663657472107e-01
1.914639322402715560e-01 1.962311863154615477e-01 1.976565627370104050e-01 1.976565627122491009e-01 1.962311858386413810e-01
1.305037530572769888e-01 1.601569008267763605e-01 1.832229467001247891e-01 1.832229466788882766e-01 1.601569002137490649e-01
2.236273446586909894e-02 7.725928372003254552e-02 1.193390468774165186e-01 1.193390468696544082e-01 7.725928350342167739e-02
1.305037525928414432e-01 1.601569008494079793e-01 1.832229466691155662e-01 1.832229466961834696e-01 1.601569011137271847e-01
1.914639310856153520e-01 1.962311856911703734e-01 1.976565624222395012e-01 1.976565624654168241e-01 1.962311860689503473e-01
1.996433778580490592e-01 1.998020660300968698e-01 1.996567107489174153e-01 1.996567108118610656e-01 1.998020662753626220e-01
1.999873105693859843e-01 1.998060360849444883e-01 1.998163840878474651e-01 1.998163841451523204e-01 1.998060362217032593e-01
1.994662243041235017e-01 1.994620635767972439e-01 1.995593145197307461e-01 1.995593145868824470e-01 1.994620638342561592e-01
1.997754758326672209e-01 1.998568726335293588e-01 1.999603602633664712e-01 1.999603603234125504e-01 1.998568729851627201e-01
2.001909248155963328e-01 2.002119853704944219e-01 2.002246607636843923e-01 2.002246607868475026e-01 2.002119855800576220e-01
2.005894367231071951e-01 2.005920944758328439e-01 2.005924146102439909e-01 2.005924146338969316e-01 2.005920945427912827e-01
1.714459333298316845e-01 1.714462707440047307e-01 1.714461037369129914e-01 1.714461037493069939e-01 1.714462707554428866e-01
2.795032568145758636e-02 2.795044547815711891e-02 2.795042363387569007e-02 2.795042363475527467e-02 2.795044547575186583e-02
