2.795075456652604609e-02 2.795095617109830469e-02 2.795100306800383724e-02 2.795100307148407071e-02 2.795095617610896324e-02
1.714469083720534248e-01 1.714475023796440400e-01 1.714474049008511691e-01 1.714474049000842826e-01 1.714475023695976597e-01
2.005909863018671691e-01 2.005937403206078662e-01 2.005938367021666280e-01 2.005938367004347633e-01 2.005937402727950014e-01
2.001993716398539624e-01 2.002168473856001663e-01 2.002270447797783737e-01 2.002270447602121084e-01 2.002168472720000370e-01
1.998444857398343211e-01 1.998993931741744612e-01 1.999769482843271884e-01 1.999769482200655646e-01 1.998993930029089594e-01
1.996581413912625613e-01 1.996032209907284694e-01 1.996541188129034305e-01 1.996541187867687528e-01 1.996032208192461688e-01
2.000590536837887345e-01 1.998640715932441803e-01 1.998485943389759767e-01 1.998485943655090580e-01 1.998640714598777512e-01
1.994547424543261227e-01 1.998788751695154409e-01 1.997171845612526198e-01 1.997171844598561175e-01 1.998788749004502541e-01
1.892003702597351289e-01 1.960439094011844352e-01 1.981054623229674128e-01 1.981054622166542878e-01 1.960439090141840035e-01
1.197478993141726233e-01 1.584090580893278699e-01 1.873836316145044978e-01 1.873836315736141234e-01 1.584090576774930537e-01
1.006650508397219888e-02 7.876289082544545017e-02 1.304255417320608901e-01 1.304255417210361256e-01 7.876289069677232246e-02
1.197478975323697098e-01 1.584090570160310019e-01 1.873836312937788018e-01 1.873836313223001537e-01 1.584090573002350510e-01
1.892003689807296996e-01 1.960439085834947415e-01 1.981054618551720548e-01 1.981054619220122825e-01 1.960439089290711423e-01
1.994547417190981053e-01 1.998788745745694040e-01 1.997171841042073570e-01 1.997171841972252282e-01 1.998788747960237311e-01
2.000590534229245987e-01 1.998640712110024975e-01 1.998485941156299683e-01 1.998485941951008704e-01 1.998640713892377851e-01
1.996581413977345509e-01 1.996032208329532598e-01 1.996541187395531880e-01 1.996541188066094097e-01 1.996032210605712953e-01
1.998444856560429306e-01 1.998993930318390955e-01 1.999769482359255168e-01 1.999769482781155461e-01 1.998993933281248692e-01
2.001993714604516916e-01 2.002168473200814092e-01 2.002270448042298145e-01 2.002270448158915694e-01 2.002168475294552330e-01
2.005909861746830170e-01 2.005937403528584850e-01 2.005938367445550541e-01 2.005938367552293211e-01 2.005937404214250819e-01
1.714469082949788281e-01 1.714475023972329704e-01 1.714474049596425298e-01 1.714474049736075811e-01 1.714475024217320953e-01
2.795075450247582263e-02 2.795095613175400256e-02 2.795100305292275850e-02 2.795100305774768021e-02 2.795095613892085995e-02
