1.884652283709798912e-02 1.884680244206969613e-02 1.884694378042962859e-02 1.884680229739782095e-02
1.661889586863686263e-01 1.661925170389224049e-01 1.661948943198362783e-01 1.661925138221397591e-01
1.856993091192405132e-01 1.857036411635878403e-01 1.857044904612588643e-01 1.857036323722571491e-01
1.859794612427936866e-01 1.859656853195161275e-01 1.859490366778968340e-01 1.859656865908524137e-01
2.042146735384759437e-01 2.042081697519445016e-01 2.042036449781410579e-01 2.042081716966513139e-01
2.111309543851845605e-01 2.111323623252294168e-01 2.111380310841415031e-01 2.111323618578535843e-01
1.924382416640910975e-01 1.924649745485953189e-01 1.924900089037576423e-01 1.924649618894563041e-01
8.158809350588450138e-02 8.159713673123134003e-02 8.159434730790936230e-02 8.159712259799289935e-02
8.057954090229602073e-02 8.036575153116480574e-02 8.014537912247776674e-02 8.036579831510758110e-02
1.903430506110293519e-01 1.902312255724307177e-01 1.901499916428373294e-01 1.902312479772754750e-01
2.104290094831318125e-01 2.103801975116909029e-01 2.103830497124515031e-01 2.103801985195520585e-01
1.940972819505372149e-01 1.940496891535442581e-01 1.939912418906445946e-01 1.940496783265754366e-01
8.657530815951491876e-02 8.717329232611092937e-02 8.766244736380091052e-02 8.717326480102220720e-02
7.659552306278330502e-02 7.940696135361872965e-02 8.218202847847845549e-02 7.940695321614962832e-02
1.727683522926881377e-01 1.746379053594499520e-01 1.768372675147558415e-01 1.746379059684298740e-01
2.086075298552111379e-01 2.090732765829836914e-01 2.100273922028717266e-01 2.090732780834775872e-01
2.037828468986983277e-01 2.037411723281079279e-01 2.034984803521948382e-01 2.037411724876817820e-01
1.764501155082073280e-01 1.740068155666618654e-01 1.701384844377421546e-01 1.740068156654469289e-01
1.282854619202778990e-01 1.171420658697125000e-01 1.040780839838359589e-01 1.171420702716715195e-01
3.778989997560931041e-02 3.179107261506476656e-02 2.422901439826841141e-02 3.179107462277320356e-02
4.154643564384780628e-03 3.211610176732178096e-03 1.366315284975274172e-03 3.211610289928184918e-03
