2.811787966882525486e-03 2.811055796094042054e-03 2.813369242384178726e-03 2.815540390606146876e-03 2.814552499643593973e-03
3.442951348741056516e-02 3.441429993456036202e-02 3.446253261387816069e-02 3.450762113435674322e-02 3.448715505555399741e-02
1.450171534972451992e-01 1.448783854896646406e-01 1.453180985736985398e-01 1.457287853971081237e-01 1.455426878865087315e-01
1.931456237165049550e-01 1.930114921387137417e-01 1.934362654997325570e-01 1.938330431196103598e-01 1.936533543406255553e-01
1.998223649878743124e-01 1.998126067833913555e-01 1.998432618885505052e-01 1.998719903831014111e-01 1.998590504719986449e-01
1.979313032619799406e-01 1.979338593862305928e-01 1.979258990213100811e-01 1.979183156531729437e-01 1.979218150924619835e-01
1.810207237074287490e-01 1.809907964553043591e-01 1.810857787018482767e-01 1.811742642218908961e-01 1.811343696479506826e-01
1.475922473599618201e-01 1.472751811696343949e-01 1.482803665558573847e-01 1.492187733100590885e-01 1.487935886761037607e-01
1.882195784034620401e-01 1.879052507670870564e-01 1.889017677959889951e-01 1.898321472506673546e-01 1.894105610613945334e-01
1.991156474723527192e-01 1.990888998686983213e-01 1.991735988025928605e-01 1.992527500041391675e-01 1.992169518616291879e-01
1.995225430636001218e-01 1.995269962238872541e-01 1.995131452368775760e-01 1.995000223006321571e-01 1.995060550652465459e-01
1.895879929008824905e-01 1.895612479826065955e-01 1.896462850988449578e-01 1.897254114339407272e-01 1.896898671459661401e-01
1.537112204122720593e-01 1.533968926293377000e-01 1.543936600777502388e-01 1.553241054898006068e-01 1.549025759863986718e-01
1.874036585375979391e-01 1.870866953225855667e-01 1.880917276701059571e-01 1.890299732683175804e-01 1.886047775864156117e-01
1.916695600482835049e-01 1.916396344243943561e-01 1.917342955833072626e-01 1.918227753445217176e-01 1.917827513958534624e-01
1.982774144097499136e-01 1.982799435749420247e-01 1.982719208536711519e-01 1.982643722347444681e-01 1.982678273891350651e-01
1.963640191102563048e-01 1.963542806037709143e-01 1.963851691215536266e-01 1.964138457386520875e-01 1.964009699947371623e-01
1.814774693020812790e-01 1.813434292267919468e-01 1.817685026559497374e-01 1.821651790532671233e-01 1.819854065297834833e-01
1.659845805206103531e-01 1.658458499327829794e-01 1.662856173056955211e-01 1.666961270923111027e-01 1.665100740069517249e-01
3.985943973190606698e-02 3.984416918328877871e-02 3.989233322324396702e-02 3.993736713288196377e-02 3.991703253395204043e-02
3.074080762622476756e-03 3.073342656247554303e-03 3.075658584786523670e-03 3.077827380035212061e-03 3.076852119420502279e-03
