1.979495635204030768e-01 2.076909514531065371e-01 2.040392155707109745e-01 2.040392159150326012e-01 2.076909514062933448e-01
2.263389938436536908e-01 2.360163383725878139e-01 2.314721170201285150e-01 2.314721173332055237e-01 2.360163383216497823e-01
2.122444679445808502e-01 2.126852606251962985e-01 2.193793992504920187e-01 2.193793984778728556e-01 2.126852602334408926e-01
2.355299358421406863e-01 2.192294374161342652e-01 2.327376648910446100e-01 2.327376646920744085e-01 2.192294368038260610e-01
2.059277902005105521e-01 2.085252059186477325e-01 2.030818314681503423e-01 2.030818331229372331e-01 2.085252069334153080e-01
2.143433026095097060e-01 2.441156118369699202e-01 2.317223960408627270e-01 2.317223975764433341e-01 2.441156119173061023e-01
2.243019701719750625e-01 2.239594718598333922e-01 2.111676065889642462e-01 2.111676064896995941e-01 2.239594724354785904e-01
2.345762128475991359e-01 2.263374708772002142e-01 2.264367480118254228e-01 2.264367456006851909e-01 2.263374715245895230e-01
2.391979767197366658e-01 2.581244622982901693e-01 2.395383042327768885e-01 2.395383062174016586e-01 2.581244619719022526e-01
2.208163045933138335e-01 2.339976515379664779e-01 2.188491290685803670e-01 2.188491328030719441e-01 2.339976540040236974e-01
5.796192228207956987e-01 2.396233825729142397e-01 2.811279188071763024e-01 2.811279205751813781e-01 2.396233836049776467e-01
2.208163005583715366e-01 2.339976510305088464e-01 2.188491291915940495e-01 2.188491281355625095e-01 2.339976522551613924e-01
2.391979770983190812e-01 2.581244625767940004e-01 2.395383098601923944e-01 2.395383073421543385e-01 2.581244641373814930e-01
2.345762124884934463e-01 2.263374668557623370e-01 2.264367410727513297e-01 2.264367440457809300e-01 2.263374678531787088e-01
2.243019716643509520e-01 2.239594737512377309e-01 2.111676057417866958e-01 2.111676092918779446e-01 2.239594761608983131e-01
2.143433012864215670e-01 2.441156154173480530e-01 2.317223966318621153e-01 2.317223983437228518e-01 2.441156167148893774e-01
2.059277876294743903e-01 2.085252054158981405e-01 2.030818313339183556e-01 2.030818306377460136e-01 2.085252058266703901e-01
2.355299396256331779e-01 2.192294368969332219e-01 2.327376683981823569e-01 2.327376674731314321e-01 2.192294386535412198e-01
2.122444680939452599e-01 2.126852591305684881e-01 2.193793962616278626e-01 2.193793979653128057e-01 2.126852606970757731e-01
2.263389937779817229e-01 2.360163399664265971e-01 2.314721167990731465e-01 2.314721179823656105e-01 2.360163405554650817e-01
1.979495659172995636e-01 2.076909551791173980e-01 2.040392179929402250e-01 2.040392183501634760e-01 2.076909551396907416e-01
