2.795075452164006574e-02 2.795095613313371141e-02 2.795100302645098581e-02 2.795100302540992274e-02 2.795095613342768806e-02
1.714469083518118386e-01 1.714475023837012113e-01 1.714474048884735702e-01 1.714474048743871437e-01 1.714475023552702038e-01
2.005909863304317087e-01 2.005937403564999888e-01 2.005938367105993825e-01 2.005938366956101504e-01 2.005937402788594004e-01
2.001993717346525481e-01 2.002168474245545338e-01 2.002270447582267521e-01 2.002270447487937699e-01 2.002168472763450890e-01
1.998444860712485227e-01 1.998993933407358647e-01 1.999769482443945756e-01 1.999769482024243705e-01 1.998993931430739501e-01
1.996581418982972256e-01 1.996032213572015435e-01 1.996541189659361837e-01 1.996541189529406901e-01 1.996032212207050627e-01
2.000590538536866914e-01 1.998640718474123112e-01 1.998485944492938149e-01 1.998485944131388470e-01 1.998640717271991940e-01
1.994547428022153956e-01 1.998788754532574430e-01 1.997171846621033919e-01 1.997171845730943973e-01 1.998788751627643689e-01
1.892003719769378978e-01 1.960439099939216001e-01 1.981054622758010308e-01 1.981054621866728260e-01 1.960439094359146539e-01
1.197479021664102639e-01 1.584090584608199015e-01 1.873836302528668896e-01 1.873836302319412395e-01 1.584090578246875047e-01
1.006650557236672162e-02 7.876288813341583706e-02 1.304255356408704214e-01 1.304255354661490174e-01 7.876288771349092277e-02
1.197479004211411124e-01 1.584090576374367620e-01 1.873836296710019445e-01 1.873836297458429945e-01 1.584090579260523379e-01
1.892003699052488830e-01 1.960439089372190968e-01 1.981054614708246953e-01 1.981054617101747628e-01 1.960439094317166786e-01
1.994547416310218924e-01 1.998788747332197469e-01 1.997171841270352632e-01 1.997171843412860748e-01 1.998788751178005030e-01
2.000590536605190706e-01 1.998640716736501954e-01 1.998485944512691237e-01 1.998485946188072737e-01 1.998640719862428694e-01
1.996581425557658052e-01 1.996032218596607288e-01 1.996541193988694562e-01 1.996541195174889594e-01 1.996032221597285328e-01
1.998444863889637102e-01 1.998993935880619965e-01 1.999769484338981551e-01 1.999769484867251201e-01 1.998993938679242688e-01
2.001993715286328468e-01 2.002168473781917035e-01 2.002270447920624363e-01 2.002270448059843833e-01 2.002168475433633577e-01
2.005909861017844409e-01 2.005937402603208686e-01 2.005938366545987894e-01 2.005938366658065741e-01 2.005937403161485721e-01
1.714469081943576223e-01 1.714475022807282201e-01 1.714474048369617198e-01 1.714474048465607914e-01 1.714475022971502505e-01
2.795075440508674666e-02 2.795095603161958098e-02 2.795100294463588250e-02 2.795100294643272296e-02 2.795095603377224791e-02
