1.744446849981010905e-01 1.744446488804161921e-01 1.744446292532518261e-01 1.744446292674511900e-01 1.744446488846589927e-01
2.213502691233260322e-01 2.213501927689799920e-01 2.213501065718436189e-01 2.213501066038184584e-01 2.213501927634834721e-01
2.037706335472028452e-01 2.037705158752099455e-01 2.037700397384678841e-01 2.037700397517193951e-01 2.037705158395630989e-01
2.004167596175486510e-01 2.004165693492563627e-01 2.004156755020767566e-01 2.004156755018031977e-01 2.004165692565688106e-01
2.000351754878153532e-01 2.000300722792118790e-01 2.000301739195374517e-01 2.000301739073414853e-01 2.000300720165641144e-01
2.001376374764739230e-01 2.001073774805865180e-01 2.000967371637261960e-01 2.000967370311529658e-01 2.001073768540360953e-01
2.004800003722838064e-01 2.004590867293874479e-01 2.004013509131124804e-01 2.004013504622731145e-01 2.004590854151401536e-01
2.023642799991394181e-01 2.025064072104529322e-01 2.021416804998958372e-01 2.021416799565762257e-01 2.025064054744522835e-01
2.090624248142183561e-01 2.096364028103592791e-01 2.093873138456948946e-01 2.093873133258711827e-01 2.096364013456362418e-01
2.448720109054611793e-01 2.298877974593193652e-01 2.300434136629640747e-01 2.300434129027544572e-01 2.298877960194279646e-01
4.540547818214439313e-01 2.818891515230009803e-01 2.647692786525938091e-01 2.647692780725449668e-01 2.818891496209438574e-01
2.448720017959800654e-01 2.298877913015296981e-01 2.300434097300318448e-01 2.300434096063191658e-01 2.298877908773347689e-01
2.090624165153666669e-01 2.096363967013633867e-01 2.093873092076691811e-01 2.093873098351750617e-01 2.096363983198374081e-01
2.023642729964232612e-01 2.025064021134450054e-01 2.021416764460729210e-01 2.021416767973648609e-01 2.025064031605477988e-01
2.004799943529938788e-01 2.004590815420566607e-01 2.004013463540313955e-01 2.004013465512949344e-01 2.004590821154720592e-01
2.001376336852414284e-01 2.001073737182610390e-01 2.000967335925985524e-01 2.000967336600515956e-01 2.001073739448856192e-01
2.000351732836202490e-01 2.000300700266767484e-01 2.000301716881359160e-01 2.000301717143430358e-01 2.000300701225121713e-01
2.004167580958117478e-01 2.004165679134148892e-01 2.004156740019790439e-01 2.004156740141729565e-01 2.004165679799075339e-01
2.037706326351534092e-01 2.037705150763547968e-01 2.037700388946726004e-01 2.037700388980787369e-01 2.037705151197765630e-01
2.213502687023083393e-01 2.213501923877940480e-01 2.213501061519847213e-01 2.213501061522725744e-01 2.213501924128453147e-01
1.744446846125402295e-01 1.744446484915150863e-01 1.744446288363497022e-01 1.744446288387959954e-01 1.744446485024684634e-01
