2.795075443378922109e-02 2.795095602882779681e-02 2.795100293620085205e-02 2.795100293824954313e-02 2.795095603991758215e-02
1.714469092286825258e-01 1.714475031447799391e-01 1.714474055816563869e-01 1.714474056184276118e-01 1.714475031950296047e-01
2.005909895421891798e-01 2.005937424511918532e-01 2.005938384166141286e-01 2.005938384817309295e-01 2.005937422880418319e-01
2.001993837746783300e-01 2.002168535245492931e-01 2.002270482980375577e-01 2.002270483435303616e-01 2.002168526829197492e-01
1.998445173943264042e-01 1.998994112634912557e-01 1.999769554526122373e-01 1.999769550953811315e-01 1.998994095638346458e-01
1.996581747909614568e-01 1.996032468210069410e-01 1.996541333417611586e-01 1.996541327399273258e-01 1.996032450932594682e-01
2.000590641486860721e-01 1.998640879801528436e-01 1.998486044404838291e-01 1.998486035815169592e-01 1.998640861408518543e-01
1.994547506328327169e-01 1.998788869315124006e-01 1.997171889013280022e-01 1.997171868107132653e-01 1.998788816959874981e-01
1.892004141116540861e-01 1.960439219173006897e-01 1.981054552433539340e-01 1.981054549193188574e-01 1.960439142711747906e-01
1.197479738880385947e-01 1.584090504944391242e-01 1.873835766042957485e-01 1.873835768019780079e-01 1.584090421045412089e-01
1.006649549879940105e-02 7.876276152553603194e-02 1.304253257185050696e-01 1.304253286513803456e-01 7.876276525161680919e-02
1.197479689462606772e-01 1.584090486215410931e-01 1.873835761502199992e-01 1.873835795941758420e-01 1.584090587695360930e-01
1.892004009608949378e-01 1.960439165837596920e-01 1.981054554280823332e-01 1.981054575194469147e-01 1.960439243054069303e-01
1.994547436507299321e-01 1.998788842631958607e-01 1.997171906035536681e-01 1.997171920725382133e-01 1.998788882878887452e-01
2.000590628851016961e-01 1.998640915799075324e-01 1.998486120348161865e-01 1.998486116219570785e-01 1.998640921215179000e-01
1.996581788069674013e-01 1.996032544373513851e-01 1.996541428408549479e-01 1.996541427697136883e-01 1.996032554345591459e-01
1.998445136364792873e-01 1.998994096681282751e-01 1.999769538312367589e-01 1.999769540118570832e-01 1.998994112014815527e-01
2.001993784797198861e-01 2.002168505556543299e-01 2.002270461864638085e-01 2.002270461939540114e-01 2.002168513377285963e-01
2.005909870571745135e-01 2.005937408969081515e-01 2.005938370610701182e-01 2.005938370548599192e-01 2.005937410354014794e-01
1.714469081939710704e-01 1.714475024244085377e-01 1.714474049819775803e-01 1.714474049929171351e-01 1.714475024392642655e-01
2.795075422491132694e-02 2.795095588818666266e-02 2.795100284298754345e-02 2.795100284725704487e-02 2.795095589497522889e-02
