1.744445836087825108e-01 1.744445836031258412e-01 1.744445836017896601e-01 1.744445836017807505e-01 1.744445835968665703e-01
2.213497864718665664e-01 2.213497864542428861e-01 2.213497864505257484e-01 2.213497864496430101e-01 2.213497864272147286e-01
2.037680874216150351e-01 2.037680873953098826e-01 2.037680873878325583e-01 2.037680873779570134e-01 2.037680873534617465e-01
2.004065844751225789e-01 2.004065844533552965e-01 2.004065844459675116e-01 2.004065844309257383e-01 2.004065844159126919e-01
1.999999998840176763e-01 1.999999998736793905e-01 1.999999998709962312e-01 1.999999998581894201e-01 1.999999998547227487e-01
2.000120595766326781e-01 2.000120595732967632e-01 2.000120595792717615e-01 2.000120595679102109e-01 2.000120595662210343e-01
2.000161648648644541e-01 2.000161648581937346e-01 2.000161648706270667e-01 2.000161648597935937e-01 2.000161648519837299e-01
2.000024429789498681e-01 2.000024429734124365e-01 2.000024429856669117e-01 2.000024429805175030e-01 2.000024429803773374e-01
2.000002579368241606e-01 2.000002579383290957e-01 2.000002579486599430e-01 2.000002579511173384e-01 2.000002579572238981e-01
1.999999381854132008e-01 1.999999381938785403e-01 1.999999381993285141e-01 1.999999382058300357e-01 1.999999382129349912e-01
1.999998068269888685e-01 1.999998068360298309e-01 1.999998068385022143e-01 1.999998068402821794e-01 1.999998068491589676e-01
2.000000134789120254e-01 2.000000134848712030e-01 2.000000134858395118e-01 2.000000134852066846e-01 2.000000134937738594e-01
2.000000417781548634e-01 2.000000417857109580e-01 2.000000417854769785e-01 2.000000417852593748e-01 2.000000417939327146e-01
1.999985420415872350e-01 1.999985420491105226e-01 1.999985420483017529e-01 1.999985420503490874e-01 1.999985420564814043e-01
1.999548729072593845e-01 1.999548729135202096e-01 1.999548729089054011e-01 1.999548729099664413e-01 1.999548729138788394e-01
1.998321364643517728e-01 1.998321364697137614e-01 1.998321364651519660e-01 1.998321364655402943e-01 1.998321364714576442e-01
2.000000000172688641e-01 2.000000000241399234e-01 2.000000000230695296e-01 2.000000000253595311e-01 2.000000000332851358e-01
2.002266610277316505e-01 2.002266610357651688e-01 2.002266610354454524e-01 2.002266610372449296e-01 2.002266610435287642e-01
2.005916807757320564e-01 2.005916807803009294e-01 2.005916807809169922e-01 2.005916807845517513e-01 2.005916807859950968e-01
1.714457218890051426e-01 1.714457218905108271e-01 1.714457218894281654e-01 1.714457218911251413e-01 1.714457218892467827e-01
2.795061741975904748e-02 2.795061742029160065e-02 2.795061741896482169e-02 2.795061741828619439e-02 2.795061741735152885e-02
