1.775078966353272891e-01 1.775092303353166534e-01 1.775044495324480942e-01 1.775000073955234625e-01 1.775019422562551241e-01
2.333904197754743115e-01 2.333959679915515173e-01 2.333755342903689467e-01 2.333569055652762181e-01 2.333654865291753533e-01
2.449115121421809871e-01 2.449295017220243509e-01 2.448646758525080958e-01 2.448054262568456763e-01 2.448336585262892440e-01
2.872025436805257792e-01 2.872658657385150915e-01 2.870501892371841168e-01 2.868506721152354055e-01 2.869459780952176575e-01
2.416545490313160294e-01 2.417179359440656539e-01 2.415045643475879356e-01 2.413002613433412047e-01 2.413935883999026866e-01
2.122131909137603412e-01 2.121804000821392033e-01 2.120920967601133689e-01 2.120278813157834841e-01 2.120780804132749442e-01
2.033172319489550128e-01 2.031752114312653790e-01 2.029650507508985458e-01 2.029457069526877933e-01 2.031382838451060435e-01
2.023597470464372494e-01 2.022337012613352469e-01 2.012840316872407664e-01 2.012771182311055007e-01 2.022139624753507559e-01
2.043730504526234670e-01 2.048562181220009437e-01 2.035874125827284165e-01 2.035798180581580574e-01 2.048465786649895648e-01
2.361542698919945615e-01 2.101811294505717687e-01 2.095784318203887386e-01 2.095764169109017305e-01 2.101777829112415619e-01
8.701541710580543709e-01 2.456391206241065328e-01 2.129598497878525676e-01 2.129468806787891966e-01 2.456134998637505007e-01
2.375759480468475904e-01 2.113133838322059921e-01 2.107566131121724196e-01 2.107511209637956962e-01 2.113243476794037512e-01
2.039054295590585208e-01 2.050306837269020022e-01 2.044220184755027314e-01 2.044542950400305426e-01 2.050871874924057314e-01
2.009561164423452062e-01 2.013809486941052218e-01 2.009139008547068117e-01 2.009338894733701530e-01 2.014122611708785426e-01
1.992030252330062867e-01 1.993408195923581372e-01 1.994181434045576018e-01 1.994190440108344342e-01 1.993437314156552842e-01
1.991545098043004947e-01 1.991929000685574713e-01 1.992775609892257771e-01 1.992772966875434038e-01 1.991933096110019008e-01
1.999011879593247110e-01 1.999137580670802272e-01 1.999458653913216422e-01 1.999462141707422647e-01 1.999147754255741483e-01
2.004960038716016302e-01 2.005015714102713620e-01 2.005112059740120356e-01 2.005114348225639220e-01 2.005022073656142489e-01
2.009224075845053026e-01 2.009240573841384325e-01 2.009261829618217421e-01 2.009261754222955720e-01 2.009241480679062331e-01
1.717282139955307596e-01 1.717284660011431929e-01 1.717284502005908264e-01 1.717283945348067609e-01 1.717284055542624976e-01
2.803760369352784401e-02 2.803753185154699359e-02 2.803731001888903895e-02 2.803731252047585512e-02 2.803754163667429924e-02
