1.886543730192291254e-02 1.886542027944752495e-02 1.886541213396802225e-02 1.886542026198093427e-02
1.663273587419739352e-01 1.663271656872290782e-01 1.663270109831864185e-01 1.663271654026410584e-01
1.864706784216767499e-01 1.864691832060157706e-01 1.864678319040376786e-01 1.864691806391056694e-01
1.866238478683646673e-01 1.866189928802399756e-01 1.866146461330485395e-01 1.866189846284756482e-01
2.043918009936534774e-01 2.043900313760852183e-01 2.043887784630048776e-01 2.043900274537696626e-01
2.116920972292632153e-01 2.116928769897938323e-01 2.116929051174644694e-01 2.116928781924790615e-01
1.990986759337690370e-01 1.990976694137154557e-01 1.990947370604012612e-01 1.990976880884227640e-01
1.351799711738170817e-01 1.351521270015729748e-01 1.351254965254347906e-01 1.351521239685819498e-01
1.361387839332399152e-01 1.360345112125022071e-01 1.359422693643817515e-01 1.360343800948480841e-01
1.996787833078459695e-01 1.996312394739655771e-01 1.995990537035387535e-01 1.996311697054477530e-01
2.119083452189758909e-01 2.119103030172980739e-01 2.119124181562846432e-01 2.119102953821250523e-01
1.996166016535313448e-01 1.996214940489222378e-01 1.996119693692636476e-01 1.996215615172687863e-01
1.359263136714589371e-01 1.358735143786369837e-01 1.358142223251325165e-01 1.358736663456673044e-01
1.351924604158700749e-01 1.349841346477286264e-01 1.347987460357872314e-01 1.349841501857127479e-01
1.991956721982764411e-01 1.990836649806732028e-01 1.990087643051227650e-01 1.990836533391748264e-01
2.117375511319653236e-01 2.117294005876911578e-01 2.117633200804963645e-01 2.117293979464670017e-01
2.043869955055298004e-01 2.043886344148114487e-01 2.044313590934326019e-01 2.043886378679103943e-01
1.866584113651104659e-01 1.867044296201942899e-01 1.864827611690197950e-01 1.867044415891099818e-01
1.883378982682583636e-01 1.873073187712636922e-01 1.845100256149316553e-01 1.873073266391116765e-01
1.763501675905357058e-01 1.671676880936598664e-01 1.533479446322699447e-01 1.671676903905637002e-01
2.526448740230189532e-02 1.977728666569393556e-02 9.503775247462681319e-03 1.977728686945836797e-02
