1.774963206629420198e-01 1.775106867460764515e-01 1.774566341137677472e-01 1.774090146574446025e-01 1.774336297292534170e-01
2.332137040987311005e-01 2.332738673396790863e-01 2.330469934400867249e-01 2.328467092646885062e-01 2.329500233793405373e-01
2.446038095020621195e-01 2.447947640452297624e-01 2.440758806768985878e-01 2.434409383313451691e-01 2.437678746785838790e-01
2.895730383737324387e-01 2.902559499356758832e-01 2.877127595384965653e-01 2.854664762806296552e-01 2.866276254652697086e-01
2.430882335796870908e-01 2.437921243226864043e-01 2.412177315436369318e-01 2.389381837911701834e-01 2.401114585563879911e-01
2.126171605785637797e-01 2.127777022256890083e-01 2.120034312658908848e-01 2.113330030219861266e-01 2.116967948272045763e-01
2.034695836269298508e-01 2.034019413928213060e-01 2.029932905086334616e-01 2.027852949060002519e-01 2.030674970777868182e-01
2.024135943810532745e-01 2.023741021654452410e-01 2.014137233482161393e-01 2.013522729442850934e-01 2.022713729679463113e-01
2.042072863470630051e-01 2.049891218036792861e-01 2.039149496107375836e-01 2.038907684667622677e-01 2.049469104100565819e-01
2.350346067894369118e-01 2.099383178459750809e-01 2.100722600742602753e-01 2.100529316075138708e-01 2.099080185569877632e-01
8.694450928173850235e-01 2.456393772088608651e-01 2.136583155712685478e-01 2.136613967467729247e-01 2.456436862155233214e-01
2.364468842413952610e-01 2.109806606115951222e-01 2.111903008118374558e-01 2.111949333791644512e-01 2.110014832828631115e-01
2.033943811435065252e-01 2.047553767920245738e-01 2.044049952228003397e-01 2.044076549384686581e-01 2.047794006815943091e-01
2.009813650742531266e-01 2.013978152427810253e-01 2.009573632415160294e-01 2.009583139397645990e-01 2.014051106863314899e-01
1.996883206713103431e-01 1.997904256080020036e-01 1.998474030669647739e-01 1.998468332488749222e-01 1.997901281144148777e-01
1.995498835754361822e-01 1.995708747843220332e-01 1.996399650664153480e-01 1.996399895716930162e-01 1.995708325296821350e-01
1.999453118573873700e-01 1.999549366964470665e-01 1.999829606519525349e-01 1.999830634868821067e-01 1.999551565432172995e-01
2.003495310797448747e-01 2.003544246769339010e-01 2.003622015482176000e-01 2.003622377938232835e-01 2.003545203992645185e-01
2.007785206218700713e-01 2.007798383506073092e-01 2.007812518615351149e-01 2.007812479376608616e-01 2.007798397450696326e-01
1.716353404072977762e-01 1.716355770354916488e-01 1.716354645708602356e-01 1.716354601681668313e-01 1.716355718439383227e-01
2.800982845665429127e-02 2.800980225863984249e-02 2.800958859101933957e-02 2.800958808573715889e-02 2.800980244073239186e-02
