1.884772482288704643e-02 1.884787441491789922e-02 1.884801310990969272e-02 1.884787350341867590e-02
1.662146974287752044e-01 1.662167895062852674e-01 1.662187682517216047e-01 1.662167708769328733e-01
1.859634971646593193e-01 1.859646741487303301e-01 1.859654987679938976e-01 1.859645845552141408e-01
1.862742976475362522e-01 1.862607879027523561e-01 1.862469962696575998e-01 1.862605688516782154e-01
2.043274562818064577e-01 2.043221470100340387e-01 2.043174322012339950e-01 2.043220395715221738e-01
2.111339355359665160e-01 2.111369588550057186e-01 2.111408310731070215e-01 2.111369204449533854e-01
1.923926315744098614e-01 1.924186627672158367e-01 1.924435811075635716e-01 1.924183913990596406e-01
8.143383483417426794e-02 8.142826261487352835e-02 8.141870641703788380e-02 8.142764904483637545e-02
8.113219484293006378e-02 8.087341599344533005e-02 8.061399124410541239e-02 8.087301796362632300e-02
1.919165923108338556e-01 1.917847235784765902e-01 1.916709758419833376e-01 1.917846151561476420e-01
2.105944384104237177e-01 2.105475283811091003e-01 2.105303294282394877e-01 2.105475930596622247e-01
1.938225622662921588e-01 1.937904097292249550e-01 1.937475897342306741e-01 1.937907236324681037e-01
8.505471132365710618e-02 8.584429379181705844e-02 8.655174457978026537e-02 8.584488183176557097e-02
7.874042965612486344e-02 8.231921750427634299e-02 8.588832021317957532e-02 8.231934687752073820e-02
1.819829517153287168e-01 1.845276008976881321e-01 1.874803462200370918e-01 1.845275941221074800e-01
2.095785797587259303e-01 2.102672156592500785e-01 2.114383879031398461e-01 2.102672095355368198e-01
2.039404059518535595e-01 2.038815472998363743e-01 2.030059524230822254e-01 2.038816264658769029e-01
1.786824217958488115e-01 1.749077719351441462e-01 1.681946321882625550e-01 1.749079148569708531e-01
1.308637886166278963e-01 1.134854674537306846e-01 9.270785428514383142e-02 1.134855097808692287e-01
3.035962419108082302e-02 2.138385414484270802e-02 1.019124734559958244e-02 2.138386063744983703e-02
3.331032228408923983e-03 2.152965446280373941e-03 6.716530541587123471e-05 2.152966528835912208e-03
