3.173660749422734795e-01 3.182237597819245756e-01 3.180629955830878153e-01 3.167545976739127855e-01 3.057719741121545654e-01 3.046947426406253490e-01
3.482902664535852399e-01 3.602618213473398612e-01 3.572750844684935978e-01 3.437002493821424975e-01 3.108576635738167782e-01 3.084761123760870749e-01
2.540884118068795772e-01 2.644202971789598733e-01 2.590535597782906985e-01 2.465669620735553569e-01 2.338936450288936209e-01 2.342181346462898772e-01
2.176860604203267324e-01 2.200194990334832512e-01 2.211645534366264709e-01 2.174893374317936889e-01 2.145869398612635093e-01 2.166090494805821554e-01
2.016370932159353979e-01 1.982838183964480139e-01 2.038325818893549635e-01 2.056411611289923336e-01 2.051165478853392843e-01 2.034853982584626242e-01
1.991222612236895062e-01 1.924938932061780461e-01 1.950563012525963480e-01 1.979718073974124637e-01 1.996303277895228878e-01 1.984845651071538153e-01
2.050724510345418028e-01 2.046889154116869336e-01 1.986758977018581174e-01 1.925165178187635551e-01 1.935898238959944395e-01 1.977452956498836345e-01
2.052706503153215178e-01 2.052232651894456417e-01 2.014606805941580037e-01 1.955196501822533961e-01 1.972026269463067194e-01 1.979652271927171414e-01
2.000015757719076082e-01 1.979006203148283571e-01 1.981772163420862376e-01 1.992042207156217992e-01 2.007774103243241959e-01 2.010913030527856638e-01
1.901509902161884202e-01 1.901089383912292485e-01 1.897997648532387671e-01 1.894694810909481886e-01 1.899412498383452885e-01 1.897819468656027075e-01
1.542849988929054783e-01 1.540756478901014470e-01 1.547137790651441358e-01 1.557730645624700316e-01 1.566137327755147413e-01 1.557394836587797649e-01
1.147840376659460260e-01 1.135160083422753485e-01 1.170057885740541370e-01 1.220430893711240000e-01 1.246229750441871509e-01 1.209914738277365898e-01
1.466393816609243006e-01 1.462358407550671535e-01 1.492908673403957054e-01 1.527845792727922647e-01 1.552571365770592238e-01 1.523319482449000672e-01
1.177872199790213487e-01 1.175092724561896951e-01 1.206271445606243997e-01 1.229964419577872642e-01 1.242704324263533278e-01 1.222859869827935264e-01
1.412894255016362566e-01 1.408354597587823387e-01 1.441424667613769584e-01 1.473238485574204781e-01 1.482409699462918784e-01 1.456734700819987960e-01
1.779894946073110606e-01 1.780699130651557938e-01 1.789353246335244896e-01 1.800002747826679184e-01 1.803808894277998953e-01 1.795120848594420615e-01
1.710212802085335215e-01 1.712486170805831431e-01 1.716494479068915724e-01 1.716766642891945360e-01 1.718509908121032548e-01 1.719092359266424230e-01
1.434049470962663053e-01 1.434823386253370192e-01 1.438764473979602110e-01 1.439434239376196079e-01 1.442363228964095578e-01 1.448451437773596584e-01
1.582516837027444223e-01 1.592620165698186707e-01 1.593650270867710272e-01 1.593630771563869786e-01 1.588832329669979393e-01 1.594932689547817473e-01
2.062809381332034453e-01 2.071307678674604857e-01 2.068208006395215459e-01 2.070229940537284541e-01 2.066838371105784999e-01 2.072146790384904180e-01
1.423506314268472295e-01 1.425796507303342953e-01 1.424350406663645596e-01 1.425067145066402641e-01 1.424019330943535055e-01 1.426116234990457976e-01
