2.794962355218768429e-02 2.794962355140457808e-02 2.794962352244124287e-02 2.794962350480505869e-02 2.794962351936302811e-02
1.714448001782713227e-01 1.714448001713380909e-01 1.714448001090518592e-01 1.714448000696608410e-01 1.714448000890793633e-01
2.005903812628996308e-01 2.005903812180749590e-01 2.005903811865779873e-01 2.005903811739929987e-01 2.005903811338496934e-01
2.002122470380948149e-01 2.002122468905037644e-01 2.002122468731960814e-01 2.002122468649287224e-01 2.002122467184302701e-01
1.997945991248114284e-01 1.997945989291026736e-01 1.997945987161366399e-01 1.997945985203053443e-01 1.997945983878514076e-01
1.990206609911668312e-01 1.990206609449132191e-01 1.990206606936788525e-01 1.990206604497999632e-01 1.990206604539220825e-01
1.997167435327825147e-01 1.997167435917464318e-01 1.997167435733847307e-01 1.997167434652185602e-01 1.997167434842616607e-01
1.996121723647411861e-01 1.996121723143458593e-01 1.996121722657136222e-01 1.996121722061341419e-01 1.996121721830290685e-01
1.959874744010973724e-01 1.959874742453011354e-01 1.959874741767353712e-01 1.959874741172373813e-01 1.959874739297923496e-01
1.652125673426642349e-01 1.652125671941840623e-01 1.652125669836796151e-01 1.652125666762487843e-01 1.652125664221341106e-01
8.091746379408414069e-02 8.091746379125550059e-02 8.091746389238746451e-02 8.091746392153052747e-02 8.091746385951435749e-02
1.652125663423909541e-01 1.652125664852649167e-01 1.652125668279215420e-01 1.652125671334490620e-01 1.652125673152640972e-01
1.959874737849071347e-01 1.959874739612709471e-01 1.959874740255182213e-01 1.959874740970282414e-01 1.959874742695673078e-01
1.996121720749254591e-01 1.996121721201709609e-01 1.996121721855901032e-01 1.996121722644914609e-01 1.996121722792165154e-01
1.997167434443713752e-01 1.997167434592911350e-01 1.997167435591093443e-01 1.997167436111592365e-01 1.997167435505633193e-01
1.990206606882158058e-01 1.990206607105820535e-01 1.990206610032555501e-01 1.990206612463525371e-01 1.990206612290137955e-01
1.997945984654819485e-01 1.997945985787310530e-01 1.997945988259099415e-01 1.997945990558102625e-01 1.997945992001159410e-01
2.002122467325052613e-01 2.002122468681743483e-01 2.002122468823536450e-01 2.002122469059341436e-01 2.002122470496410511e-01
2.005903811336270104e-01 2.005903811736988174e-01 2.005903811853869956e-01 2.005903812159458843e-01 2.005903812632889305e-01
1.714448000840398945e-01 1.714448000668461480e-01 1.714448001084987738e-01 1.714448001698702095e-01 1.714448001804047272e-01
2.794962350950654095e-02 2.794962349574713067e-02 2.794962351668902126e-02 2.794962354652094985e-02 2.794962354775482397e-02
