1.744413418438591490e-01 1.744413418184377618e-01 1.744413418192448384e-01 1.744413418244969982e-01 1.744413418163138774e-01
2.213719187604801797e-01 2.213719186019176277e-01 2.213719185890000440e-01 2.213719186076230083e-01 2.213719186092830415e-01
2.038030909294966109e-01 2.038030909902382448e-01 2.038030909546961755e-01 2.038030909267417867e-01 2.038030908766768901e-01
2.004507590800243266e-01 2.004507591582214143e-01 2.004507591261749100e-01 2.004507590896303926e-01 2.004507590553742391e-01
2.000566916554578911e-01 2.000566917936789091e-01 2.000566917084088681e-01 2.000566916395014605e-01 2.000566916173690257e-01
2.000772089738755977e-01 2.000772090852898644e-01 2.000772089314208912e-01 2.000772088444045527e-01 2.000772087764552121e-01
2.000684656154759766e-01 2.000684655261978917e-01 2.000684653649907885e-01 2.000684651164752748e-01 2.000684649971987139e-01
2.000058693558035561e-01 2.000058692728728105e-01 2.000058690037786746e-01 2.000058687670380753e-01 2.000058684821715282e-01
1.999108484324185475e-01 1.999108483820101478e-01 1.999108481320342190e-01 1.999108478656074217e-01 1.999108476227506037e-01
1.998120019653052692e-01 1.998120019529304459e-01 1.998120017682424587e-01 1.998120016081290362e-01 1.998120014125432109e-01
1.998126868436588266e-01 1.998126868868870254e-01 1.998126868605230311e-01 1.998126869005065753e-01 1.998126868790488786e-01
1.999118459517765234e-01 1.999118460183677559e-01 1.999118461581663453e-01 1.999118463686835045e-01 1.999118464820456020e-01
2.000029315082566816e-01 2.000029315968955002e-01 2.000029317764098757e-01 2.000029320003668121e-01 2.000029320840378544e-01
2.000458535366141100e-01 2.000458536261400244e-01 2.000458537703774797e-01 2.000458539196725005e-01 2.000458539676225056e-01
2.000101009254758033e-01 2.000101009812426944e-01 2.000101010651591515e-01 2.000101011540302842e-01 2.000101011976149756e-01
1.998805077563664823e-01 1.998805078018451864e-01 1.998805078534384161e-01 1.998805079045821720e-01 1.998805079507221527e-01
2.000401937850648237e-01 2.000401938345718889e-01 2.000401938680198832e-01 2.000401938986978434e-01 2.000401939450953126e-01
2.002582113551468757e-01 2.002582113980262979e-01 2.002582114162290428e-01 2.002582114365905608e-01 2.002582114736765617e-01
2.006158867009255053e-01 2.006158867231475074e-01 2.006158867392858203e-01 2.006158867540724089e-01 2.006158867690890080e-01
1.714658680806634139e-01 1.714658680812489178e-01 1.714658680979004313e-01 1.714658681077457225e-01 1.714658681063307988e-01
2.795771710967338494e-02 2.795771710787553835e-02 2.795771711136522605e-02 2.795771711295044065e-02 2.795771711264838019e-02
