1.884437888116295007e-02 1.884459422272562537e-02 1.884466441122598437e-02 1.884460211261310830e-02
1.661371481760723912e-01 1.661397705167722838e-01 1.661411907099990259e-01 1.661398747881325522e-01
1.851127666521878712e-01 1.851168088306288650e-01 1.851170303655784999e-01 1.851168588595771269e-01
1.853015726755916914e-01 1.852946829624043668e-01 1.852836943654584123e-01 1.852939114477719085e-01
2.039406189330996433e-01 2.039364300646955008e-01 2.039332520362685808e-01 2.039356279379924142e-01
2.111218393137355431e-01 2.111212989418900232e-01 2.111247854572942118e-01 2.111208402904566350e-01
1.925556821084149495e-01 1.925694124766775261e-01 1.925821067849500245e-01 1.925692632491501632e-01
8.198873259303000871e-02 8.199967630170970634e-02 8.200045291138098602e-02 8.200007707899484299e-02
7.949797701408008177e-02 7.940729616337548202e-02 7.931090728541576040e-02 7.940898408343174952e-02
1.871564214866169307e-01 1.871046951943288184e-01 1.870727686730175032e-01 1.871051417036785069e-01
2.100393278722366419e-01 2.100114690447468790e-01 2.100184316566663378e-01 2.100111677990591508e-01
1.943752221751989806e-01 1.943462917393033729e-01 1.943150152855802892e-01 1.943451685174117094e-01
8.877237689815925537e-02 8.901189930709639542e-02 8.919169507741464553e-02 8.900938455393982152e-02
7.601231508999638231e-02 7.717504540121677969e-02 7.830993830486779328e-02 7.717434611485730900e-02
1.643909687992625712e-01 1.651199856457896964e-01 1.659746420882916851e-01 1.651198951234492951e-01
2.077085242703778645e-01 2.078738388334409326e-01 2.082444168206738777e-01 2.078738248451646731e-01
2.035667703704675535e-01 2.035548932089266405e-01 2.035384415902425637e-01 2.035548201076436692e-01
1.733094172107071951e-01 1.724494252913949810e-01 1.711836537034600036e-01 1.724490984438759034e-01
1.247603452998515966e-01 1.208295155128883830e-01 1.162674612536210572e-01 1.208291747148292627e-01
4.616978003387598589e-02 4.397934506589578491e-02 4.118727873664998484e-02 4.397922465021814054e-02
4.946246267656354174e-03 4.558972433974902566e-03 3.764139984902499080e-03 4.558966793287815011e-03
