3.022650790130922051e-03 3.046030526420766705e-03 3.060167702220806165e-03 3.060168043528346989e-03 3.046030859414809201e-03
3.981856390568023346e-02 3.991764302333328934e-02 3.991659718421815273e-02 3.991660132820695067e-02 3.991764636117610399e-02
1.699949011610991656e-01 1.701702896744324289e-01 1.701116577930811280e-01 1.701116633952189650e-01 1.701702914131677513e-01
1.984654017786499636e-01 1.987025954307327369e-01 1.987323019905971599e-01 1.987323018626478977e-01 1.987025928188910218e-01
1.990475367182241440e-01 1.994880596772966586e-01 1.999313879417392026e-01 1.999313860450213642e-01 1.994880569427303074e-01
1.971606199514136792e-01 1.973322378593012072e-01 1.978577259372428787e-01 1.978577257893045782e-01 1.973322383631983534e-01
1.923474682505187938e-01 1.918585757812926451e-01 1.921024836826516757e-01 1.921024861103567682e-01 1.918585769248110084e-01
1.969220973133753716e-01 1.975964698220164240e-01 1.981855930314137537e-01 1.981855965915668705e-01 1.975964684083693357e-01
1.809641608895186937e-01 1.928753065639118025e-01 1.995189261961007599e-01 1.995189250547972915e-01 1.928753019992029971e-01
9.869588680416707671e-02 1.512039617874266495e-01 1.953742414208463896e-01 1.953742382524298049e-01 1.512039603167114332e-01
2.230664901573150161e-03 8.624027086411914511e-02 1.622394369235156397e-01 1.622394363258515548e-01 8.624027283690303969e-02
9.869595119625854118e-02 1.512040753327779097e-01 1.953744250605962129e-01 1.953744274179629037e-01 1.512040800173183597e-01
1.809641667529818532e-01 1.928753286585394022e-01 1.995189665601762585e-01 1.995189692805521831e-01 1.928753334582708201e-01
1.969220729789833424e-01 1.975964479443604871e-01 1.981855702524246421e-01 1.981855686556509011e-01 1.975964472680195594e-01
1.923473811351965879e-01 1.918584653863394940e-01 1.921023366653378806e-01 1.921023347069581999e-01 1.918584643460022054e-01
1.971606234035156446e-01 1.973322250492046959e-01 1.978576870544859201e-01 1.978576874698457222e-01 1.973322281238215070e-01
1.990475360979622743e-01 1.994880721436757542e-01 1.999314081265588516e-01 1.999314096981473499e-01 1.994880775467445799e-01
1.984653953340989319e-01 1.987026022783838775e-01 1.987323127566015535e-01 1.987323140975204294e-01 1.987026057333485807e-01
1.699949668447852114e-01 1.701703671431786524e-01 1.701117393397903743e-01 1.701117371837711223e-01 1.701703643350780393e-01
3.981886711097681886e-02 3.991795610200758737e-02 3.991691650576927042e-02 3.991691426331016312e-02 3.991795271336644885e-02
3.022705983261562979e-03 3.046088627465090917e-03 3.060229187540697629e-03 3.060229014810918798e-03 3.046088334565866078e-03
