1.884652441170478823e-02 1.884679688601532607e-02 1.884694427376209028e-02 1.884679672268859199e-02
1.661890491673824743e-01 1.661925518757086384e-01 1.661949678187130408e-01 1.661925391066908786e-01
1.856996965036417091e-01 1.857038709317485881e-01 1.857048450569374065e-01 1.857038401247793069e-01
1.859798624009783852e-01 1.859659526088265624e-01 1.859494496507886341e-01 1.859659638223641609e-01
2.042148695543904990e-01 2.042083698318979956e-01 2.042038455901797611e-01 2.042083753247681821e-01
2.111309490643064057e-01 2.111324240790789786e-01 2.111380213122284188e-01 2.111324254514790610e-01
1.924382116675002197e-01 1.924649324580987586e-01 1.924899852476722739e-01 1.924649012378606971e-01
8.158764158553774570e-02 8.159652191606982241e-02 8.159395520069132046e-02 8.159648046696277301e-02
8.057919923852141508e-02 8.036530128037844278e-02 8.014525802561781043e-02 8.036538804516396572e-02
1.903434520673803199e-01 1.902316703462027248e-01 1.901504898378382769e-01 1.902317079439866943e-01
2.104290451368805437e-01 2.103803406627909323e-01 2.103830935202717078e-01 2.103803410398728813e-01
1.940973194143159886e-01 1.940496739032454565e-01 1.939912010646633878e-01 1.940496842139327882e-01
8.657495838881430761e-02 8.717257020285903990e-02 8.766184284233667634e-02 8.717258331283689321e-02
7.659539269268832162e-02 7.940645631862347509e-02 8.218159191031396138e-02 7.940643378885574311e-02
1.727688699908441483e-01 1.746383480587503645e-01 1.768376616072579177e-01 1.746383346795139790e-01
2.086075516413357644e-01 2.090733827959163071e-01 2.100274170866320567e-01 2.090733807301204950e-01
2.037829109467499400e-01 2.037412442151550762e-01 2.034985868705467826e-01 2.037412434834087738e-01
1.764510275777705639e-01 1.740074821741796618e-01 1.701393310990427232e-01 1.740074884466750738e-01
1.282860866313705606e-01 1.171422324812830401e-01 1.040782318873503948e-01 1.171422466149427966e-01
3.778888862975193080e-02 3.178994475706118511e-02 2.422794179050198962e-02 3.178995241259123528e-02
4.154475591836143816e-03 3.211466962523112489e-03 1.366246226210435580e-03 3.211468061130657269e-03
