2.970946395839000817e-03 3.020050029845004324e-03 3.048937082120441785e-03 3.048937173502962259e-03 3.020050367335699436e-03
3.964269464300355927e-02 3.983445885243246110e-02 3.979729675332591837e-02 3.979729839398735841e-02 3.983446193576634098e-02
1.697811497059050490e-01 1.701641483956701784e-01 1.700351437675770849e-01 1.700351452443766842e-01 1.701641487707282741e-01
1.969306828337665793e-01 1.981315113652885040e-01 1.987038402008615701e-01 1.987038399130892086e-01 1.981315050311124037e-01
1.910851105395140193e-01 1.954942696866119600e-01 1.995872460490654143e-01 1.995872453542335001e-01 1.954942653573933653e-01
1.825469562887423181e-01 1.882551026329392363e-01 1.944679408147873545e-01 1.944679415391905863e-01 1.882551013446378263e-01
1.868839342774430423e-01 1.884211919008732805e-01 1.917926359471878450e-01 1.917926379591679276e-01 1.884211893203708577e-01
1.982711025909410230e-01 1.967157287881223793e-01 1.981797435218065617e-01 1.981797439136456229e-01 1.967157247302912249e-01
1.863406267268431782e-01 1.933411685216045450e-01 1.995954341803908849e-01 1.995954331323230579e-01 1.933411640065328951e-01
1.157447014027012389e-01 1.583114372733467057e-01 1.960161670247403121e-01 1.960161645627078175e-01 1.583114361578690510e-01
3.090955523557221973e-02 1.018708061780903285e-01 1.666496697748053868e-01 1.666496686879263001e-01 1.018708082689128297e-01
1.157446807746008582e-01 1.583114459596289825e-01 1.960161644484131049e-01 1.960161646403444924e-01 1.583114525195956357e-01
1.863405968529968093e-01 1.933411691541922217e-01 1.995954330360715789e-01 1.995954328624983121e-01 1.933411773307016635e-01
1.982710993710178338e-01 1.967157240311680488e-01 1.981797454160872662e-01 1.981797433603662006e-01 1.967157274473328166e-01
1.868839379756249697e-01 1.884211805712298349e-01 1.917926369931109154e-01 1.917926337101139578e-01 1.884211817551379731e-01
1.825469520207834151e-01 1.882550937605677044e-01 1.944679358337852715e-01 1.944679338816953651e-01 1.882550966928592528e-01
1.910851036441920947e-01 1.954942698318939687e-01 1.995872410643187711e-01 1.995872402292287184e-01 1.954942801101133831e-01
1.969306660247694685e-01 1.981315115275490979e-01 1.987038386082805863e-01 1.987038388738872341e-01 1.981315219810284856e-01
1.697811360991306473e-01 1.701641501333691631e-01 1.700351518833974895e-01 1.700351495316524408e-01 1.701641487757599158e-01
3.964268484904905770e-02 3.983445785429137742e-02 3.979730048146704058e-02 3.979729789235491449e-02 3.983445331895451441e-02
2.970944473586245842e-03 3.020049399285742401e-03 3.048936855648105241e-03 3.048936664594782773e-03 3.020048945606914389e-03
