2.109781342094146361e-01 2.112495328073609457e-01 2.109375710603613452e-01 2.104733671549521290e-01 2.104984332924993429e-01
2.368847576705634672e-01 2.389690847213888358e-01 2.365732392702868114e-01 2.330081755082949180e-01 2.332007067246924248e-01
2.215938551615722063e-01 2.224697956403690335e-01 2.214629139329720164e-01 2.199646753693089984e-01 2.200455578991890870e-01
2.352640811628280426e-01 2.345702693203952915e-01 2.353677308079270558e-01 2.365544912646299625e-01 2.364903418143030067e-01
2.131891762106367938e-01 2.175547707079891757e-01 2.125367865605991280e-01 2.050699491662481833e-01 2.054732938004647791e-01
2.453129544611558355e-01 2.490148041023492465e-01 2.447596839273519231e-01 2.384280272344262430e-01 2.387699602533056575e-01
2.289412193455203914e-01 2.380206743518008539e-01 2.275842570167644630e-01 2.120544903662672787e-01 2.128932356484323773e-01
2.340527770101603344e-01 2.347261360592567403e-01 2.339519962818550070e-01 2.328001900280726177e-01 2.328622061742332550e-01
2.343953789050185199e-01 2.339803637194127484e-01 2.344572800436534321e-01 2.351673200415815845e-01 2.351287932035901196e-01
2.336878291606894475e-01 2.443493222777071705e-01 2.320945839724995186e-01 2.138593384662064445e-01 2.148443684731476677e-01
2.511445766739930363e-01 2.572251141365821114e-01 2.502357984167883354e-01 2.398356198477696044e-01 2.403972705803271992e-01
2.286246972790536569e-01 2.392858961043251298e-01 2.270313539325409802e-01 2.087960641133744799e-01 2.097809606199367571e-01
2.409258697882307454e-01 2.405107173978915658e-01 2.409877550243035849e-01 2.416977503672028127e-01 2.416591853906070453e-01
2.271291844700576434e-01 2.278026742515846526e-01 2.270284259484879053e-01 2.258766898110990962e-01 2.259387323577903839e-01
2.332530393307499506e-01 2.423326725616467003e-01 2.318961634766130708e-01 2.163664848937431051e-01 2.172053358140545731e-01
2.456042758624400191e-01 2.493061011315375886e-01 2.450510139850452795e-01 2.387193874951825390e-01 2.390613188662762401e-01
2.111158835745350348e-01 2.154813237212754584e-01 2.104634609280280066e-01 2.029966360930857416e-01 2.033999325507276079e-01
2.370830632497471502e-01 2.363892082644833414e-01 2.371867156867104309e-01 2.383734667685059039e-01 2.383093035266743709e-01
2.192079308781392788e-01 2.200838961373220437e-01 2.190770039193639940e-01 2.175788084989217219e-01 2.176596925339921162e-01
2.378745308478771581e-01 2.399588561159541056e-01 2.375630263468206382e-01 2.339980082601305633e-01 2.341905457833524384e-01
2.111068624487289491e-01 2.113782592577201913e-01 2.110662996974263794e-01 2.106021048131729856e-01 2.106271684054999982e-01
