2.795053764921785061e-02 2.795063213509386968e-02 2.795058715108126104e-02 2.795057786888660231e-02 2.795061978123779961e-02
1.714465887363992302e-01 1.714468552211193819e-01 1.714466512799627806e-01 1.714466398021415872e-01 1.714468320053522399e-01
2.005908077872052275e-01 2.005929308949178924e-01 2.005930725945782311e-01 2.005930982252784323e-01 2.005928462839902393e-01
2.001976929488611945e-01 2.002155549646077171e-01 2.002263458875528646e-01 2.002264340463679737e-01 2.002152084558647960e-01
1.998027579220163774e-01 1.998742252179117884e-01 1.999670498492398807e-01 1.999674125023410132e-01 1.998739869468899866e-01
1.995064817835737470e-01 1.994978460134699538e-01 1.995854068829259753e-01 1.995849237800438047e-01 1.994968192907371485e-01
1.999980687818683212e-01 1.998195309871828862e-01 1.998253247500947627e-01 1.998248471374001467e-01 1.998187848468058470e-01
1.996340746775980834e-01 1.997933129023719001e-01 1.996495752398444179e-01 1.996510149998059203e-01 1.997940359703068713e-01
1.912460122167847221e-01 1.961078943543444475e-01 1.976436101051403660e-01 1.976468780998406061e-01 1.961115617732772654e-01
1.295592273954902507e-01 1.597305283015299227e-01 1.834804095859643713e-01 1.835163572668917775e-01 1.597966227159006158e-01
2.174635972015348181e-02 7.738684905980006135e-02 1.205323274132530514e-01 1.205192322393519450e-01 7.741124691263508162e-02
1.297212364069742496e-01 1.598635363011509103e-01 1.834965867911332038e-01 1.834566774570189351e-01 1.598611342549379477e-01
1.913349259017769199e-01 1.961471098730486751e-01 1.976585159604930808e-01 1.976562264998083240e-01 1.961669909667644596e-01
1.996656332227570996e-01 1.998068250473584995e-01 1.996622843969613204e-01 1.996608841262486334e-01 1.998114902604777587e-01
2.000075752727281664e-01 1.998338993355909254e-01 1.998423332236571870e-01 1.998423435637936563e-01 1.998343417582076620e-01
1.995102407756166318e-01 1.995088558614242225e-01 1.996017125640774104e-01 1.996013028593583150e-01 1.995095109227377206e-01
1.998005725866572879e-01 1.998740025625002081e-01 1.999672842270580342e-01 1.999673670156930649e-01 1.998747211511884836e-01
2.001958901945887770e-01 2.002143892806261261e-01 2.002256027030438201e-01 2.002255664799382773e-01 2.002145937178433921e-01
2.005903668576245191e-01 2.005926161586850109e-01 2.005928437602038650e-01 2.005928316252615917e-01 2.005926400639904128e-01
1.714463930683559345e-01 1.714466751706347214e-01 1.714464899251598173e-01 1.714464839063153667e-01 1.714466660359169614e-01
2.795047528784344246e-02 2.795057649349185630e-02 2.795054731398747758e-02 2.795054578379655222e-02 2.795057366317298120e-02
