5.373007233923026739e-03 5.373026733012740280e-03 5.372999927513134703e-03 5.373023123394968063e-03
5.107874832179548630e-02 5.107890401364938854e-02 5.107865481190028423e-02 5.107886228416803898e-02
1.227436803989565978e-01 1.227441637103354882e-01 1.227434828174622794e-01 1.227440853717069874e-01
1.713262006109949609e-01 1.713266867650771741e-01 1.713261916090239867e-01 1.713267221954362374e-01
2.034307144345417484e-01 2.034306821004674970e-01 2.034307314445045201e-01 2.034307050718141274e-01
2.072958296083889651e-01 2.072955371547283709e-01 2.072958364456290448e-01 2.072955357660251907e-01
1.606090269511903368e-01 1.606090882097362671e-01 1.606090355886779786e-01 1.606090662279244519e-01
7.637956292277613135e-02 7.638028630695829768e-02 7.637961251232082416e-02 7.638029651015246224e-02
9.014540598974370156e-02 9.014606764479822509e-02 9.014563681915827020e-02 9.014632989898059556e-02
1.945083100728729752e-01 1.945082235435829088e-01 1.945084228788899472e-01 1.945083430066896213e-01
2.097181478131344978e-01 2.097176820132460873e-01 2.097181805941896737e-01 2.097177182228732173e-01
1.847007394315735573e-01 1.847006459425478975e-01 1.847007560953363714e-01 1.847007215434051108e-01
7.877822304252107832e-02 7.877883731337732842e-02 7.877819086259425785e-02 7.877894755411191108e-02
8.241893505458909586e-02 8.241962848201053737e-02 8.241891063117136318e-02 8.241963974228183609e-02
1.926621158982498583e-01 1.926621659155652311e-01 1.926621114921538980e-01 1.926621596458127639e-01
2.111025194082363221e-01 2.111022266496730970e-01 2.111025268475517636e-01 2.111022274687700540e-01
2.036259582779598731e-01 2.036259462084321348e-01 2.036259683118589181e-01 2.036259204414538337e-01
1.846232367921849804e-01 1.846237793028626395e-01 1.846232383081730655e-01 1.846237052995621519e-01
1.845475925029935738e-01 1.845481443782307218e-01 1.845475727564485358e-01 1.845481010069798811e-01
1.660876224122404266e-01 1.660878047459879991e-01 1.660876129783142030e-01 1.660877919370717104e-01
1.884231960191972213e-02 1.884234097251249324e-02 1.884231896235043571e-02 1.884234009875524959e-02
