2.970950899829404978e-03 3.020054666090600960e-03 3.048941545057822118e-03 3.048941577713666726e-03 3.020054781176900391e-03
3.964271909095107294e-02 3.983448376427641685e-02 3.979731849982174469e-02 3.979731906026101607e-02 3.983448480065819586e-02
1.697811555709921039e-01 1.701641547294087398e-01 1.700351463192817936e-01 1.700351468288394119e-01 1.701641547492322992e-01
1.969306723234387491e-01 1.981315068369707000e-01 1.987038375507050592e-01 1.987038374816705311e-01 1.981315044630944378e-01
1.910850899699162997e-01 1.954942621060825059e-01 1.995872379958083531e-01 1.995872377620102889e-01 1.954942605249859744e-01
1.825469352788161026e-01 1.882550895543040337e-01 1.944679273180960899e-01 1.944679275792246531e-01 1.882550889737769351e-01
1.868839193907427532e-01 1.884211793957087933e-01 1.917926258802799266e-01 1.917926265701090927e-01 1.884211779607844195e-01
1.982711003766834956e-01 1.967157226925975166e-01 1.981797400370167161e-01 1.981797401631846534e-01 1.967157204938647097e-01
1.863406093855514700e-01 1.933411620026740385e-01 1.995954320708734075e-01 1.995954319374975139e-01 1.933411592086754227e-01
1.157446984479681834e-01 1.583114503903796655e-01 1.960161592413684484e-01 1.960161589194411302e-01 1.583114490795350382e-01
3.090959482386660198e-02 1.018708385590685050e-01 1.666496660137334884e-01 1.666496661781663169e-01 1.018708387941496957e-01
1.157446950012234604e-01 1.583114521931302254e-01 1.960161587187212728e-01 1.960161591817559390e-01 1.583114520171573225e-01
1.863406049996906566e-01 1.933411613320256961e-01 1.995954315813857627e-01 1.995954316000981277e-01 1.933411611288532728e-01
1.982711000514435495e-01 1.967157209657350303e-01 1.981797410019386640e-01 1.981797403166506988e-01 1.967157203078588601e-01
1.868839199554066799e-01 1.884211779845224866e-01 1.917926269965558594e-01 1.917926262668623871e-01 1.884211773841302784e-01
1.825469356837002566e-01 1.882550901057083170e-01 1.944679273783336548e-01 1.944679271464045678e-01 1.882550906502236387e-01
1.910850872104117582e-01 1.954942619592135167e-01 1.995872368730320368e-01 1.995872368567882804e-01 1.954942635720739452e-01
1.969306689119897646e-01 1.981315052722822101e-01 1.987038367284118812e-01 1.987038368977017411e-01 1.981315066676468672e-01
1.697811542275101393e-01 1.701641541258622492e-01 1.700351473449498718e-01 1.700351468049540182e-01 1.701641535332583943e-01
3.964271751218017420e-02 3.983448315268636741e-02 3.979731889925012395e-02 3.979731833043857053e-02 3.983448219032922205e-02
2.970950634637300157e-03 3.020054498848409943e-03 3.048941440576736876e-03 3.048941397039374793e-03 3.020054392073070505e-03
