2.795009323950545244e-02 2.795016829807109998e-02 2.794990896224677432e-02 2.794990896585665408e-02 2.795016831802578372e-02
1.714449108730107252e-01 1.714452624561210725e-01 1.714448188393968564e-01 1.714448188163800735e-01 1.714452624317758522e-01
2.005821241239817976e-01 2.005891538068867441e-01 2.005915735991952165e-01 2.005915735643416797e-01 2.005891536233698480e-01
2.001432734246547940e-01 2.001939153341389666e-01 2.002252345408212231e-01 2.002252345528600375e-01 2.001939150499224551e-01
1.996361627453993870e-01 1.997962542693273169e-01 1.999807925453040702e-01 1.999807925561058741e-01 1.997962540870221182e-01
1.993909050230243674e-01 1.994182324856478561e-01 1.996706061479484873e-01 1.996706061466176907e-01 1.994182324257096350e-01
2.000469137118097984e-01 1.997507873106027509e-01 1.999356320510158880e-01 1.999356320380085705e-01 1.997507872532253703e-01
1.983554052722666383e-01 1.994566545919249645e-01 1.999969784847533683e-01 1.999969784746600532e-01 1.994566544368154837e-01
1.804965067126237110e-01 1.930368151736780169e-01 1.997040676684938842e-01 1.997040676996935937e-01 1.930368149302210123e-01
9.765990379738991034e-02 1.511129499451687452e-01 1.957833328526223104e-01 1.957833328587088029e-01 1.511129497988457082e-01
5.833079354649569389e-04 8.556405502274487540e-02 1.623718178974012105e-01 1.623718178424205516e-01 8.556405511098659489e-02
9.765990265530737069e-02 1.511129490232852868e-01 1.957833325996562457e-01 1.957833325266339908e-01 1.511129494920595284e-01
1.804965059451394960e-01 1.930368146348210578e-01 1.997040677300716272e-01 1.997040676718853658e-01 1.930368151460672421e-01
1.983554049114647500e-01 1.994566543832731742e-01 1.999969785985656334e-01 1.999969785359090590e-01 1.994566546588676104e-01
2.000469133237560426e-01 1.997507872256822914e-01 1.999356322651479612e-01 1.999356322727016133e-01 1.997507873795780209e-01
1.993909050498062496e-01 1.994182328143245253e-01 1.996706065976128763e-01 1.996706066063480001e-01 1.994182329877946525e-01
1.996361626012326806e-01 1.997962544115707839e-01 1.999807927256219142e-01 1.999807927071960700e-01 1.997962546952981588e-01
2.001432726797726380e-01 2.001939150311163873e-01 2.002252345287072743e-01 2.002252344801093153e-01 2.001939154390127151e-01
2.005821233866589282e-01 2.005891534112270724e-01 2.005915734162067587e-01 2.005915733653943767e-01 2.005891537390063206e-01
1.714449100236813128e-01 1.714452620225322688e-01 1.714448186854393152e-01 1.714448187672401869e-01 1.714452622858302078e-01
2.795009254208069560e-02 2.795016792887091220e-02 2.794990891358563670e-02 2.794990896409386624e-02 2.795016808853388601e-02
