2.047734019259173366e-01 2.034250610412887961e-01 2.053733027414781642e-01 2.034250582287168430e-01
2.460292317348796998e-01 2.446805517963817622e-01 2.484794469188175148e-01 2.446805405301958614e-01
2.343336433088003823e-01 2.439815486150402057e-01 2.360352548168349884e-01 2.439815473371760579e-01
2.376070911728473956e-01 2.475796887561811377e-01 2.307221554559757137e-01 2.475797098609208713e-01
2.298135728542745337e-01 2.253202985267548086e-01 2.335899915607095034e-01 2.253202813764383361e-01
2.432790182544345425e-01 2.197527827189073024e-01 2.449939641722334027e-01 2.197527737124972680e-01
2.398332245750966207e-01 2.263068807016407891e-01 2.387395805899892309e-01 2.263068842987117080e-01
2.299008072717244611e-01 2.704097993536979661e-01 2.302590185612812257e-01 2.704097934745134379e-01
2.419371471081107339e-01 2.873113742186994002e-01 2.445169027183485000e-01 2.873113679793337094e-01
2.429983872484161589e-01 2.251285888703852267e-01 2.395844816092999874e-01 2.251285978889272787e-01
2.635817485887886891e-01 2.182852398284134132e-01 2.591932319534102080e-01 2.182852567399164168e-01
2.434214901314727675e-01 2.238082981897115131e-01 2.385402153198245279e-01 2.238083252364827802e-01
2.320214589314022191e-01 2.814508318568139655e-01 2.352284416323419114e-01 2.814508025469199537e-01
2.326991076790184965e-01 2.802901951893100319e-01 2.365391742183834134e-01 2.802901846719108581e-01
2.439331629840108817e-01 2.271142995711900869e-01 2.390805724166695234e-01 2.271143145233137650e-01
2.497555328480743353e-01 2.201455180577141790e-01 2.510742564390934795e-01 2.201455196412336335e-01
2.313649543498708105e-01 2.251569706442423657e-01 2.385348284678485975e-01 2.251569659131016088e-01
2.334047165044976502e-01 2.510679564808150910e-01 2.293935442268993374e-01 2.510679696573212549e-01
2.389553949850655445e-01 2.515016215737023164e-01 2.286383586888373343e-01 2.515016174038625651e-01
2.429825448634404528e-01 2.385125277486160322e-01 2.483287352789345648e-01 2.385125136124127132e-01
1.873411217946049367e-01 1.969999317120368632e-01 2.767278660432858084e-01 1.969999269694817368e-01
