3.029919991445503662e-03 3.049602262059331482e-03 3.061684466548177976e-03 3.061681965739165845e-03 3.049599147319561991e-03
3.984782179945942776e-02 3.993122449233345306e-02 3.993103710095791820e-02 3.993101311626186950e-02 3.993119042609293012e-02
1.700267304495002574e-01 1.701684201932733842e-01 1.701174621726894154e-01 1.701174311573775411e-01 1.701683773163745750e-01
1.985938213441177935e-01 1.987401889068701744e-01 1.987348969342878358e-01 1.987348770173724688e-01 1.987401594018227413e-01
1.996235158057810544e-01 1.997791280112381496e-01 1.999573336189018335e-01 1.999573073566515424e-01 1.997790840367018872e-01
1.980991645054766270e-01 1.979749382619687970e-01 1.981020064843380390e-01 1.981019903668404247e-01 1.979749011059606933e-01
1.924725029780053887e-01 1.921122280204373700e-01 1.921267953513494664e-01 1.921268102969791447e-01 1.921122177549238474e-01
1.964971791700656500e-01 1.977233930274238105e-01 1.981863905163876727e-01 1.981863930183652978e-01 1.977233810491570154e-01
1.802834652631086498e-01 1.929141635152482603e-01 1.995151092228928391e-01 1.995150966929247760e-01 1.929141520137193366e-01
9.741700583331582008e-02 1.507863345687448509e-01 1.953374286869077048e-01 1.953374104461816085e-01 1.507863047525360711e-01
5.764038211475219038e-04 8.533335775610037532e-02 1.619834690790149800e-01 1.619834603975888188e-01 8.533334011618261272e-02
9.741716150837329002e-02 1.507866928200192747e-01 1.953380404515057123e-01 1.953380422027000685e-01 1.507866911339770521e-01
1.802834421734173798e-01 1.929142605968560686e-01 1.995152460266468863e-01 1.995152455390773183e-01 1.929142635034237496e-01
1.964970596731343555e-01 1.977233530408325779e-01 1.981863083029497541e-01 1.981862909278457319e-01 1.977233412513389743e-01
1.924722043893723755e-01 1.921118901701476256e-01 1.921263131444411743e-01 1.921262970199198727e-01 1.921118737481449790e-01
1.980991809658894931e-01 1.979749411813207516e-01 1.981019664136634550e-01 1.981019626286906476e-01 1.979749387056946031e-01
1.996235366915711518e-01 1.997792368639574045e-01 1.999575296889673504e-01 1.999575306897441451e-01 1.997792382444786297e-01
1.985937861978085694e-01 1.987402248745718525e-01 1.987349480600487661e-01 1.987349453164748425e-01 1.987402259722144959e-01
1.700269559886398163e-01 1.701686942153525783e-01 1.701177312240992334e-01 1.701177118548250211e-01 1.701686800876736072e-01
3.984895647393851825e-02 3.993238713922572097e-02 3.993221081766811648e-02 3.993219559322212786e-02 3.993237070097767349e-02
3.030129016734869896e-03 3.049821146998427622e-03 3.061912293458615014e-03 3.061911049597397863e-03 3.049819713904958641e-03
