5.374334598609996350e-03 5.374355978368319450e-03 5.374334503383332122e-03 5.374355930651548811e-03
5.109000562292202036e-02 5.109018717651402086e-02 5.109000438653461817e-02 5.109018654829531464e-02
1.227484866173609718e-01 1.227490295908489626e-01 1.227484838793075628e-01 1.227490281235028430e-01
1.713262975339328587e-01 1.713268054987777678e-01 1.713262968624920113e-01 1.713268049509183988e-01
2.034306746481411854e-01 2.034306465801185848e-01 2.034306745750752432e-01 2.034306464165311912e-01
2.072957003333657788e-01 2.072954048391742465e-01 2.072957001284798650e-01 2.072954045505462362e-01
1.606084324559800547e-01 1.606084785781616286e-01 1.606084324371785943e-01 1.606084781337531742e-01
7.638033716947832674e-02 7.638104315116421572e-02 7.638033777110297962e-02 7.638104323555949815e-02
9.014659096620827872e-02 9.014726858977425983e-02 9.014659258858949420e-02 9.014726966107922124e-02
1.945084673218431259e-01 1.945083906190593626e-01 1.945084680326956972e-01 1.945083910227808355e-01
2.097174178135907396e-01 2.097169458546070397e-01 2.097174176198053630e-01 2.097169455617378941e-01
1.846951266844741868e-01 1.846950494415461608e-01 1.846951255424142679e-01 1.846950487807592911e-01
7.878001560155055427e-02 7.878069200672024874e-02 7.878001317230705347e-02 7.878069103876604584e-02
8.242331326018030591e-02 8.242401875055706262e-02 8.242331222307140715e-02 8.242401816710075158e-02
1.926627267041013114e-01 1.926627728724839561e-01 1.926627265658837351e-01 1.926627727383720678e-01
2.111020082340418214e-01 2.111017130268283692e-01 2.111020084400899166e-01 2.111017131643740941e-01
2.036210640947338502e-01 2.036210361910229805e-01 2.036210643974523948e-01 2.036210362369446358e-01
1.846157321272972052e-01 1.846162400916488977e-01 1.846157323687588336e-01 1.846162400503719714e-01
1.845418633859216562e-01 1.845424067093967835e-01 1.845418638447126614e-01 1.845424073164938228e-01
1.660870678693228963e-01 1.660872496009019594e-01 1.660870680646062691e-01 1.660872498897984773e-01
1.884229251823880263e-02 1.884231390897924893e-02 1.884229253192027873e-02 1.884231392814796416e-02
