1.879972040897948116e-02 1.879967033827157838e-02 1.879962591948602935e-02 1.879967024253176994e-02
1.650320916560513995e-01 1.650314063010017429e-01 1.650307450160444778e-01 1.650314049117417303e-01
1.727232706586244726e-01 1.727175023846882485e-01 1.727118311239493886e-01 1.727174993070443587e-01
1.732283170786363402e-01 1.732090338081668790e-01 1.731901140247764925e-01 1.732090331540812322e-01
2.033775070089974268e-01 2.033697158442213104e-01 2.033623480867368383e-01 2.033697158578407771e-01
2.118437328285015520e-01 2.118441123071370669e-01 2.118443713685572993e-01 2.118441122741630545e-01
2.010695888893275496e-01 2.010683220667645044e-01 2.010664432500418597e-01 2.010683214710910771e-01
1.483396102494246027e-01 1.483105275170189530e-01 1.482816626583674802e-01 1.483105262081806097e-01
1.487021125253382703e-01 1.485921803727219548e-01 1.484853403865258048e-01 1.485921802814221815e-01
2.013562196274753247e-01 2.013090627212615891e-01 2.012658210827531768e-01 2.013090628103676727e-01
2.120695176722207087e-01 2.120695228233982488e-01 2.120695460171117819e-01 2.120695228246772535e-01
2.013053035429478443e-01 2.013024130996215744e-01 2.012961341127853798e-01 2.013024130005128254e-01
1.485948519471116391e-01 1.484980651634777715e-01 1.484022065021927128e-01 1.484980650996979845e-01
1.485889193279910370e-01 1.482141262999307207e-01 1.478557322707104160e-01 1.482141270644921349e-01
2.012277600246764053e-01 2.010571343336670647e-01 2.009088377751498677e-01 2.010571346881355470e-01
2.118591383733895994e-01 2.118531475715536017e-01 2.118592536311436902e-01 2.118531475868812852e-01
2.033636247476328651e-01 2.033600323016021838e-01 2.033600279694013913e-01 2.033600323433850388e-01
1.732664845636734952e-01 1.730903266660897832e-01 1.728542323512326506e-01 1.730903271378594344e-01
1.738242362493497284e-01 1.728252096546492034e-01 1.714251169916926609e-01 1.728252113335607965e-01
1.679887689873012790e-01 1.652946798289928187e-01 1.614515938231385062e-01 1.652946805790299900e-01
2.037767864030176276e-02 1.891139553714498919e-02 1.608538992102355458e-02 1.891139559115779037e-02
