2.020266789138853158e-01 2.020266609805032310e-01 2.020266542153068834e-01 2.020266665070858114e-01
2.291300838722516720e-01 2.291300529402180985e-01 2.291300461832411484e-01 2.291300606490224989e-01
1.939534314760373024e-01 1.939534214251613931e-01 1.939534266050046141e-01 1.939534187822905265e-01
1.901304055572598795e-01 1.901304135685224495e-01 1.901304185449881889e-01 1.901303999264344069e-01
2.052571310794968074e-01 2.052571428654015595e-01 2.052571431980187155e-01 2.052571204124470639e-01
2.153899906789169261e-01 2.153900148519287405e-01 2.153900270192941058e-01 2.153899772492874065e-01
2.180056951424731992e-01 2.180058218184726393e-01 2.180059543180727089e-01 2.180057872734923463e-01
2.343834859349453459e-01 2.343839523797509317e-01 2.343844186996415779e-01 2.343839075625190616e-01
2.348613603196316180e-01 2.348623847022489608e-01 2.348633132063072393e-01 2.348622080728986483e-01
2.189515686522051918e-01 2.189520214945689103e-01 2.189524849038338994e-01 2.189519339188811531e-01
2.187024463998748780e-01 2.187028317094560914e-01 2.187032218786886528e-01 2.187027902251182376e-01
2.186319943525605602e-01 2.186333509923196750e-01 2.186346295746582069e-01 2.186332884389792786e-01
2.337447003833064696e-01 2.337489406718257501e-01 2.337527689036490164e-01 2.337488912600420299e-01
2.332583751710034237e-01 2.332646625424946718e-01 2.332707633810968684e-01 2.332645952344218065e-01
2.176596936974005136e-01 2.176583390722272582e-01 2.176625147614381084e-01 2.176582600935282330e-01
2.152818745904551412e-01 2.152900429847507957e-01 2.153133359841150896e-01 2.152900146281450100e-01
2.052368668498800452e-01 2.052464882173181682e-01 2.051781298546374310e-01 2.052464944820805715e-01
1.901172404630058765e-01 1.900869058541203582e-01 1.895967610883856347e-01 1.900869099384790428e-01
1.940550629400531191e-01 1.923134625554317190e-01 1.907618931689062935e-01 1.923134616765466709e-01
2.254178623495851908e-01 2.199300785651871482e-01 2.263755280125024638e-01 2.199300779605591616e-01
1.824920103341646227e-01 1.950027058987165163e-01 2.680299413177080203e-01 1.950027056395456648e-01
