1.884658107399352772e-02 1.884684087545252310e-02 1.884699514828326941e-02 1.884684035690699713e-02
1.661897886764028831e-01 1.661931682205809446e-01 1.661956340810145649e-01 1.661931574538288992e-01
1.857042249724552840e-01 1.857080543052546107e-01 1.857091955608992095e-01 1.857080213350174869e-01
1.859851392967009354e-01 1.859709372545096939e-01 1.859546007093115794e-01 1.859709184970732287e-01
2.042175248361136619e-01 2.042109974228670244e-01 2.042064031941790980e-01 2.042109637379816434e-01
2.111312266749006128e-01 2.111328083935656297e-01 2.111382591031336076e-01 2.111327815620821224e-01
1.924378262514678251e-01 1.924644799760699132e-01 1.924897447561154107e-01 1.924646049143835247e-01
8.158278467776707010e-02 8.159139100226055208e-02 8.158959429509121675e-02 8.159163699952594329e-02
8.057571239486677195e-02 8.036205446032904098e-02 8.014262806307247133e-02 8.036183679588505824e-02
1.903470789803428931e-01 1.902355678617911605e-01 1.901544786348151328e-01 1.902354745630231991e-01
2.104293405691467223e-01 2.103808431403844936e-01 2.103834237162014731e-01 2.103808569391614203e-01
1.940967161310108713e-01 1.940489750211021880e-01 1.939904154141183501e-01 1.940489838905254116e-01
8.656886512268768819e-02 8.716575073502019766e-02 8.765503609764833948e-02 8.716575703803938757e-02
7.659095512228099312e-02 7.940106392072168728e-02 8.217616890272626262e-02 7.940124808679931145e-02
1.727720137892162222e-01 1.746412286860921648e-01 1.768403732858118693e-01 1.746413289024041637e-01
2.086079909018303813e-01 2.090739805574277910e-01 2.100278317059136590e-01 2.090740037954718356e-01
2.037835772531427503e-01 2.037419433287522563e-01 2.034993164562684531e-01 2.037419537044763418e-01
1.764585786373533693e-01 1.740142796100964118e-01 1.701460106217675960e-01 1.740142541399606613e-01
1.282910038463364322e-01 1.171448954571327472e-01 1.040792428539372566e-01 1.171447458545065295e-01
3.777999671438561635e-02 3.178066127083335746e-02 2.421864561696811941e-02 3.178059324985025441e-02
4.152996723682199180e-03 3.210278446730004988e-03 1.365644260394098053e-03 3.210273112539039318e-03
