2.109782013625374764e-01 2.112495694230658583e-01 2.109376233388764454e-01 2.104734651722282579e-01 2.104984527256890947e-01
2.368847902481785173e-01 2.389690523714947945e-01 2.365732894377390871e-01 2.330082216635522840e-01 2.332006695338059155e-01
2.215939704633703156e-01 2.224697793845711036e-01 2.214629891201312928e-01 2.199647599874056392e-01 2.200454075815045651e-01
2.352640748466783560e-01 2.345703497499290191e-01 2.353676189314739819e-01 2.365547300851488233e-01 2.364902631956726786e-01
2.131887238006788532e-01 2.175549551768485301e-01 2.125367965980228535e-01 2.050697661657265303e-01 2.054737575468557897e-01
2.453128178452323171e-01 2.490147537596852645e-01 2.447596247392587188e-01 2.384283325196054348e-01 2.387699319647155205e-01
2.289413013156091636e-01 2.380203632596260555e-01 2.275846593348958280e-01 2.120542394753960336e-01 2.128932673113888285e-01
2.340534033487153553e-01 2.347257835839211271e-01 2.339520780575769787e-01 2.328005984736566392e-01 2.328615048150906586e-01
2.343953060545406475e-01 2.339803001652381587e-01 2.344567885929145779e-01 2.351680632562382356e-01 2.351284425471404371e-01
2.336868062566160309e-01 2.443497626883449902e-01 2.320945763233884518e-01 2.138590215169990094e-01 2.148454164541941380e-01
2.511442388594455344e-01 2.572250088655385070e-01 2.502355845955712699e-01 2.398361495732233006e-01 2.403972812502298828e-01
2.286247814583074467e-01 2.392854649908890408e-01 2.270318790954442278e-01 2.087956464108898236e-01 2.097810621599366376e-01
2.409266239055146142e-01 2.405101607613399917e-01 2.409879128717463681e-01 2.416981699725947730e-01 2.416584692043768356e-01
2.271289996432331870e-01 2.278024326152567336e-01 2.270279740151158465e-01 2.258774529884850502e-01 2.259385042725768344e-01
2.332522295987387306e-01 2.423329883770932724e-01 2.318960364534048968e-01 2.163664609592573784e-01 2.172060861154432310e-01
2.456039523571186822e-01 2.493060276658345120e-01 2.450507712438699248e-01 2.387198903460637234e-01 2.390613779700540842e-01
2.111158990849073269e-01 2.154811180146651017e-01 2.104636604403875566e-01 2.029964421632411697e-01 2.033999741389966032e-01
2.370833516166593324e-01 2.363888568502426901e-01 2.371869036807696118e-01 2.383735802398041226e-01 2.383091460304087306e-01
2.192077565715280230e-01 2.200836922035978027e-01 2.190769087756674893e-01 2.175791247989473931e-01 2.176597610518097858e-01
2.378743620911240864e-01 2.399588993253365388e-01 2.375628976681328497e-01 2.339981946250275779e-01 2.341906272442033643e-01
2.111068027851369100e-01 2.113783066886913697e-01 2.110662318498415790e-01 2.106022625074589205e-01 2.106271993867417369e-01
