2.296632401603013740e-01 2.344385195168808278e-01 2.345379197322691456e-01 2.298589263473010680e-01 2.218792239592702886e-01 2.203047266151240136e-01
3.261931601068475683e-01 3.171756561715062817e-01 3.146580544891289244e-01 3.198820299696326086e-01 3.173407162748398402e-01 3.153191236912344375e-01
3.100401135625215354e-01 2.746292973752978983e-01 2.665267399949591276e-01 2.926981037696056998e-01 3.118011435984952007e-01 3.148059458564473334e-01
2.718905737421026814e-01 2.638294060607458968e-01 2.558974980615726924e-01 2.580609112348545287e-01 2.551055769898878389e-01 2.576980126461236309e-01
2.277392622392626909e-01 2.277927927774131001e-01 2.243799769323929771e-01 2.233077180522808902e-01 2.206913195943483175e-01 2.149778075712298342e-01
2.045615648563553490e-01 2.049259717950521476e-01 2.025475156661343257e-01 2.022122671778739111e-01 1.978519544723427726e-01 1.883043793056962956e-01
1.885536768059397350e-01 1.943933493354033371e-01 1.944274967198667270e-01 1.878565588744751935e-01 1.781271248164729148e-01 1.781002574478058598e-01
2.018478078051293700e-01 2.062070976268737255e-01 2.061443322136540246e-01 2.017278336831062335e-01 1.936182044686393933e-01 1.930611236370127493e-01
2.029168144745500113e-01 2.035713343451610313e-01 2.035108972384525594e-01 2.025572502749428405e-01 2.020978623271106334e-01 2.015944307940902569e-01
1.911040001958813905e-01 1.916855418142255074e-01 1.916751358954300599e-01 1.909834017507408277e-01 1.909767475027368822e-01 1.904451812379907294e-01
1.544916018195285068e-01 1.542215520718073496e-01 1.553792556223531351e-01 1.570677200795286832e-01 1.580662355955266551e-01 1.566468039661953471e-01
1.134380640651843075e-01 1.117143441032496382e-01 1.159934346104358610e-01 1.229649769876940829e-01 1.265165679302219515e-01 1.214039573734040783e-01
1.463144383111194269e-01 1.460951712650202516e-01 1.487183743590549390e-01 1.532926973751656818e-01 1.566252096233111402e-01 1.524019541899486463e-01
1.181174124192303498e-01 1.187754977050082400e-01 1.195813739723553815e-01 1.204019796811915816e-01 1.213875893898117425e-01 1.200087773941668906e-01
1.438419498561094578e-01 1.442088514143123057e-01 1.445407121814709928e-01 1.447331943272806565e-01 1.449361924223735998e-01 1.445585549271309889e-01
1.793483360768100277e-01 1.796779878898007166e-01 1.794469516973663248e-01 1.795606873649950863e-01 1.797234298168855771e-01 1.796928594703416926e-01
1.714759847512797031e-01 1.720268462508445506e-01 1.720961710880765938e-01 1.718915804023528338e-01 1.719290277722975158e-01 1.720519117659138064e-01
1.430674256064956018e-01 1.436038307400015479e-01 1.441613559498892971e-01 1.440596807467625362e-01 1.441159379318914802e-01 1.445175023770088607e-01
1.582097664554945049e-01 1.591845433014591471e-01 1.592477764997477507e-01 1.590275179038028452e-01 1.586300792752799449e-01 1.594069881047407711e-01
2.063985347105844192e-01 2.071452778264781247e-01 2.068659330399025831e-01 2.070068976903582381e-01 2.068042220122061070e-01 2.073490890808760145e-01
1.423807449514569168e-01 1.425749552048545254e-01 1.424643145664146182e-01 1.425359344341881329e-01 1.424899084277498895e-01 1.426749521232821283e-01
