1.982013454462717428e-01 2.061996802656489436e-01 2.030486540251203453e-01 2.030486553230755331e-01 2.061996803834783010e-01
2.289297141579741124e-01 2.360480762549982126e-01 2.312494567040405402e-01 2.312494589580032234e-01 2.360480772054407428e-01
2.141570227577377361e-01 2.148500394658393875e-01 2.190824319586918700e-01 2.190824321242379746e-01 2.148500406315528022e-01
2.350582888449918029e-01 2.232681423087565786e-01 2.329346210219858937e-01 2.329346192664572268e-01 2.232681425558727395e-01
2.097636887938640615e-01 2.102028834626833709e-01 2.038813340422102605e-01 2.038813376791951404e-01 2.102028870221768486e-01
2.300064517266150743e-01 2.437522365026893734e-01 2.343389113702127047e-01 2.343389172374286955e-01 2.437522391759579798e-01
2.340050733688947282e-01 2.267263803646247800e-01 2.121723394589155043e-01 2.121723441059219506e-01 2.267263856505049024e-01
2.321538856689440988e-01 2.361193835391293683e-01 2.278925129242325431e-01 2.278925104962647996e-01 2.361193864761183259e-01
2.351481787676772128e-01 2.590223370524694091e-01 2.401102649984342696e-01 2.401102662053263559e-01 2.590223376069263339e-01
2.388542486062616155e-01 2.308316157279840242e-01 2.161696028431134842e-01 2.161696115026685572e-01 2.308316247768169849e-01
4.327435910662765783e-01 2.456669960235303984e-01 2.658814687773913277e-01 2.658814752319572094e-01 2.456670009015439748e-01
2.388542365351987717e-01 2.308316078606395261e-01 2.161695950447759251e-01 2.161695978137285756e-01 2.308316149711700238e-01
2.351481897533665155e-01 2.590223437657999117e-01 2.401102820992782882e-01 2.401102782168943739e-01 2.590223470046574272e-01
2.321538744861779135e-01 2.361193708904305300e-01 2.278924918859129289e-01 2.278924956049664385e-01 2.361193736829515499e-01
2.340050798495907358e-01 2.267263895550079289e-01 2.121723423321840163e-01 2.121723514413005607e-01 2.267263972127535610e-01
2.300064487812535363e-01 2.437522421655956006e-01 2.343389086005641386e-01 2.343389146549914592e-01 2.437522459160597343e-01
2.097636819620852799e-01 2.102028796324266480e-01 2.038813305659298580e-01 2.038813311842050391e-01 2.102028823214470710e-01
2.350582977788293060e-01 2.232681397996994221e-01 2.329346270907917127e-01 2.329346244541982969e-01 2.232681431081828261e-01
2.141570202674560053e-01 2.148500345945477397e-01 2.190824222373550234e-01 2.190824252997501664e-01 2.148500379292529183e-01
2.289297132319543238e-01 2.360480802474873296e-01 2.312494556122423051e-01 2.312494590548092310e-01 2.360480818889886534e-01
1.982013457041658100e-01 2.061996839878872112e-01 2.030486538618468673e-01 2.030486553279787498e-01 2.061996839169808193e-01
