1.780141808016649507e-01 1.756455578466463996e-01 1.766908473757843323e-01 1.766908473845865135e-01 1.756455578164160536e-01
2.241687608365635909e-01 2.217165182255474432e-01 2.219829747130953046e-01 2.219829747143966525e-01 2.217165181767254967e-01
2.056497512982677078e-01 2.066967471545687052e-01 2.039079466340804891e-01 2.039079466120744533e-01 2.066967471059126538e-01
2.022127279534300104e-01 2.080830590844570116e-01 2.028264428473212089e-01 2.028264428327266611e-01 2.080830590402995006e-01
2.021783779262523173e-01 2.013690514945623011e-01 2.009712804396389940e-01 2.009712804529869834e-01 2.013690514692586808e-01
2.256644824663567583e-01 2.001856504341232579e-01 2.082141932074985380e-01 2.082141932458218825e-01 2.001856504274725779e-01
2.181044780011615059e-01 2.018194597754412734e-01 2.015194856602288420e-01 2.015194856662096967e-01 2.018194597848057548e-01
2.056082399966385199e-01 2.268393990130175841e-01 2.011309815572629167e-01 2.011309815513828148e-01 2.268393990628029266e-01
2.017115183699766945e-01 2.486376024831879472e-01 2.095139769277729602e-01 2.095139769407222685e-01 2.486376024869597079e-01
2.175604537606689315e-01 2.059437421379235467e-01 2.076726854057422411e-01 2.076726854286927437e-01 2.059437421274098179e-01
4.292443081252189097e-01 1.970372335533497332e-01 2.447324297290190409e-01 2.447324297349253164e-01 1.970372335691271959e-01
2.175604537307768149e-01 2.059437421016670211e-01 2.076726853783339433e-01 2.076726853652733351e-01 2.059437421287625414e-01
2.017115185502780794e-01 2.486376029467239623e-01 2.095139771747684398e-01 2.095139771635060877e-01 2.486376029657979270e-01
2.056082402194865655e-01 2.268393992947553284e-01 2.011309815665296430e-01 2.011309815753184738e-01 2.268393992753788835e-01
2.181044785018329546e-01 2.018194599361716468e-01 2.015194858324463878e-01 2.015194858341392281e-01 2.018194599469611272e-01
2.256644835589615983e-01 2.001856505930513508e-01 2.082141937339470339e-01 2.082141937166581414e-01 2.001856506138420810e-01
2.021783780850986145e-01 2.013690516047310086e-01 2.009712805652157652e-01 2.009712805568751592e-01 2.013690516239033113e-01
2.022127282083543975e-01 2.080830598190060166e-01 2.028264432153945029e-01 2.028264432277745999e-01 2.080830598427179101e-01
2.056497514884246258e-01 2.066967474458610010e-01 2.039079466579945266e-01 2.039079466648909267e-01 2.066967474480546074e-01
2.241687611641527411e-01 2.217165182421969305e-01 2.219829747914968676e-01 2.219829748027476735e-01 2.217165182556278813e-01
1.780141815340536837e-01 1.756455581647061448e-01 1.766908479052896608e-01 1.766908479216982297e-01 1.756455581904507457e-01
