1.982012423108794885e-01 2.061994850725843986e-01 2.030485296354659908e-01 2.030485901899225232e-01 2.061994890237171252e-01
2.289295130390459898e-01 2.360478059372239923e-01 2.312493349021524369e-01 2.312494552521419389e-01 2.360478777327124911e-01
2.141569213478315137e-01 2.148499355896423824e-01 2.190824997898278281e-01 2.190825386338079994e-01 2.148500358762759632e-01
2.350580802713726769e-01 2.232679604765271664e-01 2.329344479796190415e-01 2.329343623487537818e-01 2.232680419487497181e-01
2.097636136302969412e-01 2.102027527217498748e-01 2.038812768545751053e-01 2.038814504970075936e-01 2.102029814831115340e-01
2.300063139824651270e-01 2.437519727879959019e-01 2.343387158294729378e-01 2.343390171320015036e-01 2.437521491427612486e-01
2.340048312279223719e-01 2.267258792562902858e-01 2.121720512528302016e-01 2.121723574829875447e-01 2.267262230501962683e-01
2.321541828864068235e-01 2.361194909486216131e-01 2.278928178892149770e-01 2.278928129594789131e-01 2.361196424964106255e-01
2.351479244720635076e-01 2.590220882920019063e-01 2.401098386697923526e-01 2.401098506986249770e-01 2.590221788487450660e-01
2.388544637795545489e-01 2.308317183673588291e-01 2.161696562546102651e-01 2.161699928501571166e-01 2.308321642629893033e-01
4.327440206616847140e-01 2.456669462667328829e-01 2.658813534824149283e-01 2.658816818921223013e-01 2.456672037845213652e-01
2.388541306188959601e-01 2.308311773457455696e-01 2.161692762230818243e-01 2.161695119483034999e-01 2.308315833254054317e-01
2.351486387436304837e-01 2.590225656994133985e-01 2.401107027287738283e-01 2.401106004892578916e-01 2.590226844992594146e-01
2.321535968213162549e-01 2.361191084557559272e-01 2.278920121462592319e-01 2.278921028145981520e-01 2.361192564779953651e-01
2.340052549718302233e-01 2.267266196928083288e-01 2.121722882900664853e-01 2.121726620249934914e-01 2.267269528259322486e-01
2.300065011093685718e-01 2.437524457467944994e-01 2.343387706847540608e-01 2.343390759699392756e-01 2.437526030134987143e-01
2.097635964315260060e-01 2.102026695346020380e-01 2.038811849111040464e-01 2.038812671629511575e-01 2.102028145565240369e-01
2.350587276970824979e-01 2.232681282466757455e-01 2.329349385689252205e-01 2.329348153080686157e-01 2.232682432637076442e-01
2.141569715350131187e-01 2.148499372094955229e-01 2.190822322729814586e-01 2.190823292840461400e-01 2.148500688455236562e-01
2.289297058732838175e-01 2.360482297535146101e-01 2.312494171529995146e-01 2.312495696861642247e-01 2.360482947385344754e-01
1.982014774123957157e-01 2.061999415535731850e-01 2.030487717196259867e-01 2.030488446086394783e-01 2.061999365525773453e-01
