1.925252888962353526e-01 1.859485545517063076e-01 1.893882914291630248e-01 1.893882914438720644e-01 1.859485544672780932e-01
2.284746968008331547e-01 2.245023601972856997e-01 2.257753602964707729e-01 2.257753602848627250e-01 2.245023600362457683e-01
2.074276748234872569e-01 2.108787141982168267e-01 2.065645736930345200e-01 2.065645736677928501e-01 2.108787140620641265e-01
2.092312139181486952e-01 2.193206482924700274e-01 2.119694719094118163e-01 2.119694718904923392e-01 2.193206480500215216e-01
2.020796058029414588e-01 2.005674823563758091e-01 2.008207794385999112e-01 2.008207794080959230e-01 2.005674821379762607e-01
2.380954742607569730e-01 2.043310384927129741e-01 2.204071784053945326e-01 2.204071784733460937e-01 2.043310384554713754e-01
2.102538028293561845e-01 2.025675742725726869e-01 2.038574548876236903e-01 2.038574548417975973e-01 2.025675742404966229e-01
2.003178201134338532e-01 2.188714085601621839e-01 2.033228057138655176e-01 2.033228056202323331e-01 2.188714086602484565e-01
2.020351488726649380e-01 2.264875702122900181e-01 2.084511036000035733e-01 2.084511036217502333e-01 2.264875700314600004e-01
2.079046701183992762e-01 2.010855622939394793e-01 2.030227742884855024e-01 2.030227742897161014e-01 2.010855621865370035e-01
2.727162962807309077e-01 2.014936978085006547e-01 2.275216208024713194e-01 2.275216208603649537e-01 2.014936977768751469e-01
2.079046773562973627e-01 2.010855660072975171e-01 2.030227792558128297e-01 2.030227790980868863e-01 2.010855659163611475e-01
2.020351366486631273e-01 2.264875512902272126e-01 2.084510875515930284e-01 2.084510873472076031e-01 2.264875510689046967e-01
2.003178159114437085e-01 2.188714108436559669e-01 2.033228079484074857e-01 2.033228078489950352e-01 2.188714104068389676e-01
2.102537920610328126e-01 2.025675682669482169e-01 2.038574475870882641e-01 2.038574474542834136e-01 2.025675679730386536e-01
2.380954508949459369e-01 2.043310208816129236e-01 2.204071584851526322e-01 2.204071583922677102e-01 2.043310206843568511e-01
2.020796069825970820e-01 2.005674827053222642e-01 2.008207802143560095e-01 2.008207801268013237e-01 2.005674827564755125e-01
2.092311892496968861e-01 2.193206199003016887e-01 2.119694464181547111e-01 2.119694464046371352e-01 2.193206201551735346e-01
2.074276645213102843e-01 2.108787056828329287e-01 2.065645664779013901e-01 2.065645664959989136e-01 2.108787058395556469e-01
2.284746857941065690e-01 2.245023518265506501e-01 2.257753512680844288e-01 2.257753513107691179e-01 2.245023519812945345e-01
1.925252578212985344e-01 1.859485259596958817e-01 1.893882619129804434e-01 1.893882619840088488e-01 1.859485261052136185e-01
