1.744413615109425830e-01 1.744413615185922417e-01 1.744413616760278896e-01 1.744413617515877535e-01 1.744413617391519511e-01
2.213719289765310461e-01 2.213719287249256984e-01 2.213719290465891720e-01 2.213719292522081938e-01 2.213719291686729873e-01
2.038031040995043897e-01 2.038031034817987808e-01 2.038031034939816188e-01 2.038031036716103639e-01 2.038031033231747502e-01
2.004507866147146877e-01 2.004507861116702760e-01 2.004507855264165972e-01 2.004507854190894778e-01 2.004507847669249887e-01
2.000567377083029563e-01 2.000567363507883556e-01 2.000567352810069255e-01 2.000567344447815588e-01 2.000567330334739602e-01
2.000772725557445897e-01 2.000772698002674932e-01 2.000772663201647872e-01 2.000772636112558844e-01 2.000772618867424912e-01
2.000685202834295295e-01 2.000685166611917420e-01 2.000685111099964053e-01 2.000685059607460736e-01 2.000685009316579555e-01
2.000058932912406884e-01 2.000058877252384459e-01 2.000058713950714218e-01 2.000058631033556911e-01 2.000058547074691218e-01
1.999108034144826129e-01 1.999107955153426874e-01 1.999107949063679557e-01 1.999107826908398666e-01 1.999107770629570402e-01
1.998118856500481488e-01 1.998118757547056590e-01 1.998119126230068487e-01 1.998118998735493035e-01 1.998118999819105956e-01
1.998125629721410890e-01 1.998125591400173040e-01 1.998126015904913011e-01 1.998125988584507351e-01 1.998126054486050185e-01
1.999117829323711626e-01 1.999117902230285737e-01 1.999118212438414088e-01 1.999118263623298752e-01 1.999118308310247338e-01
2.000029277850373655e-01 2.000029392987543453e-01 2.000029480751137068e-01 2.000029534862489411e-01 2.000029559166002224e-01
2.000458698479599950e-01 2.000458770852062418e-01 2.000458731147535807e-01 2.000458759961372124e-01 2.000458778748953059e-01
2.000101119052315746e-01 2.000101147667683599e-01 2.000101140205800265e-01 2.000101160404855749e-01 2.000101168811877494e-01
1.998805174576262500e-01 1.998805181297097500e-01 1.998805255980301565e-01 1.998805273417222084e-01 1.998805271671937611e-01
2.000402024938171264e-01 2.000402027850662068e-01 2.000402055402646095e-01 2.000402052816397935e-01 2.000402062277782667e-01
2.002582159340040857e-01 2.002582161048039600e-01 2.002582176815054793e-01 2.002582174656648839e-01 2.002582179262558659e-01
2.006158896498061173e-01 2.006158897607212832e-01 2.006158903599497556e-01 2.006158901722565335e-01 2.006158903918073277e-01
1.714658679102509242e-01 1.714658679395262841e-01 1.714658674883169920e-01 1.714658671935505030e-01 1.714658674921261672e-01
2.795771474062243994e-02 2.795771474390511616e-02 2.795771461458571028e-02 2.795771458238596394e-02 2.795771461869718533e-02
