2.795390919661275980e-02 2.795391010963976450e-02 2.795390884101146486e-02 2.795390881793225618e-02 2.795391007511257783e-02
1.714551938202323322e-01 1.714551966827933538e-01 1.714551941672275148e-01 1.714551941268066815e-01 1.714551966100966163e-01
2.006025924368133873e-01 2.006026006974826470e-01 2.006026026013881525e-01 2.006026025849055316e-01 2.006026006497329817e-01
2.002400072506990147e-01 2.002400362595067040e-01 2.002400683541968041e-01 2.002400683138894355e-01 2.002400361030743925e-01
2.000160229849474447e-01 2.000160252636616065e-01 2.000161324331968526e-01 2.000161325862958306e-01 2.000160251650021648e-01
1.998512578567436526e-01 1.998510577280137868e-01 1.998512761959508055e-01 1.998512763476907317e-01 1.998510572222832460e-01
1.999795244712283815e-01 1.999792746903074903e-01 1.999791226119022325e-01 1.999791223503345761e-01 1.999792727861689490e-01
2.000243682681762114e-01 2.000298826571549338e-01 2.000304073937982929e-01 2.000304060925890970e-01 2.000298778607927652e-01
2.000044811432107605e-01 2.000262530463989830e-01 2.000476858944228165e-01 2.000476833609724225e-01 2.000262433727403866e-01
2.000526968790761195e-01 2.000077521942842385e-01 2.000770973935609709e-01 2.000770933973312904e-01 2.000077376620678360e-01
2.005875696656033713e-01 2.001660167969960824e-01 2.001908346264129890e-01 2.001908300952272568e-01 2.001660006881282039e-01
2.031216998864646961e-01 2.024006147310923320e-01 2.006475223189599921e-01 2.006475187311143327e-01 2.024006016955552378e-01
1.962537193599459273e-01 2.085224151216052146e-01 2.024119553865341703e-01 2.024119533717643471e-01 2.085224068300586819e-01
1.178619123627239612e-01 2.007133427384820423e-01 2.104988579531499315e-01 2.104988591830651012e-01 2.007133465575965114e-01
1.964122247695767598e-01 2.085721129946402630e-01 2.023849998150861473e-01 2.023850026445089823e-01 2.085721201450552453e-01
2.032284745515319235e-01 2.024360248379859784e-01 2.006364740759221388e-01 2.006364775555218305e-01 2.024360322500787790e-01
2.006446991353530995e-01 2.001960343980978274e-01 2.001928884087468552e-01 2.001928909157860148e-01 2.001960405949510247e-01
2.000756978368522787e-01 2.000225120016672076e-01 2.000795262828315435e-01 2.000795282169839928e-01 2.000225169218465271e-01
2.000079293161392824e-01 2.000278468278440525e-01 2.000455433554425844e-01 2.000455445141288424e-01 2.000278498332251909e-01
1.999786977306548252e-01 1.999836531701365827e-01 1.999830450755919198e-01 1.999830455538875729e-01 1.999836545486922690e-01
1.998529466841162672e-01 1.998525577929940455e-01 1.998521219390439752e-01 1.998521220478234328e-01 1.998525583024575447e-01
2.000160265460761144e-01 2.000157858789849419e-01 2.000159218358338598e-01 2.000159219454547277e-01 2.000157863623565624e-01
2.002395102687171968e-01 2.002394965496324397e-01 2.002395743837254993e-01 2.002395744041021441e-01 2.002394968126184893e-01
2.006020355281862011e-01 2.006020656537098601e-01 2.006020846117590739e-01 2.006020846499358135e-01 2.006020657782693339e-01
1.714546736569139418e-01 1.714546994462996243e-01 1.714546986141649854e-01 1.714546987343049667e-01 1.714546996487744390e-01
2.795373807300426811e-02 2.795374908158107172e-02 2.795375207443722212e-02 2.795375213175558052e-02 2.795374917531163669e-02
