2.795406666888041597e-02 2.795406667668600201e-02 2.795406665738513902e-02 2.795406664931831403e-02 2.795406665892261402e-02
1.714556267630913955e-01 1.714556267758947372e-01 1.714556267743390927e-01 1.714556267777710974e-01 1.714556267410660140e-01
2.006031634159213539e-01 2.006031634330114610e-01 2.006031635068102059e-01 2.006031635484987474e-01 2.006031634079163961e-01
2.002408656936392750e-01 2.002408655142501326e-01 2.002408655737831222e-01 2.002408656195785730e-01 2.002408654599114601e-01
2.000171984663366154e-01 2.000171979863623051e-01 2.000171980867982424e-01 2.000171983117915997e-01 2.000171979556140123e-01
1.998523510528839309e-01 1.998523504518408822e-01 1.998523505009100754e-01 1.998523506661932236e-01 1.998523499985285501e-01
1.999790757692239962e-01 1.999790747556751125e-01 1.999790745187180196e-01 1.999790744209133386e-01 1.999790735292495680e-01
2.000253727431175743e-01 2.000253708472759517e-01 2.000253690443463128e-01 2.000253679968568843e-01 2.000253669082180941e-01
2.000240676989917810e-01 2.000240644798948475e-01 2.000240604190078597e-01 2.000240572263504713e-01 2.000240540423730007e-01
2.000111768878962692e-01 2.000111749455072974e-01 2.000111693082996800e-01 2.000111639716810330e-01 2.000111568106126836e-01
1.999834437893869277e-01 1.999834423253889770e-01 1.999834354297242156e-01 1.999834295399775808e-01 1.999834179668657230e-01
1.999437818032769321e-01 1.999437805089911702e-01 1.999437741284749714e-01 1.999437699257139711e-01 1.999437584979390226e-01
1.999098988313085801e-01 1.999098983146306296e-01 1.999098955652330867e-01 1.999098941801211726e-01 1.999098904276489785e-01
1.999098948611947313e-01 1.999098947363186773e-01 1.999098952911767813e-01 1.999098980483003662e-01 1.999098993483098829e-01
1.999437677023524762e-01 1.999437692753504581e-01 1.999437725211943573e-01 1.999437769795902597e-01 1.999437786328724376e-01
1.999834187641607031e-01 1.999834212118295207e-01 1.999834247396768960e-01 1.999834292420296644e-01 1.999834316503654452e-01
2.000111447662213382e-01 2.000111469238824990e-01 2.000111493955173125e-01 2.000111529420318390e-01 2.000111549100353492e-01
2.000240347008430120e-01 2.000240361284148782e-01 2.000240376566785327e-01 2.000240397485736066e-01 2.000240409335182212e-01
2.000253482310614672e-01 2.000253491990851840e-01 2.000253501058528172e-01 2.000253510427340009e-01 2.000253516199889947e-01
1.999790631451346112e-01 1.999790637251418479e-01 1.999790641192731311e-01 1.999790644620029756e-01 1.999790647985275061e-01
1.998523448456607510e-01 1.998523451765535364e-01 1.998523452796422684e-01 1.998523453886652534e-01 1.998523456252708774e-01
2.000171948392163446e-01 2.000171950457270698e-01 2.000171950488189021e-01 2.000171950504083807e-01 2.000171952053045044e-01
2.002408630121057243e-01 2.002408631385409477e-01 2.002408631219022850e-01 2.002408631059221511e-01 2.002408631960825580e-01
2.006031613707242867e-01 2.006031614368303517e-01 2.006031614176986555e-01 2.006031614054811507e-01 2.006031614435299926e-01
1.714556257135725903e-01 1.714556257355145663e-01 1.714556257323260891e-01 1.714556257326969035e-01 1.714556257343716750e-01
2.795406645271418522e-02 2.795406645691977943e-02 2.795406646031536532e-02 2.795406646095345560e-02 2.795406645558188435e-02
