2.063799591589074445e-01 2.006324229854046237e-01 2.033681812784589871e-01 2.033674181217076937e-01 2.006296869891993906e-01
2.350741482680638317e-01 2.283811689076596652e-01 2.329898322116134290e-01 2.329799120292888048e-01 2.283724181920582796e-01
2.181932396068323177e-01 2.179350836819466675e-01 2.185640571173129154e-01 2.185473984662849589e-01 2.179319236773847035e-01
2.167831449540942035e-01 2.320012309185608135e-01 2.258185447373708965e-01 2.258175571410147298e-01 2.320025214851008655e-01
2.093082154438137832e-01 2.081135348202372004e-01 2.095291230250833914e-01 2.095793565650139467e-01 2.080589289906197570e-01
2.411153249728671399e-01 2.237381614875208480e-01 2.350332930016023614e-01 2.350231436713102195e-01 2.237146317991315081e-01
2.197657687247870084e-01 2.117403798932013248e-01 2.197835292927074469e-01 2.196984046466773366e-01 2.117319180534069922e-01
2.274849151703152439e-01 2.314110165440864120e-01 2.313080556352153927e-01 2.312327789942059120e-01 2.314439126032807881e-01
2.122230544654108708e-01 2.303302451964952813e-01 2.243363053241906602e-01 2.243379919163144554e-01 2.303322163637316344e-01
2.391553310007896171e-01 2.246668951583534468e-01 2.291837952798717049e-01 2.293251531358222461e-01 2.245145441818905963e-01
2.545815708284818180e-01 2.401766235960461071e-01 2.404986327929973799e-01 2.404795171410924470e-01 2.401432163763815575e-01
2.265797995533698761e-01 2.649606838089220151e-01 2.323206669709303729e-01 2.321725173076759352e-01 2.649694036276076803e-01
2.395320575313371614e-01 2.537968019629731620e-01 2.522471855421784537e-01 2.521393873416767906e-01 2.538652301205640560e-01
5.793875664095794464e-01 2.152689399313784113e-01 2.781537180218242589e-01 2.781575671324486021e-01 2.152657427471859064e-01
2.379366512607967998e-01 2.426316050704580007e-01 2.502900370565434573e-01 2.504526124856654157e-01 2.424544304534362316e-01
2.454899660821529828e-01 2.721744267768442249e-01 2.496651798139740974e-01 2.496474291784938349e-01 2.721473581210687720e-01
2.206210443893766027e-01 2.314155857086250545e-01 2.155033589734796362e-01 2.153764741057261345e-01 2.314268975013497043e-01
2.454503527032471377e-01 2.406384016263476144e-01 2.409003130638498191e-01 2.408182259099106159e-01 2.406958362614911584e-01
2.101124695807758402e-01 2.150870809539987827e-01 2.189670484537258599e-01 2.189708547348369616e-01 2.150802893889474654e-01
2.236345181865773968e-01 2.242081601962234438e-01 2.300185300520307674e-01 2.300995252810648650e-01 2.241071742161430402e-01
2.339443079399671221e-01 2.287751096387142802e-01 2.368609974818554620e-01 2.368516446902146355e-01 2.287616877899859569e-01
2.038409879458924212e-01 2.047175891470275622e-01 2.047831488433518587e-01 2.047386365707088429e-01 2.047215126842763799e-01
2.285256582431948458e-01 2.312712818982683716e-01 2.323890952860497294e-01 2.323665114252930763e-01 2.312904578833357983e-01
2.094395918678518820e-01 2.130998839883755380e-01 2.156961589995206596e-01 2.156966041882963370e-01 2.130956011288167029e-01
2.326710420337170793e-01 2.329689059617070790e-01 2.349258880863733800e-01 2.349285858966587703e-01 2.329569540838033193e-01
2.036523682089020904e-01 2.027064804143907661e-01 2.039551557894499489e-01 2.039543214978260521e-01 2.027053887702824353e-01
