2.792034544666811835e-02 2.792049257932016637e-02 2.792078601230967363e-02 2.792077150998871146e-02 2.792047124030948291e-02
1.712838042278986561e-01 1.712866071275742641e-01 1.712890411582502492e-01 1.712890149033407805e-01 1.712865577308556875e-01
2.005508864033551386e-01 2.005547786327506465e-01 2.005566908363075607e-01 2.005566915688002383e-01 2.005547356110485568e-01
2.002247512991290057e-01 2.002240725181516079e-01 2.002243501920773772e-01 2.002243650568065192e-01 2.002240592081503678e-01
1.999990969767582727e-01 1.999989347056100319e-01 1.999985148681662217e-01 1.999985333230416551e-01 1.999989231426418101e-01
1.998245535859931865e-01 1.998300955801584622e-01 1.998297013475805739e-01 1.998296765752511639e-01 1.998301130604316356e-01
1.999109225613960317e-01 1.999321408600681915e-01 1.999455148099629764e-01 1.999455120483627502e-01 1.999321151431846522e-01
1.998833793850647578e-01 1.999239003698702888e-01 1.999899422101145408e-01 1.999899608426470576e-01 1.999238746620014551e-01
1.999429539946201428e-01 1.998672733669390189e-01 1.999293882375602349e-01 1.999293920961080773e-01 1.998672610255675663e-01
2.000219714847150110e-01 1.999120489529164768e-01 1.999656744010286924e-01 1.999656600747748703e-01 1.999120281891628437e-01
1.979817094454060233e-01 1.995568722254782990e-01 1.999937564807537649e-01 1.999937462637456365e-01 1.995568626806159818e-01
1.800161290298543937e-01 1.930944535148684249e-01 1.997029127044438468e-01 1.997029092943750916e-01 1.930944740033131157e-01
9.702905612602726049e-02 1.509355753328878447e-01 1.957589850057617487e-01 1.957590662651704227e-01 1.509356685393179742e-01
3.685722431772101064e-05 8.512468881900339679e-02 1.620501458354739466e-01 1.620503360934094361e-01 8.512482195588616518e-02
9.688018387280555865e-02 1.506804084210838779e-01 1.953239120657371819e-01 1.953240081117845472e-01 1.506804694618174290e-01
1.799954230037595082e-01 1.930506303279923563e-01 1.996223418315857534e-01 1.996223535606665989e-01 1.930506286492294499e-01
1.979912435354557743e-01 1.995571997546945475e-01 1.999993784709950262e-01 1.999993766529961636e-01 1.995571978999413354e-01
1.999757737258043011e-01 1.998309691628102347e-01 1.998988093598378923e-01 1.998988300946423213e-01 1.998309625165043402e-01
1.983449543959487638e-01 1.981083579014934481e-01 1.980407218180502971e-01 1.980408090073111915e-01 1.981083890032696304e-01
1.923532163688239094e-01 1.922460881535804911e-01 1.921353320778232676e-01 1.921353989232410520e-01 1.922461516810855531e-01
1.983801078754996450e-01 1.983793631564093884e-01 1.983569005609359670e-01 1.983569050861985761e-01 1.983793589620457543e-01
1.999963124949839521e-01 1.999991070953176242e-01 1.999999907946283240e-01 1.999999942434657896e-01 1.999991018531105391e-01
1.987742788412828476e-01 1.987363166453631480e-01 1.987391092417147009e-01 1.987391120357581975e-01 1.987363132247509934e-01
1.703499892402800253e-01 1.701826745491895332e-01 1.700458044446918060e-01 1.700458405772314330e-01 1.701826861117300693e-01
4.025320570152695482e-02 4.011778248975465117e-02 3.996332162372399216e-02 3.996335130055560930e-02 4.011780512337251997e-02
3.098020250027736736e-03 3.085746149023506964e-03 3.072433889837567628e-03 3.072438056114135726e-03 3.085750585900432722e-03
