9.054093023318766642e-01 2.641644459498884157e-01 2.366518555333754492e-01 2.641626217868742188e-01
3.056512231669805679e-01 2.782784648707720687e-01 2.705959095272858494e-01 2.782715577817953534e-01
2.933528512578217895e-01 2.930679044335016137e-01 2.906214287121996476e-01 2.930453573990004501e-01
2.844340875514686506e-01 2.853426130085169876e-01 2.854547539559047498e-01 2.852564127640242475e-01
2.334389762568863935e-01 2.339083409107348688e-01 2.342153011956700226e-01 2.338722287504610975e-01
2.248141854663020245e-01 2.248970320335041961e-01 2.249696115888709103e-01 2.248889294771185543e-01
2.323598465341824848e-01 2.323577166608307154e-01 2.323595672313348848e-01 2.323534002365786888e-01
2.779538530869879454e-01 2.779622385352543690e-01 2.779550288264471813e-01 2.779441259411744025e-01
2.780574746930764563e-01 2.780481611778565232e-01 2.779437062846635276e-01 2.779409877421342712e-01
2.313438508537121741e-01 2.313362236618397016e-01 2.312970697183983626e-01 2.312913915223613892e-01
2.185413823515859333e-01 2.185395474377075653e-01 2.185308680956133953e-01 2.185280391322190485e-01
2.062120412121001001e-01 2.062128126874492318e-01 2.062098806671737172e-01 2.062058861844194291e-01
1.907071990590718802e-01 1.907108916032509427e-01 1.907124586755393203e-01 1.907069200932168251e-01
1.904618416675388781e-01 1.904629250846819610e-01 1.904639635700007827e-01 1.904645088703240396e-01
2.049476673602924348e-01 2.049542961426344956e-01 2.049724242776750360e-01 2.049713974528840355e-01
2.124480267988742288e-01 2.124551821646625815e-01 2.124757857976989350e-01 2.124793853176314695e-01
2.051109558208714656e-01 2.051099649070006470e-01 2.051209958050314031e-01 2.051140363425089930e-01
1.894465135331931671e-01 1.894515706274686462e-01 1.894481322589449956e-01 1.894492859506375915e-01
1.888063693236850527e-01 1.888078604894053714e-01 1.888085944294801977e-01 1.888098768114494508e-01
2.048091924181658363e-01 2.048097952133348665e-01 2.048111615354396564e-01 2.048119047991776576e-01
2.123977090102858734e-01 2.123983008141473727e-01 2.123988512296146325e-01 2.123993525202975963e-01
2.046421220267068131e-01 2.046428612700696148e-01 2.046425206480484427e-01 2.046427951924785493e-01
1.898232935423807555e-01 1.898237489948880752e-01 1.898235339530038035e-01 1.898234203754265992e-01
1.937369877400388907e-01 1.937370654372422563e-01 1.937370523957387680e-01 1.937370556150432577e-01
2.290709207991785124e-01 2.290713902973874339e-01 2.290724224357764405e-01 2.290721032668846524e-01
2.019831581076607929e-01 2.019835068915524778e-01 2.019842639560177067e-01 2.019839830926055957e-01
