6.319934077889757557e-05 2.225553950233801273e-03 3.860264161362266834e-03 2.225553958411753078e-03
8.847055610880278156e-03 2.323630682476527168e-02 3.638027333162460047e-02 2.323630688067972877e-02
9.416017707658984326e-02 1.228213223208599186e-01 1.488031987266061063e-01 1.228213224104701823e-01
1.745272339877699530e-01 1.833691737691302281e-01 1.893050017932646767e-01 1.833691736499454827e-01
2.034150325897988720e-01 2.044724900819447910e-01 2.045532978967914417e-01 2.044724899753173897e-01
2.118761344156830928e-01 2.108614716094504293e-01 2.103415326982369660e-01 2.108614715081208457e-01
1.962333573580576918e-01 1.958235173920228334e-01 1.960562616146912795e-01 1.958235172887786146e-01
1.802096036317454297e-01 1.825006181864214927e-01 1.849410071426126345e-01 1.825006181176905551e-01
1.855562185588574831e-01 1.863075184906394510e-01 1.869456441042478823e-01 1.863075182619539638e-01
2.042361490754337761e-01 2.043188304545765221e-01 2.043376545409848477e-01 2.043188302977536897e-01
2.112030686672727031e-01 2.111483505276240125e-01 2.111060555441754694e-01 2.111483504973222791e-01
1.914563094477667038e-01 1.913067227456284602e-01 1.911724904496257538e-01 1.913067230173751965e-01
8.149066349058813052e-02 8.130683383305339906e-02 8.112222044970790469e-02 8.130683407407784946e-02
8.138153995200704538e-02 8.137190301163556294e-02 8.136167131329521962e-02 8.137190112384296015e-02
1.917419029489454141e-01 1.917590944319455815e-01 1.917762982573687769e-01 1.917590930889452039e-01
2.109358533458041418e-01 2.109404756157363947e-01 2.109453580316587307e-01 2.109404750515726235e-01
1.995001203685537183e-01 1.995076103391015543e-01 1.995152838129867212e-01 1.995076102629005921e-01
1.346299636948556921e-01 1.346379476292161870e-01 1.346459646534574617e-01 1.346379544695468777e-01
1.356308173213728041e-01 1.356103168997196962e-01 1.355898114775157537e-01 1.356103451584425301e-01
2.002350375522016501e-01 2.002249273655570261e-01 2.002148098209529936e-01 2.002249392542238549e-01
2.118568024284592510e-01 2.118569448378001818e-01 2.118570938066663412e-01 2.118569447764623304e-01
1.996700503227714363e-01 1.996733258910970421e-01 1.996766229276103477e-01 1.996733262543480270e-01
1.289497286906761409e-01 1.289495836554795660e-01 1.289494688765797370e-01 1.289496001172601158e-01
1.279768676241798409e-01 1.279488930852805684e-01 1.279209867658624711e-01 1.279489585483222502e-01
1.610009834139314311e-01 1.609876630197791259e-01 1.609743724547660904e-01 1.609876922665719468e-01
1.863306538897376019e-02 1.863213349348894626e-02 1.863120377232666339e-02 1.863213549851790510e-02
