2.795143441412051288e-02 2.795160516076804214e-02 2.795158342003597682e-02 2.795158341132781415e-02 2.795160515114475039e-02
1.714458117300355633e-01 1.714461802532868950e-01 1.714460443210169271e-01 1.714460442906179938e-01 1.714461801934491214e-01
2.005916036528098134e-01 2.005918072230260252e-01 2.005916738396090471e-01 2.005916738263519294e-01 2.005918071624412935e-01
2.002266410409603847e-01 2.002266978464862790e-01 2.002266695914002304e-01 2.002266695745654190e-01 2.002266977778260348e-01
2.000002089029374874e-01 2.000000138240798087e-01 2.000000019454471478e-01 2.000000019242709759e-01 2.000000137778438769e-01
1.998334950854480652e-01 1.998325531720778481e-01 1.998321359986049983e-01 1.998321360015666848e-01 1.998325531711868941e-01
1.999617903877491110e-01 1.999595500215153032e-01 1.999551820147686676e-01 1.999551820167702887e-01 1.999595500248716740e-01
2.000070806709529914e-01 2.000148396182688526e-01 2.000008990176153911e-01 2.000008990156944277e-01 2.000148396085137670e-01
1.999897372770894910e-01 2.000133415198754594e-01 2.000162742814000083e-01 2.000162742849045938e-01 2.000133415355948852e-01
2.003107667634151101e-01 2.000162064185241340e-01 2.000023882321052826e-01 2.000023882366001593e-01 2.000162064496541769e-01
2.021773807571330683e-01 2.005433022722021841e-01 2.000001116632929843e-01 2.000001116698135739e-01 2.005433022994765890e-01
2.090439778539250337e-01 2.064451584022717334e-01 2.004510665530865876e-01 2.004510665580585549e-01 2.064451584067506229e-01
1.899834592708245784e-01 2.200094596056947904e-01 2.033763441185436338e-01 2.033763441282945283e-01 2.200094595854499013e-01
3.753885549094568980e-02 1.962325817851920395e-01 2.216185757075425922e-01 2.216185757156856340e-01 1.962325817965646091e-01
1.899818312442088930e-01 2.200096941238106896e-01 2.033767610642998880e-01 2.033767610678461069e-01 2.200096941669226758e-01
2.090423676826244914e-01 2.064445264881345221e-01 2.004511541251606799e-01 2.004511541294315413e-01 2.064445265349215131e-01
2.021777200140268127e-01 2.005434904729438417e-01 2.000003204745471330e-01 2.000003204769194576e-01 2.005434904927681783e-01
2.003109701237074658e-01 2.000163383934878414e-01 2.000023968553356901e-01 2.000023968571104649e-01 2.000163384086172669e-01
1.999879741755417328e-01 2.000122196124715090e-01 2.000146709977604909e-01 2.000146709981148185e-01 2.000122196238039440e-01
1.999617431954215097e-01 1.999715637604678187e-01 1.999576826288836096e-01 1.999576826299533372e-01 1.999715637683411318e-01
1.998375966493764477e-01 1.998363454834982122e-01 1.998327017588029664e-01 1.998327017609391743e-01 1.998363454924616811e-01
2.000015091780925347e-01 2.000003919082796455e-01 2.000000002702549684e-01 2.000000002725897397e-01 2.000003919191111479e-01
2.002270559771272829e-01 2.002267884581915014e-01 2.002266541349322360e-01 2.002266541366435060e-01 2.002267884676610377e-01
2.005917458342726389e-01 2.005924638606130794e-01 2.005919716379465090e-01 2.005919716406078523e-01 2.005924638668421800e-01
1.714497264608516036e-01 1.714520781238463298e-01 1.714521452949169522e-01 1.714521452955424241e-01 1.714520781218243917e-01
2.796642400749317289e-02 2.796769758900231537e-02 2.796824075250951142e-02 2.796824075149112118e-02 2.796769758553039817e-02
