1.744070079243582871e-01 1.744080142414633217e-01 1.744078449980867862e-01 1.744078256101201929e-01 1.744079496479211677e-01
2.213452227373484404e-01 2.213475020011619609e-01 2.213466712968885641e-01 2.213466710139293248e-01 2.213474117958335319e-01
2.037784072383748146e-01 2.037795981468803752e-01 2.037789295687480740e-01 2.037789534014240733e-01 2.037795862138475911e-01
2.004179042690162060e-01 2.004178428231974951e-01 2.004175517832541276e-01 2.004175712950334309e-01 2.004178158428883416e-01
2.000120442118297204e-01 2.000115919862114067e-01 2.000111631567257353e-01 2.000111909882846539e-01 2.000115874229615731e-01
2.000203585571145304e-01 2.000224382497120812e-01 2.000217827618874511e-01 2.000216650068532276e-01 2.000222910458205050e-01
1.999986732670283873e-01 2.000113704606095721e-01 2.000168362738053429e-01 2.000166776824219006e-01 2.000111367290126063e-01
1.999204076929572138e-01 1.999393290001487133e-01 1.999772709256152636e-01 1.999757389150285114e-01 1.999384907186568250e-01
1.999998892496453184e-01 1.998980795227822405e-01 1.998953183967069613e-01 1.998929215926515957e-01 1.998979997848924217e-01
2.001228620916996048e-01 1.999536463656181595e-01 1.998600411762113394e-01 1.998594304049537695e-01 1.999510082301642622e-01
1.987014008653552044e-01 1.997517909790853807e-01 1.996199037692297507e-01 1.996180885268811211e-01 1.997502870151236509e-01
1.832707921702870779e-01 1.941464271887940185e-01 1.984018881641843590e-01 1.983998191424384550e-01 1.941498299041110320e-01
1.019738542077993082e-01 1.529143784571574405e-01 1.932447661873428757e-01 1.932451378321669300e-01 1.529150955691954972e-01
6.122430268638283813e-04 8.379051947321568272e-02 1.537079343611306159e-01 1.537080220351148829e-01 8.379074083260373840e-02
1.028570067760888052e-01 1.537768214466158079e-01 1.937949740695701639e-01 1.937949673439485487e-01 1.537769447518238797e-01
1.832567797651914743e-01 1.943932092690737190e-01 1.989981523141468867e-01 1.989981425377652380e-01 1.943932277142966791e-01
1.985882082120507541e-01 1.997703178884812913e-01 1.998364110168471264e-01 1.998364090568956475e-01 1.997703181255247318e-01
2.000929043962448584e-01 1.999610322093290371e-01 1.999478029079270192e-01 1.999478019151866015e-01 1.999610318970776457e-01
1.999844492481841485e-01 1.998995598904345916e-01 1.999258854776411187e-01 1.999258851408335369e-01 1.998995617560796190e-01
1.998738840631170688e-01 1.998989620045710791e-01 1.999477569152408041e-01 1.999477575550377417e-01 1.998989654916406011e-01
1.998146191776130898e-01 1.998271753604508039e-01 1.998351141790295493e-01 1.998351140994665542e-01 1.998271766963178320e-01
2.000017315017416364e-01 2.000038012638332141e-01 2.000039379532700112e-01 2.000039378318961003e-01 2.000038011989789533e-01
2.002299742304828878e-01 2.002299497007205276e-01 2.002298784060680681e-01 2.002298783792037518e-01 2.002299496231893239e-01
2.005942277574864763e-01 2.005940873107289191e-01 2.005941241239616035e-01 2.005941241246001761e-01 2.005940873066229813e-01
1.714477797658625347e-01 1.714477475391158190e-01 1.714478276802384182e-01 1.714478276854448369e-01 1.714477475400982276e-01
2.795137519163354983e-02 2.795135555037382702e-02 2.795135933992397639e-02 2.795135934603908134e-02 2.795135555380785786e-02
