1.885370655512496885e-01 1.885484815860217767e-01 1.885373862704947945e-01 1.885187898267462747e-01 1.885173115062048765e-01
2.622432542026816860e-01 2.622905566896577834e-01 2.622399272545793414e-01 2.621593585506331592e-01 2.621577026053056314e-01
2.925553471802781469e-01 2.926883252523503898e-01 2.925023969649730438e-01 2.922416558722985558e-01 2.922586993315476334e-01
2.452878040249114600e-01 2.453954707667812263e-01 2.451966865997208533e-01 2.449320639267663080e-01 2.449362938242224674e-01
2.238974248224715469e-01 2.238802674423993333e-01 2.238008129929798806e-01 2.237104141921500422e-01 2.237064603427434406e-01
2.438843451494356607e-01 2.438560216745471465e-01 2.437461317442910225e-01 2.436958693839870738e-01 2.437138023632575146e-01
2.931043955114163713e-01 2.933339864818900744e-01 2.929698771492280640e-01 2.925578487542487838e-01 2.926456091784528368e-01
2.508795732376459253e-01 2.513518326476330556e-01 2.511044882416660906e-01 2.505623598499816529e-01 2.504210456260910211e-01
2.488902728422336119e-01 2.500291520228211661e-01 2.506133426789561303e-01 2.499260841988402426e-01 2.488800320563279711e-01
2.947663567629678627e-01 2.973531367393600355e-01 2.990696936358293034e-01 2.978412096643087703e-01 2.953380495925767013e-01
2.404316550516619189e-01 2.423232645514102057e-01 2.424480693332378978e-01 2.416328423554482685e-01 2.408974741054366042e-01
2.224529231565183507e-01 2.211868512207237625e-01 2.182655479751452743e-01 2.180789371364786622e-01 2.208686657533788511e-01
2.576913574735018586e-01 2.334265328300798581e-01 2.235063025449087193e-01 2.234513067344041926e-01 2.333663029533788180e-01
4.715522945796088994e-01 2.813175000340921161e-01 2.461764542916690113e-01 2.461575272710447848e-01 2.813030475437371947e-01
2.634917167264916316e-01 2.363537024820870358e-01 2.241813479119798558e-01 2.241725365369175715e-01 2.363249774806078229e-01
2.152153102821064701e-01 2.124860613613220039e-01 2.093029342422288719e-01 2.092845994888880568e-01 2.124457573206370298e-01
2.040464664803662842e-01 2.035796123771766997e-01 2.026336932035175398e-01 2.026328296359934389e-01 2.035770485640929772e-01
2.008325421260393484e-01 2.007823334662472425e-01 2.007478957023170474e-01 2.007518217206447630e-01 2.007815317799243882e-01
2.000535037527856608e-01 2.000676276319736935e-01 2.001400978137319875e-01 2.001423959863940227e-01 2.000652367401090370e-01
1.997336258962798816e-01 1.997494683355023892e-01 1.997913739917547837e-01 1.997927595308017779e-01 1.997497720958703593e-01
1.996746354624871211e-01 1.996831331122822517e-01 1.996974646648435325e-01 1.996981826307919761e-01 1.996825438101489103e-01
1.998294939998462028e-01 1.998319096959293162e-01 1.998361268121360002e-01 1.998370242476989744e-01 1.998326501964134139e-01
2.004600427830953158e-01 2.004606783190191477e-01 2.004624688090166085e-01 2.004623286259650805e-01 2.004609897640494964e-01
2.039495136465288017e-01 2.039496302052226928e-01 2.039502825866106039e-01 2.039503237732918917e-01 2.039498288987971197e-01
2.215046941179880657e-01 2.215047276246405739e-01 2.215049800256432277e-01 2.215050229511052737e-01 2.215048497275092509e-01
1.744192509941138169e-01 1.744192542685939484e-01 1.744193480222151482e-01 1.744193848273039582e-01 1.744193230683212803e-01
