3.089515920332310504e-03 3.093624422066116111e-03 3.094847007293330832e-03 3.094847005421987474e-03 3.093624416974857967e-03
4.010212785217087683e-02 4.014286755693925041e-02 4.015691831635401221e-02 4.015691834802299909e-02 4.014286758595716348e-02
1.701253948788463977e-01 1.701912231709105106e-01 1.701902175650849003e-01 1.701902175572704012e-01 1.701912228824951356e-01
1.987296220010179026e-01 1.987563232919722644e-01 1.987453276107976619e-01 1.987453277247851202e-01 1.987563228219415834e-01
1.999970001399235531e-01 1.999973792714882792e-01 1.999984348653865984e-01 1.999984349492009150e-01 1.999973790543041752e-01
1.983501711176111071e-01 1.983477584182617992e-01 1.983530375111556832e-01 1.983530375734905982e-01 1.983477584733787658e-01
1.920925920015554011e-01 1.921320655168484437e-01 1.921478731967447007e-01 1.921478733865083499e-01 1.921320658095705958e-01
1.981212721206679628e-01 1.981974565458250737e-01 1.981984629720036639e-01 1.981984630225039623e-01 1.981974563084258900e-01
1.998520567062311570e-01 1.999014121766632124e-01 1.999079401239108045e-01 1.999079402325497912e-01 1.999014115578532647e-01
1.999525399064672748e-01 1.999510873361263208e-01 1.999704998762663055e-01 1.999704999108322390e-01 1.999510870065804580e-01
1.999947033276943398e-01 1.999113750766788877e-01 1.999060949606153437e-01 1.999060950333666209e-01 1.999113751637987546e-01
1.999240935571641453e-01 1.997731192344572582e-01 1.995554551685098377e-01 1.995554553780230778e-01 1.997731195702363016e-01
1.996910136586350359e-01 2.008979471787573634e-01 2.000445208551077658e-01 2.000445209185823248e-01 2.008979469040493571e-01
1.891555117494055083e-01 2.000171223524402353e-01 2.009708513411469777e-01 2.009708513056931989e-01 2.000171213323681529e-01
1.989316777659191071e-01 2.002253451856129962e-01 1.996438588611968712e-01 1.996438587417487809e-01 2.002253445137726628e-01
2.002543173917090968e-01 2.000886117429129529e-01 1.999095731838152479e-01 1.999095731688920186e-01 2.000886117269448927e-01
2.000618734777850349e-01 1.999877696265736637e-01 1.999728310504016171e-01 1.999728311454236906e-01 1.999877698027197614e-01
1.998643697036617539e-01 1.999151153018244864e-01 1.999161233371250512e-01 1.999161235218887278e-01 1.999151152421881628e-01
1.978465280034426843e-01 1.981103059467546335e-01 1.983274835790779789e-01 1.983274837025146009e-01 1.981103053354244525e-01
1.916748530554482632e-01 1.919005522416978859e-01 1.921691945658651757e-01 1.921691944553532427e-01 1.919005517087432888e-01
1.982694723640607837e-01 1.983008096210936155e-01 1.983507829444553228e-01 1.983507829066981920e-01 1.983008095854181252e-01
1.999986535537214005e-01 1.999983800740742779e-01 1.999985605899113339e-01 1.999985606446537667e-01 1.999983801994135169e-01
1.987139588552333802e-01 1.987673528906375442e-01 1.987663428915415198e-01 1.987663430499929107e-01 1.987673528442920612e-01
1.700390356810479453e-01 1.702881307869789917e-01 1.704989480593389617e-01 1.704989481683277242e-01 1.702881302276870457e-01
4.049373550277936967e-02 4.069664991596479847e-02 4.093243668410157660e-02 4.093243662325840582e-02 4.069664945983913346e-02
3.185544629446868548e-03 3.203662750677072936e-03 3.224119806873840862e-03 3.224119801961811745e-03 3.203662708744717778e-03
