1.774981942475374053e-01 1.775119891792048266e-01 1.774827932605094749e-01 1.774509671823238932e-01 1.774603387173227798e-01
2.331850831194513529e-01 2.332427870372438816e-01 2.331208304437680789e-01 2.329877395136681073e-01 2.330270806950510143e-01
2.445052054914772510e-01 2.446875514952632225e-01 2.443023569121751115e-01 2.438818826831540831e-01 2.440062432431829575e-01
2.888603039394211924e-01 2.894984331899790320e-01 2.881489904495246890e-01 2.866771400749841270e-01 2.871107671658904570e-01
2.419932684417050450e-01 2.426386762703794109e-01 2.412643779985568226e-01 2.397704222143182962e-01 2.402090937764062017e-01
2.121348829725185903e-01 2.123270903649622510e-01 2.119087584453893669e-01 2.114585914729494309e-01 2.115922088415039537e-01
2.029357841318283895e-01 2.029967750196683407e-01 2.028567204922842038e-01 2.027089378262678376e-01 2.027563476169774170e-01
2.007171366213059416e-01 2.007246592551293618e-01 2.006710428717375372e-01 2.006222891163412236e-01 2.006462533854221075e-01
2.005498594314465144e-01 2.004969713444159918e-01 2.004338798115108400e-01 2.004122194244712107e-01 2.004628025456533236e-01
2.007902699171713323e-01 2.006367867910238134e-01 2.004298585362779550e-01 2.004212490773526756e-01 2.006227430158136760e-01
2.030388483412066125e-01 2.026798547295691477e-01 2.017713106065586182e-01 2.017713723701315964e-01 2.026763209454099379e-01
2.111696804419106455e-01 2.099109394414865326e-01 2.078351965541519464e-01 2.078253129583023384e-01 2.098917130047940338e-01
2.513677451376711836e-01 2.303479357951434825e-01 2.241505114072771532e-01 2.241420838215717193e-01 2.303285185614477593e-01
4.631793790450239312e-01 2.802606572997926038e-01 2.520082464034724135e-01 2.519808310680130004e-01 2.802025424004456200e-01
2.557073226986993908e-01 2.339147278433482413e-01 2.266815309896706432e-01 2.266834362188142882e-01 2.339092413929143022e-01
2.126559110624116622e-01 2.116450044613926718e-01 2.098534440415086855e-01 2.098661753999563340e-01 2.116805716605174303e-01
2.033251858836435944e-01 2.032210386884328035e-01 2.026028578252266621e-01 2.026048130756725185e-01 2.032264780276038518e-01
2.006064295110440154e-01 2.006064873298600004e-01 2.006088138989227942e-01 2.006095202703082336e-01 2.006079204010801087e-01
2.000606206662629283e-01 2.000671185062999624e-01 2.001219043545469645e-01 2.001205106841645320e-01 2.000654508860277014e-01
1.999436793843131777e-01 1.999527545371287129e-01 1.999803566455690407e-01 1.999804004567371507e-01 1.999530408139704452e-01
1.999232739697509031e-01 1.999280225655011844e-01 1.999366738673097055e-01 1.999366933003855484e-01 1.999281454101743960e-01
1.999335656229132563e-01 1.999349251700349717e-01 1.999372074174731728e-01 1.999371992066135140e-01 1.999349115499018670e-01
2.003913098924728631e-01 2.003916678743228597e-01 2.003923583598393454e-01 2.003923666377720736e-01 2.003916466888469861e-01
2.038157680813874884e-01 2.038158476702269239e-01 2.038160163972630168e-01 2.038160043006023991e-01 2.038158148719545204e-01
2.214191639290792601e-01 2.214191888759950710e-01 2.214192205940602454e-01 2.214192097076905785e-01 2.214191710635359245e-01
1.744592561931065655e-01 1.744592589872698829e-01 1.744592474600778487e-01 1.744592378688943068e-01 1.744592434450704665e-01
