9.208512158375153911e-01 1.693563275487654507e-01 3.056418530352261187e-01 1.693563275382649336e-01
1.756648394796150869e-01 2.720206780609158437e-01 2.700252200368116196e-01 2.720206780345909015e-01
2.174600756095673437e-01 2.411242517977235933e-01 1.992618539215595674e-01 2.411242517613357561e-01
2.048003690183246295e-01 1.977586279540435032e-01 1.911031671379447294e-01 1.977586279279523185e-01
2.123799143005115908e-01 2.046319944440559147e-01 2.045934767983189628e-01 2.046319944366782329e-01
2.127117908537309865e-01 2.124109344855549253e-01 2.129948074622729781e-01 2.124109344707137692e-01
2.046311937453095531e-01 2.050155844435587738e-01 2.048219794100328006e-01 2.050155844246223102e-01
1.895353325531900501e-01 1.896182203379931930e-01 1.894092664492661726e-01 1.896182203178365666e-01
1.894561080478144588e-01 1.894123652715967443e-01 1.893788856309458757e-01 1.894123652654608192e-01
2.046343546892764598e-01 2.045954479803910875e-01 2.045946830868290434e-01 2.045954479867548303e-01
2.120737067144359833e-01 2.120719012608457965e-01 2.120740109526330353e-01 2.120719012657515112e-01
2.045947605875620134e-01 2.045965454149062945e-01 2.045954031756492819e-01 2.045965454189839494e-01
1.893710529285118349e-01 1.893715256896413290e-01 1.893705746431507686e-01 1.893715256919805967e-01
1.893708025626096303e-01 1.893705677385301989e-01 1.893703939951049409e-01 1.893705677448415114e-01
2.045948707278211487e-01 2.045946737693307982e-01 2.045946652100185115e-01 2.045946737759238021e-01
2.120700711708342900e-01 2.120700591257701495e-01 2.120700655628101616e-01 2.120700591274024827e-01
2.045946479893683834e-01 2.045946563793806239e-01 2.045946501859767785e-01 2.045946563746001423e-01
1.893706838434927042e-01 1.893706865423286090e-01 1.893706822912232524e-01 1.893706865373416259e-01
1.893732730752981930e-01 1.893732718226771583e-01 1.893732709032814876e-01 1.893732718222931877e-01
2.046133999246514124e-01 2.046133989376558437e-01 2.046133988616442578e-01 2.046133989453648994e-01
2.120927782773685266e-01 2.120927782126167671e-01 2.120927782273129281e-01 2.120927782207870926e-01
2.045926925356584269e-01 2.045926925764519622e-01 2.045926925424068066e-01 2.045926925709081190e-01
1.898398872257862635e-01 1.898398872369695678e-01 1.898398872247984148e-01 1.898398872519085068e-01
1.935637614408414475e-01 1.935637614409628227e-01 1.935637614358453051e-01 1.935637614603477052e-01
2.289430473382186859e-01 2.289430473425876633e-01 2.289430473542707623e-01 2.289430473728979454e-01
2.019807805979366433e-01 2.019807806014116691e-01 2.019807806109258919e-01 2.019807806163538555e-01
