2.764084725021830335e-01 2.018515661252084370e-01 1.901790536346490701e-01 2.018515015043801930e-01
2.516472075373650807e-01 2.463541796528080086e-01 2.523643175723101484e-01 2.463539359765871961e-01
2.800906794471080818e-01 2.809236952483353256e-01 2.810545099048488149e-01 2.809231488240808705e-01
2.799239976528975493e-01 2.798136041375724470e-01 2.793820876762539429e-01 2.798121666385915973e-01
2.316860916575082252e-01 2.316141193317317604e-01 2.315118753507408034e-01 2.316133465554995052e-01
2.184914847428276741e-01 2.184893876952285208e-01 2.184761053658645924e-01 2.184892461612133185e-01
2.060572276991678164e-01 2.060588904929539222e-01 2.060545132316183858e-01 2.060585423204006339e-01
1.903890696241321290e-01 1.903871301918252101e-01 1.903808187561299992e-01 1.903869201408733558e-01
1.902298212558169999e-01 1.902248857451681319e-01 1.902187224741115346e-01 1.902254040615964648e-01
2.048609196485731976e-01 2.048590648363003142e-01 2.048576874941464288e-01 2.048590902523241275e-01
2.122199665599674434e-01 2.122196653206059880e-01 2.122180146793959943e-01 2.122185340827992539e-01
2.047698152539384475e-01 2.047702140344294652e-01 2.047709373940324040e-01 2.047725548147487085e-01
1.894424149245572397e-01 1.894420104889689149e-01 1.894412057162282448e-01 1.894417048501296219e-01
1.892108960031954057e-01 1.892097698775053460e-01 1.892101991449944287e-01 1.892099876094004429e-01
2.045476718113866110e-01 2.045481520387638086e-01 2.045480807981928661e-01 2.045477587669380370e-01
2.121751938356979117e-01 2.121750184746590273e-01 2.121747354093515281e-01 2.121750283852979757e-01
2.044961123547761050e-01 2.044957424367293275e-01 2.044959051186050203e-01 2.044962784518207510e-01
1.889446404168431404e-01 1.889445825799266343e-01 1.889448498591294323e-01 1.889449493318642315e-01
1.892500296228610823e-01 1.892496979464570739e-01 1.892499053092731587e-01 1.892502353802884840e-01
2.048096634270214211e-01 2.048096386838469396e-01 2.048096659337629577e-01 2.048096286926787690e-01
2.122426286137230056e-01 2.122426336782881617e-01 2.122426168299598181e-01 2.122425746023169912e-01
2.046195792760701349e-01 2.046195893273700106e-01 2.046195787408474076e-01 2.046195952760685166e-01
1.898316193277892472e-01 1.898316214777468758e-01 1.898316199913293589e-01 1.898316192951972903e-01
1.936189694007272588e-01 1.936189692865446232e-01 1.936189696911790326e-01 1.936189693739961692e-01
2.289863598764616814e-01 2.289863597219150282e-01 2.289863597267609574e-01 2.289863599006469186e-01
2.019819654444290069e-01 2.019819653651031555e-01 2.019819653563918183e-01 2.019819654780012075e-01
