3.531868730396858780e-01 1.840198587924663787e-01 1.597963310192236364e-01 1.840198588777076094e-01
2.231139065895604845e-01 2.131081183482840535e-01 2.227628915097025486e-01 2.131081182390472950e-01
1.927578241829032979e-01 1.991382249526310044e-01 2.027134148321436402e-01 1.991382244034454740e-01
1.956877524400001678e-01 1.960325647225962808e-01 1.962909760888350841e-01 1.960325640832157879e-01
2.098724597094130950e-01 2.088005309929923947e-01 2.085413938021600522e-01 2.088005304166366816e-01
2.151383189510529537e-01 2.145845459051563819e-01 2.139597161199098263e-01 2.145845457254173527e-01
2.146992573894820622e-01 2.147826850071934690e-01 2.137949683144472479e-01 2.147826850787317166e-01
2.095048905615850554e-01 2.105651390752105445e-01 2.109460055089166508e-01 2.105651387846863287e-01
2.092114109612064898e-01 2.089418922750654606e-01 2.089807121886100572e-01 2.089418919830612897e-01
2.161581498638687759e-01 2.157008787739398692e-01 2.155001460820372139e-01 2.157008784531739831e-01
2.167129808620066600e-01 2.165091993286508143e-01 2.162702308317726863e-01 2.165091991543872663e-01
2.182558593625528731e-01 2.182136102125938892e-01 2.179420342293932056e-01 2.182136102462184646e-01
2.150968751055647443e-01 2.153967337599670129e-01 2.155635623207022844e-01 2.153967337841080354e-01
2.155478051126528127e-01 2.154756598199790985e-01 2.154698609309556590e-01 2.154756599986887566e-01
2.181540155962440886e-01 2.180242263647872158e-01 2.179446170648191849e-01 2.180242262988993651e-01
2.163753205597090945e-01 2.163157342895762336e-01 2.162494155948612717e-01 2.163157342591353338e-01
2.149287666681146958e-01 2.149071841360662427e-01 2.148495289153947163e-01 2.149071840590409677e-01
2.071026874110607208e-01 2.071688466254322514e-01 2.072153606610068755e-01 2.071688462860467594e-01
2.086732387551640810e-01 2.086577430598331728e-01 2.086525380118670892e-01 2.086577434017734267e-01
2.135665672748192356e-01 2.135385104623262753e-01 2.135176418039374246e-01 2.135385101761881066e-01
2.142137292466689824e-01 2.142016981363920047e-01 2.141887651645151824e-01 2.142016979936799681e-01
2.080546826509593605e-01 2.080503476398702645e-01 2.080423619721992468e-01 2.080503472523389241e-01
1.946021396566551542e-01 1.946116750934558104e-01 1.946195186667125931e-01 1.946116748589946099e-01
1.996736891904043742e-01 1.996704491397518766e-01 1.996679605930738177e-01 1.996704504099949817e-01
2.311720830934896886e-01 2.311690503646486317e-01 2.311662230234352577e-01 2.311690502557808002e-01
2.021812153649134858e-01 2.021806051006851679e-01 2.021799031226977073e-01 2.021806051672619398e-01
