1.775283788347444547e-01 1.775525499366110982e-01 1.775216960249486053e-01 1.774788150187317226e-01 1.774830637893891894e-01
2.334337414074034445e-01 2.335317273681699335e-01 2.334034892067952949e-01 2.332250695383965289e-01 2.332440162756319879e-01
2.450520962370687783e-01 2.454016185478664902e-01 2.449543793572631634e-01 2.443302671382504287e-01 2.443884045101529234e-01
2.875015208727786375e-01 2.880033316760989837e-01 2.871925295944892653e-01 2.862029338754074614e-01 2.863757268714292037e-01
2.418624104311951073e-01 2.421366110518654580e-01 2.415455723947097511e-01 2.409147602276250633e-01 2.410776262847265650e-01
2.121911710353693858e-01 2.122580795975817503e-01 2.120846099177736144e-01 2.119072779205418144e-01 2.119632359136412736e-01
2.029079851558917846e-01 2.029185849492786409e-01 2.028594026516312432e-01 2.028062917996388270e-01 2.028452497937725252e-01
2.006780199033388890e-01 2.006490546367641348e-01 2.005972069897200283e-01 2.005826523491877900e-01 2.006316904742355411e-01
2.004933778324564930e-01 2.003933307691413146e-01 2.002942116846337939e-01 2.002900648512812576e-01 2.003831649008135096e-01
2.008884699083975378e-01 2.006340218197978087e-01 2.003698989333305147e-01 2.003688378969564476e-01 2.006309303545719402e-01
2.033089371579801796e-01 2.026570312841111943e-01 2.016787435045347687e-01 2.016781977394396519e-01 2.026578020543308434e-01
2.124841929707122212e-01 2.102684636987517952e-01 2.075304817506719857e-01 2.075389868931406812e-01 2.102820642437245313e-01
2.497315626758613294e-01 2.332443498349517919e-01 2.242823741002064886e-01 2.243067704060708878e-01 2.332799160651889414e-01
3.781586048498583041e-01 2.808278932303803765e-01 2.539897273192427418e-01 2.539963938456762382e-01 2.808402404301951205e-01
2.658254127434225844e-01 2.448192282284846755e-01 2.310070517325019113e-01 2.309939108723396695e-01 2.447884480648032379e-01
2.201587465453088699e-01 2.164953836368744555e-01 2.124277593501056327e-01 2.124258310200070055e-01 2.164758970681978922e-01
2.054293739142755149e-01 2.047243611569370958e-01 2.036929958472861735e-01 2.036913665524455741e-01 2.047239081849032416e-01
2.011998674341699822e-01 2.010979137331853905e-01 2.010369607961678129e-01 2.010375385906814361e-01 2.011025851643637730e-01
2.002447899796951925e-01 2.002433108654946003e-01 2.003027783990951050e-01 2.003038402893766168e-01 2.002462835121286977e-01
1.999274113465522584e-01 1.999335407412935472e-01 1.999685979948397641e-01 1.999693350570579953e-01 1.999353122666873983e-01
1.998019760675397161e-01 1.998074119954148797e-01 1.998228819415610036e-01 1.998232935863284154e-01 1.998082853408997550e-01
1.998200789753281359e-01 1.998224685432105630e-01 1.998274314784160566e-01 1.998276563362311742e-01 1.998228505363202345e-01
2.003642660609135928e-01 2.003649392174811361e-01 2.003665382788651084e-01 2.003666381697336296e-01 2.003651384518365108e-01
2.038688798953326164e-01 2.038690694047331775e-01 2.038695696087275411e-01 2.038695858958774476e-01 2.038691210073969584e-01
2.214828085167002136e-01 2.214828679531407052e-01 2.214829954529917988e-01 2.214830319329434694e-01 2.214829140301690924e-01
1.744571037565463001e-01 1.744571102009723207e-01 1.744571404032760897e-01 1.744571661307982302e-01 1.744571471754958747e-01
