2.139570091329033030e-01 2.010998676085296033e-01 1.985657659737184721e-01 2.010998676058552981e-01
2.310197512145536758e-01 2.296935699332678937e-01 2.305994007299261850e-01 2.296935699281287824e-01
1.994868079401686256e-01 1.998712349957658951e-01 2.002416402823400943e-01 1.998712349654460652e-01
1.949336794298289210e-01 1.950073950409297596e-01 1.950300458395614611e-01 1.950073950119478317e-01
2.083521587270327213e-01 2.083236554934494722e-01 2.083130423396253317e-01 2.083236554920336603e-01
2.143736729713541234e-01 2.143497624690476611e-01 2.143220515976594909e-01 2.143497624662852319e-01
2.141114405497389628e-01 2.141145491323339090e-01 2.140732309702984837e-01 2.141145491311715610e-01
2.097801069474075630e-01 2.098245711386108880e-01 2.098415440771064511e-01 2.098245711267824332e-01
2.083005848619573497e-01 2.082890040184056935e-01 2.082910090535884662e-01 2.082890040043068325e-01
2.155054258080250362e-01 2.154861965370789556e-01 2.154776050172243496e-01 2.154861965424014203e-01
2.165064322915226935e-01 2.164977670292949907e-01 2.164873744696285685e-01 2.164977670345177574e-01
2.184487695317931799e-01 2.184469020777938530e-01 2.184350787120346027e-01 2.184469020877546630e-01
2.161177305083371580e-01 2.161307663810937141e-01 2.161381191260141332e-01 2.161307663895055686e-01
2.161374782894595059e-01 2.161343212173866268e-01 2.161341024748006656e-01 2.161343212199377806e-01
2.184442741351082240e-01 2.184386106628082025e-01 2.184351146709810343e-01 2.184386106669071459e-01
2.164918941328774493e-01 2.164892765919941009e-01 2.164863453939948057e-01 2.164892765991256185e-01
2.154523025850206830e-01 2.154513384934817755e-01 2.154487825059015760e-01 2.154513385045572771e-01
2.082088202084286244e-01 2.082117554744666310e-01 2.082138311887024307e-01 2.082117554866225184e-01
2.097429458186194084e-01 2.097422585135558515e-01 2.097420305057718926e-01 2.097422585232016079e-01
2.140630148083460249e-01 2.140617670587237342e-01 2.140608358561973401e-01 2.140617670534959438e-01
2.143352878772025183e-01 2.143347507232812310e-01 2.143341720849542831e-01 2.143347507263005380e-01
2.082918083171685364e-01 2.082916129571311115e-01 2.082912549575095806e-01 2.082916129668502814e-01
1.949623410028785975e-01 1.949627691613596836e-01 1.949631224195725598e-01 1.949627691724097334e-01
2.001099907457727090e-01 2.001098452573462083e-01 2.001097335286981249e-01 2.001098452684764439e-01
2.313309566415789886e-01 2.313308203154999798e-01 2.313306931488479934e-01 2.313308203109818995e-01
2.021951914940443018e-01 2.021951640400235783e-01 2.021951324568040942e-01 2.021951640399431427e-01
