2.764060089287355138e-01 2.018883890025759964e-01 1.902265492492587751e-01 2.018878737229881370e-01
2.518539529035242475e-01 2.466689327518498953e-01 2.527236533308635513e-01 2.466670359698928394e-01
2.803430136564171726e-01 2.814014253197456017e-01 2.817124228204122005e-01 2.813951114813202370e-01
2.801778737390847596e-01 2.802709237906973461e-01 2.800195865919807292e-01 2.802465265121682481e-01
2.319156521532144966e-01 2.319179854424411602e-01 2.318825026868607808e-01 2.319076007136467166e-01
2.184622731387199646e-01 2.184818350870289250e-01 2.184862587203188766e-01 2.184790148482032290e-01
2.058887985169603752e-01 2.058974507339987325e-01 2.058990478465338170e-01 2.058953492186338663e-01
1.898427931817714409e-01 1.898451255441395424e-01 1.898427268023345493e-01 1.898445349665758841e-01
1.897006484827693795e-01 1.897008429735057289e-01 1.896988096551809888e-01 1.897004357951894149e-01
2.047074890249269419e-01 2.047102818790568213e-01 2.047100466658044182e-01 2.047154375706512486e-01
2.121832716162657395e-01 2.121871940169744453e-01 2.121871528242326999e-01 2.121899813037579907e-01
2.047481697891087304e-01 2.047528935333584599e-01 2.047459385681902333e-01 2.047610354826268630e-01
1.893862191539081030e-01 1.893902070748625655e-01 1.893897007345731187e-01 1.894048274694835055e-01
1.891594186119217313e-01 1.891604347619414428e-01 1.891678606701578114e-01 1.891760139347387903e-01
2.045474153952917540e-01 2.045486286935584985e-01 2.045535305609044729e-01 2.045566076496564689e-01
2.121851116336666287e-01 2.121853004643650953e-01 2.121850864689792671e-01 2.121867647635546639e-01
2.044878712456788261e-01 2.044881451430073660e-01 2.044875167422039453e-01 2.044876229152854663e-01
1.889071883353345138e-01 1.889073637143925399e-01 1.889071827701006567e-01 1.889070500245762507e-01
1.892384459384226503e-01 1.892384924469564522e-01 1.892384815965635902e-01 1.892384455022276535e-01
2.048245359421662359e-01 2.048245373108186773e-01 2.048245522671302554e-01 2.048245506093168689e-01
2.122537699990016957e-01 2.122537685605415392e-01 2.122537727321124612e-01 2.122537765404595711e-01
2.046222221947258668e-01 2.046222221391447160e-01 2.046222235715013105e-01 2.046222261676897969e-01
1.898323265777914770e-01 1.898323274433838248e-01 1.898323272951541463e-01 1.898323282936441314e-01
1.936227835082016679e-01 1.936227843229619827e-01 1.936227845224464950e-01 1.936227850763193037e-01
2.289888171008792606e-01 2.289888173516970160e-01 2.289888174733934190e-01 2.289888179349546249e-01
2.019818329521899103e-01 2.019818329513658195e-01 2.019818330075045798e-01 2.019818331828569513e-01
