1.744445837051672166e-01 1.744445836940369532e-01 1.744445836963425256e-01 1.744445836942479788e-01 1.744445836855626486e-01
2.213497865741912152e-01 2.213497865397451858e-01 2.213497865412097643e-01 2.213497865300719236e-01 2.213497864970180029e-01
2.037680875016610327e-01 2.037680874540726272e-01 2.037680874451324453e-01 2.037680874212269289e-01 2.037680873816021809e-01
2.004065845377536459e-01 2.004065844912044092e-01 2.004065844774438332e-01 2.004065844522991968e-01 2.004065844257765516e-01
1.999999999803154238e-01 1.999999999569688769e-01 1.999999999416240681e-01 1.999999999266013073e-01 1.999999999192959010e-01
2.000120598341473821e-01 2.000120598264685801e-01 2.000120598129683236e-01 2.000120598041456033e-01 2.000120597993989280e-01
2.000161648602629405e-01 2.000161648452093988e-01 2.000161648399844394e-01 2.000161648346811261e-01 2.000161648237152867e-01
2.000024430471576409e-01 2.000024430378133100e-01 2.000024430376675100e-01 2.000024430336653225e-01 2.000024430276828580e-01
2.000002607981316571e-01 2.000002607960807699e-01 2.000002608019499084e-01 2.000002607962306500e-01 2.000002608037428353e-01
1.999999999769892789e-01 1.999999999847792698e-01 1.999999999924019223e-01 1.999999999872679179e-01 2.000000000023873514e-01
2.000000138925496773e-01 2.000000138962855778e-01 2.000000139074217531e-01 2.000000139038115299e-01 2.000000139182290249e-01
2.000000134651892525e-01 2.000000134622950954e-01 2.000000134720777423e-01 2.000000134665751439e-01 2.000000134786237005e-01
2.000000021261330863e-01 2.000000021260648075e-01 2.000000021393699146e-01 2.000000021325526733e-01 2.000000021437627062e-01
2.000000021264122796e-01 2.000000021300148700e-01 2.000000021417634166e-01 2.000000021347382029e-01 2.000000021461292021e-01
2.000000134708119770e-01 2.000000134741387880e-01 2.000000134863839651e-01 2.000000134820493214e-01 2.000000134912984784e-01
2.000000139170685087e-01 2.000000139201837113e-01 2.000000139278391431e-01 2.000000139205202476e-01 2.000000139275087130e-01
2.000000000106239573e-01 2.000000000127828970e-01 2.000000000152725721e-01 2.000000000055900118e-01 2.000000000107489129e-01
2.000002608179995978e-01 2.000002608196716769e-01 2.000002608201783272e-01 2.000002608151372208e-01 2.000002608215943056e-01
2.000024430586119784e-01 2.000024430648430773e-01 2.000024430619620486e-01 2.000024430600502723e-01 2.000024430727684599e-01
2.000161648568430928e-01 2.000161648697852124e-01 2.000161648685142568e-01 2.000161648709574413e-01 2.000161648848641227e-01
2.000120598189473742e-01 2.000120598234831348e-01 2.000120598242943193e-01 2.000120598286836693e-01 2.000120598336442290e-01
1.999999999380534521e-01 1.999999999434712017e-01 1.999999999522011074e-01 1.999999999555909513e-01 1.999999999624883784e-01
2.004065844266515461e-01 2.004065844394322116e-01 2.004065844532307572e-01 2.004065844556263687e-01 2.004065844678241670e-01
2.037680873460206987e-01 2.037680873659206693e-01 2.037680873792719061e-01 2.037680873822756977e-01 2.037680873992357977e-01
2.213497864124380765e-01 2.213497864288354322e-01 2.213497864385863545e-01 2.213497864407397431e-01 2.213497864502692314e-01
1.744445835754570018e-01 1.744445835811684886e-01 1.744445835859054494e-01 1.744445835838185077e-01 1.744445835842050874e-01
