2.729693584542403628e-01 1.974456327690689017e-01 1.829517382325667740e-01 1.974456326913663073e-01
2.504015293660872832e-01 2.444082164978299831e-01 2.416473664032447455e-01 2.444082162080533638e-01
2.399479038189603342e-01 2.502846470027974002e-01 2.533970284365563708e-01 2.502846473007092065e-01
2.408224056489161047e-01 2.412050863560223357e-01 2.433807221696666356e-01 2.412050863059898576e-01
2.356030941177357785e-01 2.302388168107169508e-01 2.279201164564277071e-01 2.302388164317415720e-01
2.223711447161969557e-01 2.198391787546566389e-01 2.178973002441874640e-01 2.198391784310981534e-01
2.261555060014942831e-01 2.257394293198749236e-01 2.243978445729669091e-01 2.257394290474361298e-01
2.288050382219047885e-01 2.300760398839737098e-01 2.299573285701066727e-01 2.300760399158814362e-01
2.306763996263612171e-01 2.308641287686699906e-01 2.306143662864707788e-01 2.308641290068140783e-01
2.246634514817135164e-01 2.243830885790407403e-01 2.245383709914141324e-01 2.243830883383615693e-01
2.180688333646980670e-01 2.188810670195342478e-01 2.202688860748170385e-01 2.188810670621947618e-01
2.283337125658631839e-01 2.302076298184130287e-01 2.325877467207192739e-01 2.302076301788516799e-01
2.466833995518712963e-01 2.442670766487156364e-01 2.415434436383582795e-01 2.442670754798503541e-01
2.445854890515419267e-01 2.444099322280087472e-01 2.436082735448600878e-01 2.444099329185257241e-01
2.283330697942315135e-01 2.301928572703057785e-01 2.320955405620741818e-01 2.301928575160281099e-01
2.180467165569142107e-01 2.187983073803021206e-01 2.198719888223716057e-01 2.187983076197577148e-01
2.244522418178007683e-01 2.245433599323898299e-01 2.247574780967921126e-01 2.245433601824621261e-01
2.311097117363756226e-01 2.314212203018202185e-01 2.314843151789617859e-01 2.314212200554615906e-01
2.298554905679171811e-01 2.299732720930489638e-01 2.298712096820832995e-01 2.299732722769273208e-01
2.260254302131371462e-01 2.257868151639819410e-01 2.256139068080930954e-01 2.257868152485383029e-01
2.204558810166723781e-01 2.198365366401786314e-01 2.193250277293848360e-01 2.198365366334688320e-01
2.310761461725891197e-01 2.302943096598931705e-01 2.295163549879238318e-01 2.302943096762548325e-01
2.381606710577393871e-01 2.395258898600651776e-01 2.408228533705532304e-01 2.395258903243568660e-01
2.484643452866086011e-01 2.481312895937160534e-01 2.477701035821351372e-01 2.481312892051572572e-01
2.506669373469438411e-01 2.501949804444834058e-01 2.497349481069736366e-01 2.501949805301535990e-01
2.040628612878977177e-01 2.039471823917866911e-01 2.038369896993681152e-01 2.039471824140373368e-01
