2.093344599724373256e-01 2.093344628473221836e-01 2.093344045173298473e-01 2.093343940575750628e-01
2.557972311785374209e-01 2.557972430111268292e-01 2.557970584428193028e-01 2.557970213631121092e-01
2.830777225809473774e-01 2.830775557521145736e-01 2.830769847295768749e-01 2.830769689533027544e-01
2.812657876199223805e-01 2.812649517604762228e-01 2.812629008000194775e-01 2.812628952904089874e-01
2.332003182585903056e-01 2.331992221604045346e-01 2.331985049242076002e-01 2.331982501536629115e-01
2.247659338841508925e-01 2.247650929269205955e-01 2.247649557396600717e-01 2.247646466763588979e-01
2.328603903199492620e-01 2.328603685702850534e-01 2.328601337098618607e-01 2.328604763066786099e-01
2.788687381539651233e-01 2.788690193914439841e-01 2.788683816810602067e-01 2.788687623240757585e-01
2.789026155686679109e-01 2.789025545021071029e-01 2.789000408784047536e-01 2.789002420815933081e-01
2.318635382518659804e-01 2.318633280364506555e-01 2.318622705464452871e-01 2.318622542578540335e-01
2.185479324092886033e-01 2.185479514697453163e-01 2.185476900990905580e-01 2.185475199585905082e-01
2.060284196666681833e-01 2.060284509782149276e-01 2.060279882195211187e-01 2.060279641519539018e-01
1.902067986719130910e-01 1.902062807037501746e-01 1.902060322692720740e-01 1.902062533630874686e-01
1.902027032879908541e-01 1.901992162857989166e-01 1.901969061683889961e-01 1.901984023880458896e-01
2.060083005847214987e-01 2.060225010066452367e-01 2.060238234598646967e-01 2.060244634769011207e-01
2.185350877786560175e-01 2.185519703918379075e-01 2.185556403375430168e-01 2.185553769739557728e-01
2.319069268707552589e-01 2.319135189500717842e-01 2.319130822078508403e-01 2.319165445417820381e-01
2.786323684731982775e-01 2.786327858579565331e-01 2.786275286270567531e-01 2.786326674470390174e-01
2.786283261928234611e-01 2.786301903410571268e-01 2.786319084569443549e-01 2.786319680079546446e-01
2.319211965946165466e-01 2.319218137028765947e-01 2.319228483594657497e-01 2.319226526445576364e-01
2.185389983645832368e-01 2.185392450218019977e-01 2.185394679861537015e-01 2.185393596654091886e-01
2.058821321861099563e-01 2.058822293560091388e-01 2.058823169494936600e-01 2.058823053577770734e-01
1.902058388795987987e-01 1.902058516375207675e-01 1.902058619187758925e-01 1.902058888231173972e-01
1.937864938855294039e-01 1.937865056726693902e-01 1.937865064752186950e-01 1.937865094294196067e-01
2.290090582085059223e-01 2.290090646753919768e-01 2.290090603241188294e-01 2.290090585576542437e-01
2.019990405672487666e-01 2.019990408102072810e-01 2.019990404750902357e-01 2.019990412135521940e-01
