1.885298677543672391e-02 1.885298846302936246e-02 1.885305698585101539e-02 1.885305579195518250e-02
1.663234917868987306e-01 1.663234866167971060e-01 1.663244247976733980e-01 1.663244320626475481e-01
1.870671680404541182e-01 1.870670879310553092e-01 1.870691541910678157e-01 1.870692278823547217e-01
1.873141900106309321e-01 1.873139165897856617e-01 1.873144687149532195e-01 1.873146374046138762e-01
2.043986158680963505e-01 2.043984895376178279e-01 2.043984166145535741e-01 2.043984056263189186e-01
2.111078153263686308e-01 2.111075879866178284e-01 2.111084887694530954e-01 2.111084757532419309e-01
1.923065083641787021e-01 1.923058251029030608e-01 1.923213028307549644e-01 1.923213564140625609e-01
8.222464095244823301e-02 8.222380999643398580e-02 8.226093612612185579e-02 8.226079705387999430e-02
8.212821516776890041e-02 8.212837593517724466e-02 8.214984733307012510e-02 8.214838078089488349e-02
1.921928893311914688e-01 1.921920471103594208e-01 1.921970484363089704e-01 1.921956127331397313e-01
2.112599724328042272e-01 2.112567173338590065e-01 2.112530727360251992e-01 2.112465160010774112e-01
2.037263131244395342e-01 2.037183687939136956e-01 2.036815374289680514e-01 2.036679704005034119e-01
1.796292810167567922e-01 1.796286498038266177e-01 1.795795056841334447e-01 1.795664594546002579e-01
1.789306381277687152e-01 1.789410817111052043e-01 1.789693475235431819e-01 1.789601463345957266e-01
2.018174051834240867e-01 2.018266010657264742e-01 2.018349733275029423e-01 2.018321484286613732e-01
2.112805087272341120e-01 2.112836955104410164e-01 2.112760588800882133e-01 2.112745527043389526e-01
1.938510497816602063e-01 1.938491392582455675e-01 1.938195961081597973e-01 1.938161348534760686e-01
8.691891588279586356e-02 8.691657474074053480e-02 8.685125896752567132e-02 8.684552742230701450e-02
7.097879875544101103e-02 7.098136552311395953e-02 7.096373182274598457e-02 7.095645912676669387e-02
1.561470698760304976e-01 1.561520481096312363e-01 1.561452630776840600e-01 1.561410793618597526e-01
2.065966801462723601e-01 2.066002741416197441e-01 2.065951686650112917e-01 2.065940597331273887e-01
2.042623856180457165e-01 2.042624280901914613e-01 2.042614632296811117e-01 2.042615616405777101e-01
1.828723317836386808e-01 1.828617729264926661e-01 1.828707721492999483e-01 1.828777867223917719e-01
1.334258379545043838e-01 1.333919209802138517e-01 1.334282133068881993e-01 1.334585138904398893e-01
4.935762794395617131e-02 4.934267903149257284e-02 4.935903982653124661e-02 4.937278775532664976e-02
5.087321400370321649e-03 5.086185393637687562e-03 5.087499049751166395e-03 5.088491021177453562e-03
