1.744445918858041900e-01 1.744445922654534187e-01 1.744445923697567902e-01 1.744445923619696859e-01 1.744445905701152433e-01
2.213497922595281109e-01 2.213497926360225576e-01 2.213497936163665303e-01 2.213497945344126694e-01 2.213497876530611808e-01
2.037680885437681277e-01 2.037680859909784814e-01 2.037680900853966748e-01 2.037680920720360001e-01 2.037680779676969423e-01
2.004065896635189858e-01 2.004065782501966708e-01 2.004065790373859290e-01 2.004065810122096780e-01 2.004065707420212838e-01
1.999999407455526901e-01 1.999999890450016304e-01 1.999999931742692805e-01 1.999999942715214862e-01 1.999999886143515038e-01
2.000115245982106993e-01 2.000119355195004167e-01 2.000120559151577770e-01 2.000120566274892764e-01 2.000119337829218136e-01
2.000131344346835482e-01 2.000145562056914184e-01 2.000160629582400651e-01 2.000160634312482255e-01 2.000145561370059444e-01
1.999965157220878198e-01 1.999954203864590940e-01 2.000015511989654826e-01 2.000015514398980065e-01 1.999954214130648111e-01
2.000086086241980865e-01 1.999924040192225805e-01 1.999937905072957933e-01 1.999937905815957206e-01 1.999924038737234955e-01
1.999200623357185458e-01 1.999929792536687678e-01 1.999991102796393472e-01 1.999991103760864475e-01 1.999929792648576787e-01
1.990817074846024937e-01 1.998226572876891649e-01 1.999999158551196698e-01 1.999999159255042014e-01 1.998226573487274782e-01
1.944678728378575749e-01 1.972885458175739626e-01 1.998543945524394738e-01 1.998543946347174083e-01 1.972885458545433901e-01
1.949826648226387349e-01 1.871144811743820635e-01 1.984356621482374627e-01 1.984356622047845631e-01 1.871144812189672879e-01
3.335590100878281228e-01 1.913964020522224141e-01 1.884057887041481749e-01 1.884057887045846313e-01 1.913964020870902449e-01
1.949826732266017326e-01 1.871144904911793139e-01 1.984356718597516944e-01 1.984356718646043682e-01 1.871144905942176695e-01
1.944678692128869735e-01 1.972885445234992818e-01 1.998543933742311929e-01 1.998543933877579837e-01 1.972885447347111632e-01
1.990816904015619559e-01 1.998226434211399227e-01 1.999999008207965223e-01 1.999999008600517880e-01 1.998226435956612645e-01
1.999203212276054742e-01 1.999932420644986442e-01 1.999993719716482710e-01 1.999993720709537515e-01 1.999932423154348327e-01
2.000107897831532866e-01 1.999945894901279941e-01 1.999959748207257582e-01 1.999959746091905799e-01 1.999945895892208392e-01
2.000102350226268810e-01 2.000091451122291142e-01 2.000152754340915329e-01 2.000152751526176609e-01 2.000091453028444155e-01
2.000090292847089279e-01 2.000104552761105825e-01 2.000119617836323138e-01 2.000119616632222985e-01 2.000104555085989166e-01
1.999994647435874850e-01 1.999998812722800223e-01 2.000000007220078257e-01 2.000000006096050442e-01 1.999998815283648701e-01
2.004065289584091580e-01 2.004065825959557290e-01 2.004065863058779318e-01 2.004065861956954298e-01 2.004065829321497461e-01
2.037680917937037262e-01 2.037680848854914739e-01 2.037680857840198090e-01 2.037680854332127589e-01 2.037680851336565457e-01
2.213497817411421431e-01 2.213497837523682177e-01 2.213497893880194967e-01 2.213497893094753255e-01 2.213497845397957020e-01
1.744445827965285245e-01 1.744445840909087941e-01 1.744445861166767364e-01 1.744445859980296165e-01 1.744445844622933284e-01
