6.267086702937623528e-04 2.815701138745186662e-03 4.014722387765298252e-03 2.815470013418328119e-03
1.794405190208077719e-02 2.829381795332592403e-02 3.676389066183533005e-02 2.829149268774493881e-02
1.044660249993489831e-01 1.231585535867142922e-01 1.393715605809535962e-01 1.231538986296937532e-01
1.760019759966896247e-01 1.815699532415777639e-01 1.851750744698230366e-01 1.815699624352645480e-01
2.038283884311838101e-01 2.042677440597525373e-01 2.043063445801023559e-01 2.042680626132794275e-01
2.103762033916332375e-01 2.092633939559005452e-01 2.086692027765318369e-01 2.092637943040393800e-01
1.788412063237231620e-01 1.769454338952588246e-01 1.754335873859353967e-01 1.769487147315874365e-01
7.948000851310209336e-02 7.797854963586169086e-02 7.650883833193532213e-02 7.799175371787243904e-02
8.500124621701421468e-02 8.492329579403060102e-02 8.482800917544025543e-02 8.495588807102001649e-02
1.931779519944603618e-01 1.932920902572616562e-01 1.934084766857022131e-01 1.933049810196563467e-01
2.113812266390098504e-01 2.113781759395670645e-01 2.113919243355420197e-01 2.113747160937015923e-01
2.035884301190831192e-01 2.035037418837268297e-01 2.034029167085508460e-01 2.034943495544020986e-01
1.819328628522701718e-01 1.817721018557770518e-01 1.815687701762684347e-01 1.817453810223637334e-01
1.818952740234364152e-01 1.818621275696179762e-01 1.818617361364453233e-01 1.819097540649331768e-01
2.038964644395174219e-01 2.039045019253286350e-01 2.039295783363640480e-01 2.039328832875289266e-01
2.113007474413068632e-01 2.113045407691247213e-01 2.113095014321722531e-01 2.113059202017419091e-01
1.925060242640141972e-01 1.925173264671039275e-01 1.925075365810999251e-01 1.924909768788960474e-01
8.298401972042789010e-02 8.300852608585318482e-02 8.298035197081814196e-02 8.295228965982266722e-02
8.301868432263163899e-02 8.301755482385950180e-02 8.300638262611424734e-02 8.300772222295228764e-02
1.924843732604016588e-01 1.924813085432333093e-01 1.924788664311640196e-01 1.924830325199974601e-01
2.111306953853793744e-01 2.111305409949353618e-01 2.111304117912772560e-01 2.111310167708041752e-01
2.043822803034553437e-01 2.043828380043682669e-01 2.043827871439499733e-01 2.043821395392614038e-01
1.870270113575509541e-01 1.870283646472462591e-01 1.870277908389736954e-01 1.870263068651754068e-01
1.867694375260482154e-01 1.867692820493115358e-01 1.867688347473034638e-01 1.867689510360521221e-01
1.662964816727326711e-01 1.662962484447312594e-01 1.662960998213983965e-01 1.662963222744652525e-01
1.885189678447808659e-02 1.885187951724410019e-02 1.885186966153079569e-02 1.885188441862457528e-02
