9.208512161571468235e-01 1.693563278031848807e-01 3.056418538376919347e-01 1.693563277873264827e-01
1.756648396702676362e-01 2.720206783370410220e-01 2.700252203305010257e-01 2.720206782977173665e-01
2.174600759563391217e-01 2.411242518430085358e-01 1.992618539696658364e-01 2.411242517919951200e-01
2.048003690809674648e-01 1.977586279025397575e-01 1.911031671059105208e-01 1.977586278726644053e-01
2.123799140789267015e-01 2.046319944288811643e-01 2.045934767690829603e-01 2.046319944187744988e-01
2.127117906764570965e-01 2.124109344155125922e-01 2.129948073662846497e-01 2.124109343915603909e-01
2.046311937626233979e-01 2.050155842360097957e-01 2.048219792941911588e-01 2.050155842026565867e-01
1.895353325674597467e-01 1.896182200546938090e-01 1.894092663440483937e-01 1.896182200274434959e-01
1.894561079530858727e-01 1.894123651212549220e-01 1.893788855381963177e-01 1.894123651180303902e-01
2.046343545208974546e-01 2.045954479617006216e-01 2.045946830760452251e-01 2.045954479746165955e-01
2.120737066522344338e-01 2.120719012473304133e-01 2.120740109229817261e-01 2.120719012558277827e-01
2.045947605800151337e-01 2.045965453825391855e-01 2.045954031557349617e-01 2.045965453847443660e-01
1.893710529109831064e-01 1.893715256331311159e-01 1.893705746091702280e-01 1.893715256354430998e-01
1.893708025263060313e-01 1.893705677141660770e-01 1.893703939725606966e-01 1.893705677140709309e-01
2.045948707024459745e-01 2.045946737719848141e-01 2.045946652117386355e-01 2.045946737754652245e-01
2.120700711608928812e-01 2.120700591208587726e-01 2.120700655597649031e-01 2.120700591304949811e-01
2.045946480107871668e-01 2.045946563948436714e-01 2.045946502097749919e-01 2.045946563965201082e-01
1.893706838774604495e-01 1.893706865727528554e-01 1.893706823267007622e-01 1.893706865633499881e-01
1.893732731026137317e-01 1.893732718552078864e-01 1.893732709203959363e-01 1.893732718222486677e-01
2.046133999331172515e-01 2.046133989536991493e-01 2.046133988609554200e-01 2.046133989379142759e-01
2.120927782567933739e-01 2.120927781965003256e-01 2.120927782061851619e-01 2.120927782085908764e-01
2.045926925134441965e-01 2.045926925633637372e-01 2.045926924948350545e-01 2.045926925224756388e-01
1.898398871399125665e-01 1.898398871531157550e-01 1.898398871716316938e-01 1.898398872326160780e-01
1.935637613745272989e-01 1.935637613818340375e-01 1.935637614056567035e-01 1.935637614358402814e-01
2.289430473361174778e-01 2.289430473366950436e-01 2.289430473896272578e-01 2.289430474322157461e-01
2.019807806626195690e-01 2.019807806621607416e-01 2.019807806971083974e-01 2.019807807146142831e-01
