2.030658951262224454e-01 2.007480859461758527e-01 2.020452806704713389e-01 2.020433664481170732e-01 2.007490038677645638e-01
2.346574272416148965e-01 2.322855609661880483e-01 2.337078678866750248e-01 2.336964518154092951e-01 2.322785154604498081e-01
2.180841331941401895e-01 2.179632694451959507e-01 2.181172868503487849e-01 2.181063413072586721e-01 2.179568603706699970e-01
2.280826741374848421e-01 2.306876262084172624e-01 2.289648746756645925e-01 2.289750059289735740e-01 2.306693578681631163e-01
2.133057218238393060e-01 2.087559444911822326e-01 2.108088434235524944e-01 2.108550550693192582e-01 2.087201099292203821e-01
2.379420033233507759e-01 2.327998421902124915e-01 2.351587373425706173e-01 2.351525499680771902e-01 2.327800735486626194e-01
2.234839247072755719e-01 2.316265769585602041e-01 2.262241667655195410e-01 2.261378550290820411e-01 2.316372033648463891e-01
2.314239490663489163e-01 2.316729706099850683e-01 2.310297990768263032e-01 2.309985374765410604e-01 2.317095054975112367e-01
2.459180730486987820e-01 2.349935651712644624e-01 2.389640026158041386e-01 2.390077889467430994e-01 2.349767509847251745e-01
2.416322197887526557e-01 2.267489977530699474e-01 2.329225878263935789e-01 2.330659327650790591e-01 2.266890635418285782e-01
2.457827667184956932e-01 2.474589714776267990e-01 2.438463619891282075e-01 2.438449826207009230e-01 2.474605984832057293e-01
2.268166114936058519e-01 2.565520476159299790e-01 2.360854013829726539e-01 2.359286100256508534e-01 2.566176874929272378e-01
2.472960783538660778e-01 2.440532129913882686e-01 2.438199083525978972e-01 2.437786891599666439e-01 2.441368374349896231e-01
2.843883339829785251e-01 2.327694503968535944e-01 2.482273433022688380e-01 2.482888519374608083e-01 2.327637784962355294e-01
2.519086999108168246e-01 2.356202875521458406e-01 2.443505045223356154e-01 2.445216330219666945e-01 2.355489749137316680e-01
2.417748999025751966e-01 2.525614271043414849e-01 2.455707527482907937e-01 2.455727049864387390e-01 2.525680688629229342e-01
2.170743225388941655e-01 2.446239805912722443e-01 2.256544799699382875e-01 2.255213189438068644e-01 2.446834841554180462e-01
2.450599828767336397e-01 2.415574320854148582e-01 2.412821378099110625e-01 2.412548330328073698e-01 2.416233522192374195e-01
2.394138883924182004e-01 2.233935493873312472e-01 2.323548227112117170e-01 2.323978222821266593e-01 2.233956220596605979e-01
2.331786551440972188e-01 2.272955966046083798e-01 2.320270736931632771e-01 2.321204957653602297e-01 2.272658723145256077e-01
2.346841293937920736e-01 2.384184868984820238e-01 2.376941417378030108e-01 2.376947622905160040e-01 2.384256487421183845e-01
2.055562093329946771e-01 2.139688712698181727e-01 2.083490420416367339e-01 2.083028379702327459e-01 2.139908240667391659e-01
2.325715034910609547e-01 2.318642085691946797e-01 2.322980770993029742e-01 2.322979957657486660e-01 2.318916390656964033e-01
2.177894462945883236e-01 2.164981273953394403e-01 2.188200838371336943e-01 2.188317225300251412e-01 2.165059811104107224e-01
2.341095650755201374e-01 2.343310685273694016e-01 2.350145516433267689e-01 2.350214884880813815e-01 2.343333307707606561e-01
2.035226993671301887e-01 2.039230164157589675e-01 2.041261069561095820e-01 2.041234510873272956e-01 2.039205454344142909e-01
