2.795061737032110069e-02 2.795061737226730778e-02 2.795061737182442246e-02 2.795061736838741831e-02 2.795061737234970714e-02
1.714457222769425471e-01 1.714457222857806717e-01 1.714457222710858708e-01 1.714457222491866384e-01 1.714457222433174166e-01
2.005916811369178043e-01 2.005916811162138103e-01 2.005916810858047739e-01 2.005916810619015334e-01 2.005916810217779622e-01
2.002266612401838453e-01 2.002266611674922425e-01 2.002266611273054719e-01 2.002266611109380090e-01 2.002266610552215498e-01
2.000000000061264716e-01 1.999999999181204524e-01 1.999999998829943282e-01 1.999999998690903946e-01 1.999999998175067406e-01
1.998321362852961969e-01 1.998321362101768972e-01 1.998321362043785077e-01 1.998321362095387133e-01 1.998321361913986127e-01
1.999548727862138497e-01 1.999548727540569892e-01 1.999548727594700481e-01 1.999548727533105030e-01 1.999548727632538825e-01
1.999985416874055510e-01 1.999985416831758789e-01 1.999985416579286024e-01 1.999985416607441280e-01 1.999985416568521579e-01
2.000000397455147794e-01 2.000000397356894721e-01 2.000000397198997137e-01 2.000000397363129734e-01 2.000000397202937596e-01
1.999999998867584838e-01 1.999999998763082321e-01 1.999999998723097361e-01 1.999999998817194868e-01 1.999999998743037244e-01
1.999997927552525645e-01 1.999997927662761910e-01 1.999997927726631652e-01 1.999997927846273171e-01 1.999997927870130754e-01
1.999999381849573432e-01 1.999999382047635832e-01 1.999999382095393186e-01 1.999999382262297454e-01 1.999999382366700051e-01
1.999999970464653720e-01 1.999999970661087145e-01 1.999999970612362787e-01 1.999999970666123950e-01 1.999999970813856887e-01
1.999999970536806837e-01 1.999999970684524231e-01 1.999999970634383784e-01 1.999999970687531825e-01 1.999999970756237699e-01
1.999999382083733346e-01 1.999999382214771304e-01 1.999999382130574765e-01 1.999999382112488955e-01 1.999999382089428512e-01
1.999997927346618964e-01 1.999997927530033082e-01 1.999997927434976897e-01 1.999997927331832182e-01 1.999997927383449503e-01
1.999999998810924329e-01 1.999999998998972239e-01 1.999999998984244298e-01 1.999999998940391044e-01 1.999999999092979819e-01
2.000000397567913146e-01 2.000000397747042080e-01 2.000000397788947726e-01 2.000000397778641803e-01 2.000000397926695872e-01
1.999985417281319733e-01 1.999985417424637035e-01 1.999985417490570405e-01 1.999985417575928515e-01 1.999985417644790653e-01
1.999548728091410377e-01 1.999548728211271442e-01 1.999548728286459354e-01 1.999548728363423900e-01 1.999548728426809030e-01
1.998321364069337025e-01 1.998321364333183192e-01 1.998321364422201152e-01 1.998321364546248868e-01 1.998321364799887923e-01
1.999999999647458504e-01 1.999999999989762467e-01 2.000000000230136576e-01 2.000000000484176144e-01 2.000000000943281675e-01
2.002266610360382282e-01 2.002266610710969619e-01 2.002266610858570717e-01 2.002266611053414580e-01 2.002266611451143929e-01
2.005916808240604254e-01 2.005916808453427902e-01 2.005916808573222632e-01 2.005916808792952144e-01 2.005916808967924125e-01
1.714457219102141217e-01 1.714457219162542068e-01 1.714457219254129638e-01 1.714457219442846458e-01 1.714457219392667431e-01
2.795061731010653819e-02 2.795061731108474876e-02 2.795061731506012781e-02 2.795061732019859038e-02 2.795061731495869159e-02
