1.840465548925174777e-01 1.814764708594013842e-01 1.831096892046668312e-01 1.831096898087621050e-01 1.814764705362833241e-01
2.242914034798266509e-01 2.240834475219198874e-01 2.240517716925311265e-01 2.240517722151503244e-01 2.240834472385199727e-01
2.050923080364082107e-01 2.076529410241616247e-01 2.060526844370995092e-01 2.060526842385553004e-01 2.076529410138684417e-01
2.086911012014954492e-01 2.096499345145065307e-01 2.081697627424694552e-01 2.081697616226127201e-01 2.096499351920968757e-01
2.026992287930329539e-01 2.007445916041705469e-01 2.007219690851542448e-01 2.007219691911136250e-01 2.007445917073094332e-01
2.188563563182805705e-01 2.071754224044994597e-01 2.127493954640812812e-01 2.127493981598685135e-01 2.071754216204960419e-01
2.030448715356893419e-01 2.091536763655085229e-01 2.034859339839942827e-01 2.034859348932741285e-01 2.091536759692336489e-01
2.030802285023939058e-01 2.107441359532781777e-01 2.049170381299937338e-01 2.049170372389428618e-01 2.107441363751098307e-01
2.273252916363016074e-01 2.110580149243112824e-01 2.127535741622869903e-01 2.127535722933830142e-01 2.110580167527767725e-01
2.201813031928068765e-01 2.038123158320268580e-01 2.033610671044553120e-01 2.033610674547800257e-01 2.038123162226363472e-01
2.310365164122003823e-01 2.319514734386297072e-01 2.187164711041264809e-01 2.187164749575987999e-01 2.319514728142599014e-01
2.028682493508262297e-01 2.509182467312210951e-01 2.105579801671328133e-01 2.105579811223776965e-01 2.509182461994095559e-01
2.221974519233582690e-01 2.215857194611381975e-01 2.160603146082901715e-01 2.160603133490105743e-01 2.215857198094594582e-01
4.315211315901736899e-01 2.083615962751115547e-01 2.485028362650152089e-01 2.485028346475918748e-01 2.083615985702738926e-01
2.226387140040233525e-01 2.104976828538688838e-01 2.117335639871442965e-01 2.117335643695478220e-01 2.104976833004990056e-01
2.310032420299860945e-01 2.569327213191827664e-01 2.301266436665528881e-01 2.301266472039353861e-01 2.569327209373725718e-01
2.059757434299774315e-01 2.284614124359747311e-01 2.021523869485974123e-01 2.021523874645034524e-01 2.284614118610744093e-01
2.283051487671846902e-01 2.215735166524052113e-01 2.151310148653180765e-01 2.151310136268142215e-01 2.215735170080051775e-01
2.259546647436167510e-01 2.100523587261142189e-01 2.116079354350461905e-01 2.116079346314354015e-01 2.100523606549156430e-01
2.088221220727365657e-01 2.072645840452865540e-01 2.068164338931235691e-01 2.068164342833421487e-01 2.072645843779677421e-01
2.292606010106350567e-01 2.204642897085140607e-01 2.239892724362715082e-01 2.239892748011995116e-01 2.204642895955140902e-01
2.008916779941543329e-01 2.034122253797787105e-01 2.003760527564829863e-01 2.003760529166825344e-01 2.034122252151082666e-01
2.200913643430741085e-01 2.222431916195915236e-01 2.196224779706842101e-01 2.196224774608072083e-01 2.222431918390648520e-01
2.107466062752490210e-01 2.113768486003952118e-01 2.101395970262752433e-01 2.101395971509258942e-01 2.113768495168867056e-01
2.285443411254615975e-01 2.277804507506547282e-01 2.280321025807544588e-01 2.280321028756884805e-01 2.277804509700239177e-01
1.975373031728306084e-01 1.948540727540793160e-01 1.964289180387651379e-01 1.964289185215864209e-01 1.948540728570476444e-01
