5.655585678786889843e-03 2.081374842094575739e-02 2.919435096882254041e-02 2.081374841452027225e-02
1.461329265454387738e-01 1.674830004337841127e-01 1.816405092502639818e-01 1.674830003306957693e-01
1.865004081430235994e-01 1.906846187468940745e-01 1.920403982627610640e-01 1.906846182399844214e-01
1.894487308727784980e-01 1.897585921131641207e-01 1.896223102529147608e-01 1.897585909513687663e-01
2.046534820824411349e-01 2.045909169565401364e-01 2.045909148424416846e-01 2.045909162677377602e-01
2.119655358707371595e-01 2.119191841651566210e-01 2.119182842124979205e-01 2.119191833557376448e-01
2.043636879446096288e-01 2.043761543162994632e-01 2.043930372980336252e-01 2.043761536122737921e-01
1.874966085825444662e-01 1.875031688522819096e-01 1.875081925564087704e-01 1.875031688354532045e-01
1.876843641669365126e-01 1.876855751131264738e-01 1.876861668143094686e-01 1.876855743152157641e-01
2.044264155946187989e-01 2.044264696682270566e-01 2.044264737294858580e-01 2.044264694252857228e-01
2.112512934152307176e-01 2.112511768984019489e-01 2.112513413784501415e-01 2.112511769245964677e-01
1.920434675918140099e-01 1.920443396244424228e-01 1.920458415227661864e-01 1.920443397722174927e-01
8.174251776396848634e-02 8.174498733714900822e-02 8.174792203886410702e-02 8.174498754697247238e-02
8.174438731725806873e-02 8.174503492387782955e-02 8.174574184013733147e-02 8.174503437783746385e-02
1.920444259192096159e-01 1.920444520979448233e-01 1.920444373142099481e-01 1.920444518207048701e-01
2.112511376119770024e-01 2.112511216076563836e-01 2.112510886259540144e-01 2.112511216508664302e-01
2.044264875058590392e-01 2.044264984475936964e-01 2.044265180234139390e-01 2.044264985373316634e-01
1.876859777323596490e-01 1.876860366453430573e-01 1.876861044191839301e-01 1.876860368651268596e-01
1.875026177711579811e-01 1.875026359179202962e-01 1.875026556377535070e-01 1.875026362233990496e-01
2.043604133559188130e-01 2.043604154946084828e-01 2.043604167409671102e-01 2.043604156220377444e-01
2.118611906662577482e-01 2.118611907339478795e-01 2.118611903300636479e-01 2.118611907602663269e-01
2.045909154449114253e-01 2.045909158240545311e-01 2.045909163844257805e-01 2.045909158639372671e-01
1.895694984388505144e-01 1.895694999916953671e-01 1.895695018435092916e-01 1.895695001203500929e-01
1.895421794157765294e-01 1.895421798898955790e-01 1.895421806929971920e-01 1.895421801770469095e-01
1.665582272649727413e-01 1.665582273150183479e-01 1.665582274932621287e-01 1.665582274355624226e-01
1.886312895411286494e-02 1.886312895766526984e-02 1.886312896962301019e-02 1.886312896478453682e-02
