6.265854220894517476e-04 2.815210864099828431e-03 4.013102416350029268e-03 2.815045040525021667e-03
1.794712467455927829e-02 2.829326246984823975e-02 3.675810108668403631e-02 2.829161528477220841e-02
1.045547273626604157e-01 1.232385725547352207e-01 1.394432129031866197e-01 1.232354172042951779e-01
1.760869167252002432e-01 1.816517907336201165e-01 1.852549030880031589e-01 1.816522124608770106e-01
2.038348656323087926e-01 2.042737982892000315e-01 2.043124716228731375e-01 2.042741683851214407e-01
2.103736826794680437e-01 2.092612711275907145e-01 2.086671584959593762e-01 2.092616510838522237e-01
1.788226392991499325e-01 1.769280463223285027e-01 1.754167959891762552e-01 1.769311189790315486e-01
7.938674487890171050e-02 7.788700018161454075e-02 7.641858900018615175e-02 7.789947094618282497e-02
8.491269535843491700e-02 8.483505323620121885e-02 8.473921945572281123e-02 8.486629082175310701e-02
1.931644248381152174e-01 1.932785102034074998e-01 1.933942874848679772e-01 1.932910132081336330e-01
2.113808464722886082e-01 2.113780851390285598e-01 2.113922071905353361e-01 2.113754013832572498e-01
2.036023345456054179e-01 2.035208262331840434e-01 2.034307354381965638e-01 2.035190366738867940e-01
1.820915390063082007e-01 1.819388373747977683e-01 1.817589157271806699e-01 1.819268947398837710e-01
1.820611778287674620e-01 1.820364454135357524e-01 1.820364971477937133e-01 1.820749138327135974e-01
2.039136281365314940e-01 2.039232256585803427e-01 2.039460159811188056e-01 2.039449659729747899e-01
2.113014874779462482e-01 2.113053431251619430e-01 2.113079194889423695e-01 2.113021971644196417e-01
1.924814364860646665e-01 1.924924518953518848e-01 1.924875478906336868e-01 1.924724552476174688e-01
8.282287583260410091e-02 8.284706226866801748e-02 8.282993368582997062e-02 8.280277238839220399e-02
8.286388382027309873e-02 8.286457202165607716e-02 8.285583766039192333e-02 8.285567683814783202e-02
1.924642148682146059e-01 1.924620950486752580e-01 1.924595657609970145e-01 1.924629541877706795e-01
2.111291075692412755e-01 2.111289776283802322e-01 2.111288069334511519e-01 2.111293712517696985e-01
2.043829314054245727e-01 2.043834202380791776e-01 2.043834909412056144e-01 2.043829116898079890e-01
1.870351450360680512e-01 1.870364068911836430e-01 1.870362044796227974e-01 1.870348034034458873e-01
1.867774538413642105e-01 1.867774765264186565e-01 1.867770926179881386e-01 1.867770282960666550e-01
1.662971937687004187e-01 1.662970566654605187e-01 1.662968970028621818e-01 1.662970227892599240e-01
1.885191624496381987e-02 1.885190568421608176e-02 1.885189513705836512e-02 1.885190309300817726e-02
