2.795061665102349657e-02 2.795061813964556940e-02 2.795061783979369344e-02 2.795061783852334156e-02 2.795061813897093198e-02
1.714457218242358139e-01 1.714457246068468999e-01 1.714457221665401099e-01 1.714457221549011146e-01 1.714457245746971170e-01
2.005916835377557217e-01 2.005916864403374245e-01 2.005916812166239349e-01 2.005916812001924399e-01 2.005916863737320088e-01
2.002266585339223526e-01 2.002266661271892290e-01 2.002266654266524337e-01 2.002266654085937403e-01 2.002266660454873892e-01
2.000000607587219259e-01 2.000000046041765789e-01 2.000000006197229507e-01 2.000000006005005493e-01 2.000000045260665049e-01
1.998326314879685928e-01 1.998322575111084465e-01 1.998321364798162636e-01 1.998321364679791490e-01 1.998322574916632233e-01
1.999574151710740710e-01 1.999563669813640421e-01 1.999549712859852446e-01 1.999549712715798788e-01 1.999563669928958731e-01
2.000023646052680182e-01 2.000043689406550140e-01 1.999993451132615618e-01 1.999993451012419543e-01 2.000043689267877733e-01
1.999944317167332841e-01 2.000055053968776420e-01 2.000056627619726524e-01 2.000056627610965476e-01 2.000055054003379296e-01
2.000951632290937088e-01 2.000058261706668949e-01 2.000008035875276147e-01 2.000008035879999591e-01 2.000058261847171559e-01
2.008007763721154082e-01 2.001785720491937592e-01 1.999998913109156951e-01 1.999998913175278226e-01 2.001785720836407878e-01
2.038809505450508153e-01 2.023622181607725168e-01 2.001482989667552892e-01 2.001482989725333617e-01 2.023622181922720420e-01
1.988474682186250064e-01 2.087897950249558710e-01 2.012905474220122171e-01 2.012905474165746500e-01 2.087897950317127993e-01
1.211154999837286417e-01 2.014702349384379920e-01 2.087541526488788102e-01 2.087541526464372632e-01 2.014702349526630021e-01
1.988473933271948102e-01 2.087897395774354625e-01 2.012904933523824991e-01 2.012904933498044779e-01 2.087897395819680313e-01
2.038807895163547157e-01 2.023620677326723183e-01 2.001481557688918334e-01 2.001481557624517349e-01 2.023620677296913695e-01
2.008009841923097671e-01 2.001787788488496311e-01 2.000000984849553132e-01 2.000000984830674067e-01 2.001787788661912315e-01
2.000952041525754233e-01 2.000058669911695675e-01 2.000008431724059066e-01 2.000008431677626486e-01 2.000058670123549542e-01
1.999929306188592271e-01 2.000040114356000653e-01 2.000041635003272367e-01 2.000041635027694220e-01 2.000040114585131257e-01
1.999586787018478862e-01 1.999607044091349650e-01 1.999556807101922906e-01 1.999556807149526771e-01 1.999607044160515712e-01
1.998346631471308310e-01 1.998336256397798272e-01 1.998322372278653336e-01 1.998322372312388850e-01 1.998336256573494119e-01
2.000004958583614101e-01 2.000001206735407822e-01 2.000000000825073176e-01 2.000000000886585916e-01 2.000001207155510385e-01
2.002267227281733508e-01 2.002266665529778833e-01 2.002266613643177151e-01 2.002266613676048634e-01 2.002266665897930453e-01
2.005916749916235031e-01 2.005916899905174078e-01 2.005916841865748868e-01 2.005916841903937209e-01 2.005916900131357039e-01
1.714457090537776784e-01 1.714457342548973695e-01 1.714457306538275105e-01 1.714457306551072646e-01 1.714457342576002630e-01
2.795061169616052527e-02 2.795062433985667089e-02 2.795062884146515964e-02 2.795062884001952089e-02 2.795062433598481319e-02
