3.279072040652272844e-03 3.276156155838174516e-03 3.275965468537869567e-03 3.275963179998249170e-03 3.276151393684952409e-03
4.113045549039109905e-02 4.110514139452607629e-02 4.110044810249970093e-02 4.110043527282027098e-02 4.110512041744962541e-02
1.704256963451543927e-01 1.703861753160693104e-01 1.703959554601401361e-01 1.703959441520126739e-01 1.703861563755433572e-01
1.987571836690991689e-01 1.987393212321186542e-01 1.987569654755550475e-01 1.987569645614867264e-01 1.987393184677290203e-01
1.999986718568415867e-01 1.999952420536534048e-01 1.999995555705321448e-01 1.999995555303346606e-01 1.999952420371988449e-01
1.983465609666948959e-01 1.983618545260724952e-01 1.983625175074374136e-01 1.983625174111237899e-01 1.983618563494560227e-01
1.920273138372524113e-01 1.921256917907725736e-01 1.921917569642223045e-01 1.921917538950825566e-01 1.921256859727419886e-01
1.972791021320887406e-01 1.976873058269344730e-01 1.981519507573397121e-01 1.981519477190236689e-01 1.976872971202203177e-01
1.984719662819496300e-01 1.988150464388303285e-01 1.995181213929366204e-01 1.995181220174460646e-01 1.988150447254134201e-01
1.999046826953622402e-01 1.994952353593149319e-01 1.999538560562679479e-01 1.999538561526838509e-01 1.994952354714294718e-01
1.987044834435381935e-01 1.992312248010243980e-01 1.999076585447576160e-01 1.999076580972130035e-01 1.992312258071706199e-01
1.807674862385710846e-01 1.925344073660313349e-01 1.992421440928122400e-01 1.992421429414868994e-01 1.925344038447560080e-01
9.890546419255136223e-02 1.514286536380408388e-01 1.957100409431735966e-01 1.957100413806045214e-01 1.514286482940551126e-01
2.335351409646481934e-03 8.655419379971940330e-02 1.627015776219389309e-01 1.627015774225931966e-01 8.655418807558747096e-02
9.896550834441801558e-02 1.515352531176204220e-01 1.958161925891385158e-01 1.958161902610840166e-01 1.515352484965358792e-01
1.811889199278370333e-01 1.929878662120798893e-01 1.996989139261725887e-01 1.996989130627989939e-01 1.929878668920315399e-01
1.987664993924131152e-01 1.992865695026456718e-01 1.999690658531531884e-01 1.999690673681737973e-01 1.992865694621635542e-01
1.999030258186510201e-01 1.994850791780164168e-01 1.999483061973343911e-01 1.999483113480082230e-01 1.994850794753042500e-01
1.985286134933960944e-01 1.988900890649623332e-01 1.995913104878581645e-01 1.995913158789040243e-01 1.988900837602088911e-01
1.989284054105780741e-01 1.993843214296273092e-01 1.998487650868812915e-01 1.998487160436572818e-01 1.993841283238790008e-01
1.996183820311719925e-01 1.997446198586588229e-01 1.998156059105405946e-01 1.998156093807454958e-01 1.997444143690976226e-01
1.999835766589820318e-01 1.999913353899161750e-01 1.999985097230148889e-01 1.999985377357550720e-01 1.999913797887741818e-01
2.002170211605324990e-01 2.002072449920780095e-01 2.002160633774174026e-01 2.002160532054453046e-01 2.002071940000964001e-01
2.003434138133536602e-01 2.003438017194980603e-01 2.003600154168789227e-01 2.003599964344525697e-01 2.003437286002399120e-01
1.704286913681115068e-01 1.704317738307394858e-01 1.704436278156579165e-01 1.704435747640654086e-01 1.704316668047608785e-01
2.775941216058620473e-02 2.775913561699905677e-02 2.776032394966870473e-02 2.776029730014191454e-02 2.775908907397005299e-02
