1.887002086512763466e-01 1.887351505913535676e-01 1.887025985875965262e-01 1.886428030359736663e-01 1.886385275661482119e-01
2.643427084981193609e-01 2.644636692600229044e-01 2.643434781586771476e-01 2.641275788080910680e-01 2.641140558265552829e-01
3.050876539863734971e-01 3.051204905073530149e-01 3.050079719857849980e-01 3.047851064660955789e-01 3.047478082678111710e-01
2.794012039583604889e-01 2.792265859829663466e-01 2.791987476930255507e-01 2.790522271308058522e-01 2.789738423682337487e-01
2.995514597638198051e-01 2.996019877680890509e-01 2.992234938552093548e-01 2.986124843818826480e-01 2.986367994365151102e-01
2.497709645410123580e-01 2.500217780106573362e-01 2.495141869506532495e-01 2.488045599124872886e-01 2.488832082954671177e-01
2.259054271185911289e-01 2.258638747553179393e-01 2.257967153618331280e-01 2.256922054414091661e-01 2.256882843643458481e-01
2.446009487791832859e-01 2.445676695773558451e-01 2.445157061795702469e-01 2.444407874901217137e-01 2.444042128853683993e-01
2.869492275865823672e-01 2.869967221259632773e-01 2.868230435690845570e-01 2.866384531333017183e-01 2.866041206510395734e-01
2.417359347331803909e-01 2.418216066750499826e-01 2.415086067934787695e-01 2.413834850674512200e-01 2.414506469326738181e-01
2.121628042188862251e-01 2.121533152181803994e-01 2.121222263809301178e-01 2.120389743737582933e-01 2.120558082124375798e-01
2.029153926998191193e-01 2.029289518139925919e-01 2.029063033613868472e-01 2.028616342621982205e-01 2.029195227494899334e-01
2.006038104504324626e-01 2.006108708699426979e-01 2.005711744297384025e-01 2.005674640640849882e-01 2.005567101530126295e-01
2.002306457442273313e-01 2.002189074566317062e-01 2.001937440450297923e-01 2.001768438861422916e-01 2.001788468680672228e-01
2.001314496399007881e-01 2.001185838162156394e-01 2.001070700239908073e-01 2.001261474079983893e-01 2.001194532800392445e-01
1.998850743984340039e-01 2.000087662258017429e-01 2.000085632120544576e-01 1.999633262672669831e-01 2.002213852424035434e-01
2.000205401196688548e-01 2.001879082095544271e-01 2.002562206117544097e-01 2.002221799833431293e-01 2.003787419677315329e-01
2.000724615846200538e-01 2.000880949371349471e-01 2.000878624215122470e-01 2.000938575649172380e-01 2.001800072691418131e-01
1.994678296766399517e-01 1.994840818645791380e-01 1.994798694605559308e-01 1.994640463571286937e-01 1.994653332334725138e-01
1.993123889079621291e-01 1.993149981331713005e-01 1.993137297170794742e-01 1.993118187921362749e-01 1.993099770326690334e-01
1.996572499023654135e-01 1.996572607798156596e-01 1.996572269796657306e-01 1.996579181619551335e-01 1.996582498462247390e-01
2.001569468646010319e-01 2.001571379690749997e-01 2.001575370080360128e-01 2.001581166122999578e-01 2.001584782867815437e-01
2.004656274822911033e-01 2.004657155421729897e-01 2.004659837429344782e-01 2.004662486713749692e-01 2.004664387511167489e-01
2.007914756765926678e-01 2.007915188804471895e-01 2.007917055184984256e-01 2.007917708480513319e-01 2.007917741220295871e-01
1.716040603335546588e-01 1.716040806622651793e-01 1.716041388198360496e-01 1.716041278307748330e-01 1.716041304360751141e-01
2.800365175704415052e-02 2.800365558521392129e-02 2.800367711096831552e-02 2.800368142759051757e-02 2.800367630588103396e-02
