1.839754792021054686e-01 1.807867535656594860e-01 1.827544728704165733e-01 1.827544758612631159e-01 1.807867547675601205e-01
2.242813200316643163e-01 2.233360211414302243e-01 2.239000919148505242e-01 2.239000938604109869e-01 2.233360192854362825e-01
2.048429008538536211e-01 2.074060739728097735e-01 2.058237560801673138e-01 2.058237577503800320e-01 2.074060750967133826e-01
2.056301113853109541e-01 2.095395231483372922e-01 2.070347255637919881e-01 2.070347251563255941e-01 2.095395112081743227e-01
2.010320438494729023e-01 2.005537056188767542e-01 2.005911156398630935e-01 2.005911192950801392e-01 2.005537004791345390e-01
2.187388136904591385e-01 2.033064334177084320e-01 2.123740430219440978e-01 2.123740584588925118e-01 2.033064339093878792e-01
2.029759223367468834e-01 2.035362745046772337e-01 2.025551848156434132e-01 2.025551860793096681e-01 2.035362771280129213e-01
2.005387481440742969e-01 2.097659220426739135e-01 2.039692648577407508e-01 2.039692534541549807e-01 2.097659387572655965e-01
2.101459836949463034e-01 2.110373286773889190e-01 2.075407837992469806e-01 2.075407804591918870e-01 2.110373255228642497e-01
2.147849573889861197e-01 2.027973028422356272e-01 2.025539226427416073e-01 2.025539322564468003e-01 2.027972969537459869e-01
2.359280164342455466e-01 2.213900708088198943e-01 2.175266151103800727e-01 2.175266395318767032e-01 2.213900677749943147e-01
2.083419964394981061e-01 2.502764430374364579e-01 2.108835924664718142e-01 2.108835929973685575e-01 2.502764497584262782e-01
2.082540262411763654e-01 2.268210869875916524e-01 2.188593558314761434e-01 2.188593327667243127e-01 2.268211055463000558e-01
5.789030583653576034e-01 2.030702929223397735e-01 2.622974365543423447e-01 2.622974293483079644e-01 2.030702800281798948e-01
2.089734096044095768e-01 2.155848224933177848e-01 2.149915403251906887e-01 2.149915489474437114e-01 2.155848059525988514e-01
2.366003885433734799e-01 2.558612880103463549e-01 2.304799017174579412e-01 2.304799309033871424e-01 2.558613069404280793e-01
2.107522027893466432e-01 2.191671392150930098e-01 2.011417474335361610e-01 2.011417502206055974e-01 2.191671369106489853e-01
2.225819949885282367e-01 2.205934813316834386e-01 2.141798565310261693e-01 2.141798355595767867e-01 2.205934852125707724e-01
2.100780912765734254e-01 2.100405229029059240e-01 2.071297511490272358e-01 2.071297527989057752e-01 2.100405258940959696e-01
2.064602918467143555e-01 2.061645629390166934e-01 2.062364888158075837e-01 2.062365010467157311e-01 2.061645562472112503e-01
2.293409578987118946e-01 2.150235546697951972e-01 2.232381604717703916e-01 2.232381737208684880e-01 2.150235654242071970e-01
2.006111077308634361e-01 2.007939190288711151e-01 2.002306627971794650e-01 2.002306645583778189e-01 2.007939178286301529e-01
2.181830227939111355e-01 2.219932713408556690e-01 2.193885878204719364e-01 2.193885798553395772e-01 2.219932742577351847e-01
2.089247316191441550e-01 2.112487594902361376e-01 2.097326279549102668e-01 2.097326332930020687e-01 2.112487657883648506e-01
2.284060386194577130e-01 2.274586378364312766e-01 2.280317181639179847e-01 2.280317239350226621e-01 2.274586383638248499e-01
1.975013238128852933e-01 1.943299082924920262e-01 1.962779770137966229e-01 1.962779804562296559e-01 1.943299112090408620e-01
