1.886643665401271375e-01 1.886802651598994685e-01 1.886360596333935546e-01 1.885893282375730173e-01 1.885977856875031000e-01
2.628373030257309395e-01 2.629234512755861952e-01 2.627090496659441610e-01 2.624926045236706251e-01 2.625306315455353534e-01
2.956454261762760938e-01 2.958532713122370983e-01 2.952454161285573697e-01 2.946870836018042339e-01 2.947840849193335000e-01
2.539167050729740360e-01 2.540360627453847053e-01 2.534868517312470204e-01 2.530714651115603675e-01 2.530931153432864344e-01
2.522676592254470829e-01 2.521848127884365187e-01 2.522604904914119706e-01 2.524446039690438348e-01 2.523276261398120779e-01
2.906870128404461240e-01 2.907082547292728081e-01 2.910681467767518571e-01 2.913570323566979092e-01 2.910353773890916318e-01
2.423148222041041078e-01 2.423952242686218117e-01 2.425892620501403918e-01 2.426314173696412502e-01 2.423884974402906178e-01
2.155526383367147303e-01 2.154717107664265163e-01 2.150064564524142019e-01 2.147508993148080914e-01 2.150081899866746749e-01
2.172861143914305571e-01 2.169524457743175760e-01 2.151594412438561088e-01 2.144146564828910417e-01 2.155167738275251266e-01
2.476576821953910268e-01 2.466021022343489466e-01 2.408844411618263903e-01 2.385277231196864800e-01 2.424463410844457656e-01
2.887566791925283427e-01 2.874692436695220898e-01 2.805216194504318583e-01 2.775538665918293457e-01 2.825364464734295145e-01
2.412453344141340938e-01 2.413802467914128447e-01 2.388766474131704676e-01 2.374010984322134643e-01 2.388896670004241884e-01
2.115272036336435513e-01 2.065279240932060278e-01 2.106158530116628846e-01 2.101425940981851703e-01 2.057649803069862282e-01
2.634387212970256131e-01 1.999656863311210786e-01 1.972204097540030121e-01 1.970904347321436878e-01 1.997811572484444187e-01
1.993844376324577783e-01 1.947434239812482482e-01 1.997282744376154828e-01 1.996593397622397070e-01 1.947070382350073181e-01
1.976648909825691469e-01 1.988684812138913627e-01 2.001434959258086843e-01 2.002025288201657593e-01 1.990168140969442723e-01
1.998711387992033461e-01 2.002550552071913903e-01 2.004868692108795203e-01 2.005743861450762500e-01 2.004457867504745583e-01
2.002678090969205460e-01 2.003120875622822761e-01 2.003199497121806449e-01 2.003204460906151951e-01 2.003356081952719636e-01
1.996895927986881702e-01 1.996836157872646789e-01 1.996684683950341876e-01 1.996597055628205331e-01 1.996684999703845498e-01
1.990906680140129559e-01 1.990894434598427243e-01 1.990896709583303559e-01 1.990887189739138086e-01 1.990903265827883017e-01
1.992423565947644692e-01 1.992429182553628886e-01 1.992457906480158691e-01 1.992479928017664437e-01 1.992510777501835528e-01
2.000158752470532764e-01 2.000162970587687772e-01 2.000183392574035324e-01 2.000197301217126744e-01 2.000217345052391071e-01
2.005145578795748396e-01 2.005144063039182856e-01 2.005156563227794009e-01 2.005167497438772872e-01 2.005174435898456897e-01
2.008791992935220760e-01 2.008792198869164825e-01 2.008795941802414831e-01 2.008798251541099866e-01 2.008798628056658597e-01
1.716744817090244679e-01 1.716744184493954051e-01 1.716744350628582605e-01 1.716745114559053986e-01 1.716745978856759058e-01
2.802366221501656138e-02 2.802362353164467024e-02 2.802364972107600910e-02 2.802369963167597455e-02 2.802372279086936049e-02
