2.795061704712617848e-02 2.795061765740854479e-02 2.795061753072204669e-02 2.795061752672768629e-02 2.795061766151419463e-02
1.714457220484989775e-01 1.714457231340285881e-01 1.714457220087897416e-01 1.714457219920209885e-01 1.714457231142184346e-01
2.005916823779026192e-01 2.005916836399723457e-01 2.005916810344075263e-01 2.005916810164713737e-01 2.005916835944151211e-01
2.002266596758722206e-01 2.002266637316210962e-01 2.002266633212981262e-01 2.002266633077519620e-01 2.002266636775745789e-01
2.000000304143508267e-01 2.000000024268293597e-01 2.000000003447139907e-01 2.000000003261704906e-01 2.000000023783681802e-01
1.998323929865358506e-01 1.998321981344136633e-01 1.998321364968032587e-01 1.998321364911487263e-01 1.998321981385813295e-01
1.999562185913201784e-01 1.999556466621838779e-01 1.999549230112536435e-01 1.999549230012761802e-01 1.999556466757669293e-01
2.000006832374782717e-01 2.000016341616000504e-01 1.999989606113102003e-01 1.999989605955016791e-01 2.000016341525299723e-01
1.999968470152971300e-01 2.000030489267381195e-01 2.000029944238495838e-01 2.000029944162522721e-01 2.000030489278458723e-01
2.000476745056891659e-01 2.000030918781705580e-01 2.000004188583120179e-01 2.000004188512518599e-01 2.000030918887157061e-01
2.004243385576373604e-01 2.000916961651032222e-01 1.999998429026245972e-01 1.999998429063500616e-01 2.000916962020915790e-01
2.021482834681022633e-01 2.012515040006559452e-01 2.000761261497839283e-01 2.000761261538542557e-01 2.012515040321659066e-01
1.998605681127937628e-01 2.048950351156879901e-01 2.006915838916903949e-01 2.006915838871780877e-01 2.048950351237025791e-01
1.548086811521134920e-01 2.013017757534270591e-01 2.047717258627970438e-01 2.047717258618245717e-01 2.013017757644676164e-01
1.998605024495033744e-01 2.048949777507874936e-01 2.006915270608113644e-01 2.006915270592911082e-01 2.048949777484818935e-01
2.021481313143842218e-01 2.012513564099081276e-01 2.000759816093775623e-01 2.000759816060147800e-01 2.012513564054697612e-01
2.004245459646505356e-01 2.000919031948827087e-01 2.000000500936886805e-01 2.000000500950809279e-01 2.000919032061440894e-01
2.000477147939300759e-01 2.000031321897878245e-01 2.000004586378916482e-01 2.000004586391756767e-01 2.000031322018230862e-01
1.999953476739713687e-01 2.000015526781005193e-01 2.000014958768977780e-01 2.000014958799597453e-01 2.000015526868956228e-01
1.999570071235730606e-01 1.999579671607091824e-01 1.999552936053334562e-01 1.999552936049075191e-01 1.999579671478929344e-01
1.998334754780014266e-01 1.998329081462409673e-01 1.998321875682923521e-01 1.998321875626415667e-01 1.998329081435320509e-01
2.000002567945833309e-01 2.000000614851525360e-01 2.000000000405502132e-01 2.000000000407358147e-01 2.000000615054045028e-01
2.002266917422441950e-01 2.002266638044205849e-01 2.002266612160157333e-01 2.002266612176458183e-01 2.002266638288259515e-01
2.005916779605118327e-01 2.005916852131025552e-01 2.005916825981873541e-01 2.005916826027513700e-01 2.005916852273532114e-01
1.714457167166470175e-01 1.714457274858305902e-01 1.714457255191682850e-01 1.714457255212852860e-01 1.714457274810526066e-01
2.795061472111212350e-02 2.795062004977566864e-02 2.795062186362201953e-02 2.795062186149872840e-02 2.795062004205333198e-02
