1.885145187946504486e-01 1.885173209309126685e-01 1.884960923206273897e-01 1.884784099385601042e-01 1.884902265096254359e-01
2.621760373789892018e-01 2.621914475653548404e-01 2.621079357640184182e-01 2.620386584071668357e-01 2.620795857246014382e-01
2.927500479424797741e-01 2.928017932204779461e-01 2.925197890591314520e-01 2.922891646416346245e-01 2.924247261656225949e-01
2.453071136940477570e-01 2.453537137127476397e-01 2.450569941268029850e-01 2.448129649878149905e-01 2.449543632850558206e-01
2.238927750294834040e-01 2.239087307576053676e-01 2.237827625010286037e-01 2.236711222893290607e-01 2.237338083586662141e-01
2.439531842038748510e-01 2.439960318718014665e-01 2.437974166400016240e-01 2.436167264485441519e-01 2.437131817926571353e-01
2.873081337432423776e-01 2.875095021512945603e-01 2.867506155511873600e-01 2.860715506831040256e-01 2.864216676166940201e-01
2.420897915573330950e-01 2.422952014785701713e-01 2.414936834865411552e-01 2.407938416165464612e-01 2.411779754096284589e-01
2.125704220613172934e-01 2.125367920701038416e-01 2.122207342650557493e-01 2.120242849283958120e-01 2.122351200796420145e-01
2.040747822061026451e-01 2.037668058668358761e-01 2.033092800633633235e-01 2.032471524601356661e-01 2.036766232076193672e-01
2.052755392401959533e-01 2.042721160024631999e-01 2.027516318340535362e-01 2.027192811861970589e-01 2.042257836756117828e-01
2.175157075278485175e-01 2.139915447126980452e-01 2.094956971086861797e-01 2.094373848718186770e-01 2.138918625334401413e-01
2.617065567885731858e-01 2.416067696303976775e-01 2.272761764599600109e-01 2.271415141277733363e-01 2.413256685374703114e-01
3.836514769106524336e-01 2.850273900684861528e-01 2.554504141765003289e-01 2.551877228318543134e-01 2.844833512032319267e-01
2.564788933665231307e-01 2.382811249648872365e-01 2.260526548392953472e-01 2.258333642748014958e-01 2.378686528502869102e-01
2.175477331311349849e-01 2.147887454826199194e-01 2.110331512510053853e-01 2.109793383187102411e-01 2.147103963144739169e-01
2.159293126743095370e-01 2.151368678749699948e-01 2.138894410867994145e-01 2.139136165082671792e-01 2.151962883080092148e-01
2.420858980775668079e-01 2.418254215479614111e-01 2.416844153115083882e-01 2.418144389994189014e-01 2.420512198382672731e-01
2.857625439594190242e-01 2.855487214217970471e-01 2.855488230830211527e-01 2.857471281034445476e-01 2.858756587386640513e-01
2.415698394083426181e-01 2.413733035768354795e-01 2.412688119013293997e-01 2.413979868934674478e-01 2.415836651303288618e-01
2.122239276863961965e-01 2.121576465575141512e-01 2.121209107114432613e-01 2.121638120951647999e-01 2.122273238187713240e-01
2.029468749067483702e-01 2.029239341369155902e-01 2.029098121455149561e-01 2.029240990532590605e-01 2.029474292758875476e-01
2.010047089778652651e-01 2.009970678117729281e-01 2.009920286637630893e-01 2.009966164304806124e-01 2.010045734528724259e-01
2.039643615682448508e-01 2.039620476475692279e-01 2.039605612909512478e-01 2.039619758031312735e-01 2.039643304048589512e-01
2.214181383958550020e-01 2.214175259268860718e-01 2.214171323943303071e-01 2.214175035722117657e-01 2.214181227957200127e-01
1.744692500799607804e-01 1.744691530944887381e-01 1.744690890383665816e-01 1.744691464198979414e-01 1.744692446120318929e-01
