1.480608899716334866e-03 4.176630876935179607e-03 6.507812873756483804e-03 4.176636175920205550e-03
2.139582649928229580e-02 4.116337047734221904e-02 6.093044246765941946e-02 4.116343225525845306e-02
8.578840362382215978e-02 1.265446455042642804e-01 1.666367532258773154e-01 1.265447798605305874e-01
1.682966968983493627e-01 1.793216987783084748e-01 1.890162044728118662e-01 1.793217303442726229e-01
2.034686228903220262e-01 2.040996669097203120e-01 2.042311619901845954e-01 2.040996665282064082e-01
2.108638673816345399e-01 2.101081705314627457e-01 2.097793081935462323e-01 2.101081713599567968e-01
1.856830090361632490e-01 1.889076008849616406e-01 1.927398242811602380e-01 1.889076189327666688e-01
1.661981623869466240e-01 1.761131870081893147e-01 1.862253526879389942e-01 1.761132284761044164e-01
1.799294768311761050e-01 1.826288130952771205e-01 1.852181235252600422e-01 1.826288253804525252e-01
2.038647642994117770e-01 2.040023545333543298e-01 2.040625674874976536e-01 2.040023553944669554e-01
2.111414244577853039e-01 2.109647228332199309e-01 2.108020377813101254e-01 2.109647238533843838e-01
1.903843790650040779e-01 1.898727771361199690e-01 1.893805528678314254e-01 1.898727727382787389e-01
8.139541887570533873e-02 8.063859792726144060e-02 7.987971414850075780e-02 8.063859219297414560e-02
8.130623210407238177e-02 8.132978885862801599e-02 8.135198467824050761e-02 8.132983207234209533e-02
1.916795108069469789e-01 1.917813283951349812e-01 1.918832194924757761e-01 1.917813597378087986e-01
2.109204104828119597e-01 2.109416260236132712e-01 2.109634944256603140e-01 2.109416422554501735e-01
1.994573491165445023e-01 1.994834821078318998e-01 1.995100567333006614e-01 1.994834862436636047e-01
1.346402403388650137e-01 1.346612073793986009e-01 1.346821207574811496e-01 1.346610951047918503e-01
1.357300850363820643e-01 1.356427049002860707e-01 1.355548014148919567e-01 1.356422642028659031e-01
2.002682049052739444e-01 2.002268369771767753e-01 2.001852390007831106e-01 2.002266532554231593e-01
2.118552058562800933e-01 2.118561591092487928e-01 2.118571322774698562e-01 2.118561616675735670e-01
1.996497503750045699e-01 1.996630876186812065e-01 1.996764781189702409e-01 1.996630867905840878e-01
1.288582671463160412e-01 1.288534815691459445e-01 1.288484969742113018e-01 1.288532391352151807e-01
1.279843203809794827e-01 1.278543650426260114e-01 1.277234420242006896e-01 1.278533801449579788e-01
1.610404868003615098e-01 1.609790732985454942e-01 1.609172228506632885e-01 1.609786314580355371e-01
1.863605799516866030e-02 1.863176206277770280e-02 1.862743611919094600e-02 1.863173123809683598e-02
