1.839732271428995702e-01 1.807850305412504466e-01 1.827525016366432775e-01 1.827525024199808390e-01 1.807850311558599210e-01
2.242804565142462736e-01 2.233356378522713959e-01 2.238994295436850246e-01 2.238994300733844200e-01 2.233356384464557920e-01
2.048424429382970091e-01 2.074054877223431848e-01 2.058232110841562157e-01 2.058232112961344840e-01 2.074054899142345754e-01
2.056289869130965564e-01 2.095372842452080386e-01 2.070331682657893246e-01 2.070331674392767718e-01 2.095372825947671158e-01
2.010319433653559862e-01 2.005537248080078161e-01 2.005912923523150149e-01 2.005912930516284276e-01 2.005537231016452371e-01
2.187359372407372271e-01 2.033057703566443775e-01 2.123724965747225968e-01 2.123725012017479985e-01 2.033057708696224541e-01
2.029750003959018556e-01 2.035362315745562201e-01 2.025544698122075660e-01 2.025544702017387511e-01 2.035362322681894265e-01
2.005389553928131896e-01 2.097655303698078566e-01 2.039692346486609575e-01 2.039692305645520176e-01 2.097655355135981670e-01
2.101457463659198721e-01 2.110351429766185727e-01 2.075402819325991299e-01 2.075402803967482390e-01 2.110351418872354889e-01
2.147845679471202252e-01 2.027973487471926850e-01 2.025545040034709421e-01 2.025545069693653055e-01 2.027973466319146489e-01
2.359252594957380322e-01 2.213905456571173269e-01 2.175262248075619520e-01 2.175262333577376861e-01 2.213905445285209161e-01
2.083412357139665660e-01 2.502766373310572057e-01 2.108829903000596917e-01 2.108829911853493944e-01 2.502766389418913384e-01
2.082547445574618739e-01 2.268211911374706513e-01 2.188600588619424303e-01 2.188600506792656997e-01 2.268211983306271384e-01
5.789030186777456288e-01 2.030687236409371432e-01 2.622981098140288458e-01 2.622981070726949082e-01 2.030687211968633943e-01
2.089728758689786137e-01 2.155848890990431366e-01 2.149925351230139448e-01 2.149925384494727754e-01 2.155848844362321104e-01
2.365992251575520511e-01 2.558625198122645994e-01 2.304808561179863546e-01 2.304808661031839401e-01 2.558625237813795250e-01
2.107518602792599338e-01 2.191672935698953106e-01 2.011414131340777123e-01 2.011414144614011024e-01 2.191672927158283546e-01
2.225830994288754139e-01 2.205943077084060455e-01 2.141813405248501057e-01 2.141813337580665277e-01 2.205943100568562021e-01
2.100780756560523266e-01 2.100399399653941346e-01 2.071308337448708736e-01 2.071308340033573836e-01 2.100399414343689097e-01
2.064601011799548635e-01 2.061648594547434987e-01 2.062374745808695786e-01 2.062374784653548399e-01 2.061648577297906237e-01
2.293412677396182986e-01 2.150253105710579482e-01 2.232398378416028395e-01 2.232398427157100407e-01 2.150253132173848003e-01
2.006110108198414788e-01 2.007939657029168268e-01 2.002305708937215656e-01 2.002305715741733716e-01 2.007939653326272222e-01
2.181845260170093559e-01 2.219947349967494321e-01 2.193904697006774096e-01 2.193904673207396350e-01 2.219947364976361248e-01
2.089248980323787641e-01 2.112490232644470001e-01 2.097335664276041012e-01 2.097335680949723169e-01 2.112490258123311537e-01
2.284063450704363341e-01 2.274591436802980982e-01 2.280324242437562487e-01 2.280324261033145894e-01 2.274591440081598082e-01
1.975029422123357470e-01 1.943317505707077286e-01 1.962797843320031321e-01 1.962797854663086705e-01 1.943317513881326897e-01
