2.797521689436877068e-02 2.797501226300126362e-02 2.797475022274836104e-02 2.797446969543453121e-02 2.797473139672629686e-02
1.715220883677167352e-01 1.715207233320295011e-01 1.715208036160089933e-01 1.715206664440432627e-01 1.715212804783110001e-01
2.006891816513541316e-01 2.006875817301814746e-01 2.006878064540079942e-01 2.006855126667128619e-01 2.006856771046280352e-01
2.003458272496626558e-01 2.003418248961832959e-01 2.003423613935792491e-01 2.003382754961176571e-01 2.003368719366289685e-01
2.001275709019443572e-01 2.001221920647608676e-01 2.001236962380947282e-01 2.001178134544071285e-01 2.001052163568226017e-01
1.999162230131490969e-01 1.999111232758425949e-01 1.999098853588063274e-01 1.999059268433736325e-01 1.998810779439077756e-01
1.999264999885941585e-01 1.999215148502738459e-01 1.999195570361818608e-01 1.999221814847203238e-01 1.999045658348812815e-01
1.997952443911741593e-01 1.997931325433667249e-01 1.997949938197030040e-01 1.997971535470328963e-01 1.997992896365620719e-01
1.996857118422092070e-01 1.996819771838402036e-01 1.996880785732758068e-01 1.996842358974962872e-01 1.996652992936256699e-01
1.997914960419925889e-01 1.997649085521857604e-01 1.997478951280347581e-01 1.997297183530585829e-01 1.996958032363236324e-01
1.999946834116428374e-01 1.999301950500080582e-01 1.999226360145779091e-01 1.999253378857785979e-01 1.998736074845283983e-01
2.004710905212295224e-01 2.003184005358568942e-01 2.001150352284167266e-01 2.001223888072339308e-01 2.003077164608763339e-01
2.000714977826644758e-01 2.011602186512194412e-01 2.003005829716641428e-01 2.003093519485058538e-01 2.011755012859877678e-01
1.897971126899442862e-01 2.003979028571845900e-01 2.011084603403976712e-01 2.011060791189352714e-01 2.003812069694591858e-01
1.998220180992535955e-01 2.008928571311793532e-01 2.000286624965119109e-01 2.000219928559474891e-01 2.008778282090687706e-01
1.998300875976506130e-01 1.996630869628182592e-01 1.994276483725432314e-01 1.993942395037689441e-01 1.996163867228005762e-01
1.998304880813512041e-01 1.997643864519249857e-01 1.997303324063529617e-01 1.997377432450423984e-01 1.997554061865033370e-01
1.994571381450463698e-01 1.994694726407076901e-01 1.994916167192427037e-01 1.995315877428179008e-01 1.995215132771488153e-01
1.952928887848315032e-01 1.953643513625160644e-01 1.953405128947336422e-01 1.952923680241804294e-01 1.952839253388945762e-01
1.638912786834859081e-01 1.641895626250621520e-01 1.637243591398310494e-01 1.631727115742594714e-01 1.632901755423035173e-01
8.128142491983354756e-02 8.156458865663336610e-02 8.100602202383738737e-02 8.038809729278942329e-02 8.056312266302222136e-02
1.645196574294346958e-01 1.645544838003399624e-01 1.644126689142307585e-01 1.642814617463670968e-01 1.643440924592411978e-01
1.941925338722603755e-01 1.941853589205901065e-01 1.941754062057630403e-01 1.941614712612171612e-01 1.941653695364792542e-01
1.678870326554512959e-01 1.678797892569064143e-01 1.679221375108021774e-01 1.679437603492186237e-01 1.679169110098860940e-01
3.349363711618812828e-02 3.349045405493630140e-02 3.352749628792372344e-02 3.354755281470270939e-02 3.352396807269363010e-02
1.825638368615865349e-03 1.825034868507416494e-03 1.825372377704771992e-03 1.824812370263928550e-03 1.824364375379882320e-03
