1.611688059592434469e-02 1.894041625232554052e-02 2.039065290122929475e-02 1.894041619886031522e-02
1.622038298883209662e-01 1.659077797253173392e-01 1.684310674336850500e-01 1.659077789582805995e-01
1.783443809619552900e-01 1.794045539820725010e-01 1.800403678943594266e-01 1.794045522759996625e-01
1.793536275061695384e-01 1.794991951061974678e-01 1.795835953278832331e-01 1.794991947203787297e-01
2.038540076977229110e-01 2.038477471949528275e-01 2.038497729963021643e-01 2.038477471886635528e-01
2.118636200028435612e-01 2.118566382576219653e-01 2.118606173904167833e-01 2.118566382333462450e-01
2.019997186295307001e-01 2.020851356854920233e-01 2.021848864690858893e-01 2.020851353690834018e-01
1.603163174044716921e-01 1.605208491673412174e-01 1.607356143731940579e-01 1.605208484537536673e-01
1.607665545244943706e-01 1.608213768002163535e-01 1.608767786480010398e-01 1.608213766307688697e-01
2.023348895727057617e-01 2.023386322391764747e-01 2.023402966573185080e-01 2.023386322281517102e-01
2.120668918975587292e-01 2.120670527886382994e-01 2.120674016733862244e-01 2.120670527857515253e-01
2.014805821797877872e-01 2.015082158137922741e-01 2.015386745278096581e-01 2.015082158107494303e-01
1.516576275172457078e-01 1.517255862435423486e-01 1.517957566474651132e-01 1.517255862605344785e-01
1.517068333130592306e-01 1.517250672115432464e-01 1.517434513105035687e-01 1.517250673779874659e-01
2.015072538917034306e-01 2.015083972127862111e-01 2.015091026079392500e-01 2.015083972723856198e-01
2.120670865688665530e-01 2.120670254839162883e-01 2.120669335104912734e-01 2.120670254814799316e-01
2.023394877720776086e-01 2.023464003326370941e-01 2.023537455789165551e-01 2.023464004719610632e-01
1.609030960173828129e-01 1.609202018185073024e-01 1.609376538197383188e-01 1.609202022407630328e-01
1.606165392744849651e-01 1.606211684018437336e-01 1.606258240020808359e-01 1.606211689303367052e-01
2.020938862620770826e-01 2.020941814529652603e-01 2.020944098029255065e-01 2.020941816408919900e-01
2.118473483458010453e-01 2.118473012729360505e-01 2.118472394633959255e-01 2.118473012756519058e-01
2.038530647580931165e-01 2.038541343111148763e-01 2.038552470934591465e-01 2.038541344286144974e-01
1.795599279866099407e-01 1.795626812940589456e-01 1.795654725363967641e-01 1.795626818319770446e-01
1.792310199172525709e-01 1.792318455679739186e-01 1.792326827362622499e-01 1.792318467717960440e-01
1.656219766720629372e-01 1.656220731298099769e-01 1.656221727251049602e-01 1.656220736382681413e-01
1.882419814130298699e-02 1.882420470862289363e-02 1.882421190107904166e-02 1.882420474029872573e-02
