5.001003182719791947e-03 1.877436553205269476e-02 2.714356531939837378e-02 1.877436396336326641e-02
1.261891926209410264e-01 1.522616583776568444e-01 1.735130099718357743e-01 1.522616332115312998e-01
1.513141892833217150e-01 1.719806370931077355e-01 1.911786020203599945e-01 1.719805744362640221e-01
1.725727730916372937e-01 1.774850174124020519e-01 1.818670305921605279e-01 1.774849999782121546e-01
2.034430526184401455e-01 2.037605781194713472e-01 2.038388233583654230e-01 2.037605766482234737e-01
2.118480259254822695e-01 2.117513861021557697e-01 2.118393089126970330e-01 2.117513837792312226e-01
1.981410672153077202e-01 2.009905983083561942e-01 2.043879194872951499e-01 2.009905857671852591e-01
1.540643890284345841e-01 1.613655246288249467e-01 1.690493998609370330e-01 1.613655000580465071e-01
1.601863241161378126e-01 1.621616882421337280e-01 1.641480997442413270e-01 1.621616861669584186e-01
2.023136058153650330e-01 2.024518359564472236e-01 2.025115425298625593e-01 2.024518367169568511e-01
2.120575597386339384e-01 2.120563972363666283e-01 2.120643908782940679e-01 2.120563971020827387e-01
2.008600192819240404e-01 2.017960627740231216e-01 2.028333225711454468e-01 2.017960600367146584e-01
1.541177873357261752e-01 1.564419667814305748e-01 1.588426825463971070e-01 1.564419611124255594e-01
1.558383196934651771e-01 1.564635177737033755e-01 1.570927801773880916e-01 1.564635192175490019e-01
2.018541582111831600e-01 2.018938706561586582e-01 2.019181358329959763e-01 2.018938717791604887e-01
2.120687101060843016e-01 2.120660061837223997e-01 2.120624594966719345e-01 2.120660058489662325e-01
2.024816550794378556e-01 2.027107846626169663e-01 2.029548494667713643e-01 2.027107836818173581e-01
1.650176306215631605e-01 1.655868389480427139e-01 1.661677528036750173e-01 1.655868386735971365e-01
1.651735655137626380e-01 1.653278190827709992e-01 1.654828529529332737e-01 1.653278236314477956e-01
2.024828104669819384e-01 2.024927350058194075e-01 2.025003643277837884e-01 2.024927374885494291e-01
2.118517542902377260e-01 2.118501572182155401e-01 2.118480827755152562e-01 2.118501574433626911e-01
2.039547596015408026e-01 2.039897001009727262e-01 2.040261029279786809e-01 2.039897002396605374e-01
1.813080058751947998e-01 1.813981685331717275e-01 1.814895747218293887e-01 1.813981710958750271e-01
1.810940852652170308e-01 1.811211436330042446e-01 1.811485387852167228e-01 1.811211533446477062e-01
1.657903756973664877e-01 1.657935418785514703e-01 1.657967936827346167e-01 1.657935464565340744e-01
1.883111025423152979e-02 1.883132664683361684e-02 1.883156222911185410e-02 1.883132732970215981e-02
