2.021958044501993013e-01 2.021958044455325620e-01 2.021958044491051210e-01 2.021958044437773272e-01
2.313379334299736634e-01 2.313379334224858197e-01 2.313379334314335511e-01 2.313379334183794378e-01
2.001291502285468815e-01 2.001291502097538588e-01 2.001291501938541884e-01 2.001291501777410775e-01
1.949782229627885777e-01 1.949782229522440402e-01 1.949782229378056453e-01 1.949782229214125640e-01
2.083021874643982974e-01 2.083021874534741191e-01 2.083021874619440106e-01 2.083021874543535545e-01
2.143405324204173956e-01 2.143405324122025779e-01 2.143405324177697080e-01 2.143405324107289511e-01
2.140843524002016829e-01 2.140843523922270064e-01 2.140843523984527486e-01 2.140843523904877865e-01
2.097888947293201078e-01 2.097888947223364164e-01 2.097888947097069079e-01 2.097888947071009647e-01
2.082567786417149902e-01 2.082567786391998910e-01 2.082567786390251974e-01 2.082567786295501100e-01
2.154746092552959069e-01 2.154746092484888798e-01 2.154746092590920370e-01 2.154746092556658887e-01
2.164964998353147152e-01 2.164964998359006909e-01 2.164964998391182005e-01 2.164964998401807117e-01
2.184551996932947160e-01 2.184551996985489852e-01 2.184551997010669711e-01 2.184551997061945361e-01
2.161598337306164241e-01 2.161598337357129029e-01 2.161598337325333630e-01 2.161598337388149493e-01
2.161598337187894681e-01 2.161598337196726505e-01 2.161598337289177829e-01 2.161598337289457050e-01
2.184551997249324085e-01 2.184551997219439934e-01 2.184551997295136327e-01 2.184551997243473209e-01
2.164964998684101305e-01 2.164964998666993046e-01 2.164964998739173641e-01 2.164964998707270827e-01
2.154746093825510855e-01 2.154746093862983103e-01 2.154746093864357004e-01 2.154746093877643320e-01
2.082567789263482794e-01 2.082567789309640038e-01 2.082567789279783921e-01 2.082567789330418417e-01
2.097888949782695245e-01 2.097888949846582751e-01 2.097888949941496273e-01 2.097888949986762008e-01
2.140843525509672773e-01 2.140843525563041472e-01 2.140843525532737657e-01 2.140843525542059922e-01
2.143405324724720062e-01 2.143405324765946252e-01 2.143405324757597097e-01 2.143405324776262721e-01
2.083021876093276992e-01 2.083021876142405471e-01 2.083021876107173376e-01 2.083021876142832352e-01
1.949782231935041354e-01 1.949782231989909687e-01 1.949782231987071401e-01 1.949782232051238684e-01
2.001291504614966799e-01 2.001291504624770345e-01 2.001291504754939554e-01 2.001291504934211152e-01
2.313379334874418047e-01 2.313379334913472363e-01 2.313379334927564146e-01 2.313379335065789688e-01
2.021958043954793505e-01 2.021958044002317989e-01 2.021958043992826415e-01 2.021958044026306300e-01
