1.744445836644979153e-01 1.744445836520131243e-01 1.744445836620238943e-01 1.744445836706277619e-01 1.744445836595466537e-01
2.213497865402286879e-01 2.213497865099900985e-01 2.213497865184802516e-01 2.213497865211378202e-01 2.213497864860510533e-01
2.037680874868131875e-01 2.037680874464870562e-01 2.037680874364686257e-01 2.037680874223046223e-01 2.037680873856027586e-01
2.004065845400432311e-01 2.004065845004380786e-01 2.004065844837515653e-01 2.004065844645900318e-01 2.004065844426019816e-01
1.999999999970289988e-01 1.999999999772870130e-01 1.999999999589498756e-01 1.999999999408179074e-01 1.999999999387817307e-01
2.000120598442473308e-01 2.000120598329890031e-01 2.000120598235533564e-01 2.000120598112513359e-01 2.000120598096549185e-01
2.000161648631033906e-01 2.000161648484871380e-01 2.000161648474857168e-01 2.000161648384801427e-01 2.000161648289463245e-01
2.000024430404998554e-01 2.000024430334738368e-01 2.000024430348667226e-01 2.000024430253765639e-01 2.000024430232059114e-01
2.000002607874950544e-01 2.000002607875301375e-01 2.000002608002800775e-01 2.000002607921950726e-01 2.000002608018280059e-01
1.999999999803816764e-01 1.999999999881653945e-01 2.000000000006851297e-01 1.999999999943431472e-01 2.000000000136965550e-01
2.000000139023627999e-01 2.000000139058537851e-01 2.000000139201619787e-01 2.000000139152232903e-01 2.000000139328941828e-01
2.000000134760876458e-01 2.000000134742375146e-01 2.000000134850338229e-01 2.000000134772541571e-01 2.000000134874711788e-01
2.000000021328537936e-01 2.000000021343444068e-01 2.000000021407934703e-01 2.000000021320236243e-01 2.000000021401264760e-01
2.000000021247022863e-01 2.000000021290219976e-01 2.000000021331750644e-01 2.000000021259947525e-01 2.000000021338608214e-01
2.000000134568017673e-01 2.000000134619716041e-01 2.000000134684932207e-01 2.000000134642843375e-01 2.000000134713535438e-01
2.000000138949838135e-01 2.000000138993265619e-01 2.000000139060339188e-01 2.000000138999577237e-01 2.000000139062390048e-01
1.999999999910711812e-01 1.999999999973617049e-01 2.000000000022280067e-01 1.999999999950062834e-01 2.000000000006374179e-01
2.000002608057977471e-01 2.000002608134396898e-01 2.000002608171345120e-01 2.000002608139125337e-01 2.000002608215905586e-01
2.000024430659395613e-01 2.000024430738234771e-01 2.000024430759897720e-01 2.000024430754055449e-01 2.000024430862413494e-01
2.000161648870327491e-01 2.000161648965668726e-01 2.000161649015660681e-01 2.000161649038869338e-01 2.000161649136111830e-01
2.000120598535158334e-01 2.000120598563923380e-01 2.000120598581271725e-01 2.000120598596868693e-01 2.000120598626434210e-01
1.999999999678963580e-01 1.999999999732390288e-01 1.999999999770885328e-01 1.999999999758340641e-01 1.999999999833617093e-01
2.004065844418075892e-01 2.004065844513683303e-01 2.004065844570516453e-01 2.004065844575118605e-01 2.004065844693781184e-01
2.037680873503967816e-01 2.037680873644899804e-01 2.037680873690194128e-01 2.037680873730998710e-01 2.037680873886870692e-01
2.213497863994624837e-01 2.213497864118663949e-01 2.213497864166807383e-01 2.213497864217724154e-01 2.213497864282983896e-01
1.744445835544893575e-01 1.744445835590208160e-01 1.744445835632267572e-01 1.744445835625230978e-01 1.744445835617389751e-01
