1.885590342044752565e-01 1.885991663025504417e-01 1.884866381432716842e-01 1.883766921626899848e-01 1.884148859767417750e-01
2.622020452586631412e-01 2.623736989419955812e-01 2.618672018636181154e-01 2.613941267537788771e-01 2.615700571180951117e-01
2.926094150915956593e-01 2.931525250857239251e-01 2.916071253246768635e-01 2.901185982570950173e-01 2.906532282275199330e-01
2.435962631136321110e-01 2.441081447167541552e-01 2.425436577272591376e-01 2.410375505552472541e-01 2.415879229760920788e-01
2.123154884346200033e-01 2.124451546626626441e-01 2.119812447996929639e-01 2.115408520962936412e-01 2.117388060385790860e-01
2.028723709339275982e-01 2.029256402020339356e-01 2.028427289083178375e-01 2.027613885012512496e-01 2.028130222176348363e-01
2.006473218413596382e-01 2.006830150045623429e-01 2.007445890555543955e-01 2.007608111510139071e-01 2.007517728284904379e-01
2.002919028588382999e-01 2.002982435668304861e-01 2.002915564886870448e-01 2.002790354710838605e-01 2.002904576847024942e-01
2.000019778398647308e-01 1.999814042060685804e-01 1.999353824951477510e-01 1.999503978324361220e-01 1.999848592620573073e-01
1.997314741461740928e-01 1.997263120771437528e-01 1.996033508114216926e-01 1.996152288147042264e-01 1.997264178957694758e-01
1.991428975583121874e-01 1.995607938718540475e-01 1.994281670013287600e-01 1.994323173529483351e-01 1.995598896234048181e-01
1.953229471482705593e-01 1.973257489731672643e-01 1.993028158219576906e-01 1.992932183585800487e-01 1.972983811163608880e-01
1.966518142489618315e-01 1.872423014599988722e-01 1.975980742903074017e-01 1.975492680025026926e-01 1.871416217701426798e-01
3.361675788045438429e-01 1.913804055534676085e-01 1.872866271067089305e-01 1.872688542346603591e-01 1.913391308918297173e-01
1.962084040312662148e-01 1.874141811826106618e-01 1.982634351674438244e-01 1.982572122706470208e-01 1.873870987003968258e-01
1.948704850093265217e-01 1.973809717186526813e-01 1.997383468026883990e-01 1.997193901741504130e-01 1.974119093606180042e-01
1.992931151160030612e-01 1.999096012976157299e-01 1.999719956489702799e-01 1.999068554589117086e-01 1.998907153086104671e-01
1.999610886375751129e-01 1.999949350604493803e-01 2.000182127863840975e-01 2.000265785259228990e-01 2.000209639495679481e-01
2.001616562362915352e-01 2.001519053899136757e-01 2.003011795136457884e-01 2.005023795526044705e-01 2.005069489793650794e-01
1.999613499467615130e-01 2.000405205655889918e-01 2.000566652638434972e-01 2.000806570600602852e-01 2.000733609873222574e-01
1.990766331408560519e-01 1.990916955810619893e-01 1.990750404647357030e-01 1.990624209666277400e-01 1.990705598955095357e-01
1.992147796763630296e-01 1.992171259253762705e-01 1.992126245816950580e-01 1.992090023407246946e-01 1.992117690021859566e-01
2.000865266009508314e-01 2.000872165646929990e-01 2.000871970062831073e-01 2.000870307579354634e-01 2.000874822683761656e-01
2.009458835203374871e-01 2.009460256433542591e-01 2.009463264147254846e-01 2.009465549885650071e-01 2.009466305243264583e-01
1.719532811416585039e-01 1.719534123292381922e-01 1.719534924865507297e-01 1.719534900605396155e-01 1.719534707985400646e-01
2.809176315220719353e-02 2.809178960431032643e-02 2.809185933221788542e-02 2.809189424718675290e-02 2.809186216199783745e-02
