2.042592656906575543e-01 2.018319242075448383e-01 2.031707288907738107e-01 2.031700599153012654e-01 2.018396912943439814e-01
2.351284607136723825e-01 2.326580731650309819e-01 2.341406802574021173e-01 2.341153747882672720e-01 2.326352196750917922e-01
2.185141266577984298e-01 2.183981569929957789e-01 2.185561019305681807e-01 2.185298915868424119e-01 2.183620145471671381e-01
2.289055519208275657e-01 2.316620213078633139e-01 2.298710215174586124e-01 2.298784393530282355e-01 2.315937700921919529e-01
2.135984026934150681e-01 2.089362874783196322e-01 2.109953524676084213e-01 2.110758538225842584e-01 2.088601648299640290e-01
2.389609637276727538e-01 2.336094369963330752e-01 2.360311657720650935e-01 2.360001801725798154e-01 2.335787532431416735e-01
2.238735395827292918e-01 2.322325974528023362e-01 2.267745537735596506e-01 2.265791477889239902e-01 2.322132421588357643e-01
2.318215122255861405e-01 2.321119157585725123e-01 2.314745042873374292e-01 2.313800734393455238e-01 2.321363901766982651e-01
2.464486788648274362e-01 2.352488614391642086e-01 2.393447227746862693e-01 2.393841772323680450e-01 2.351418960815995773e-01
2.423082085279264775e-01 2.271643084928260947e-01 2.333339438355915008e-01 2.335687270815613725e-01 2.269795765061173864e-01
2.459782032320358414e-01 2.477100838946802719e-01 2.439872711352694679e-01 2.439457860832653091e-01 2.476946372339598190e-01
2.266658106280537988e-01 2.570166940195131033e-01 2.362766036918438617e-01 2.359358621489145713e-01 2.570805097588096388e-01
2.473182742077265350e-01 2.440509169346974649e-01 2.438468865156498966e-01 2.437206461212041986e-01 2.441438505480461874e-01
2.843618840039030538e-01 2.319788454962736224e-01 2.478080339363750995e-01 2.479055969265803183e-01 2.318677238299336751e-01
2.520889316519597800e-01 2.357454156939716439e-01 2.443958302471717636e-01 2.447135837879900744e-01 2.355327615953032305e-01
2.408239436844383519e-01 2.520373717879380582e-01 2.448393288287378788e-01 2.448142656533221495e-01 2.520436842689481316e-01
2.162230733054975318e-01 2.440976732828159801e-01 2.250598711541677843e-01 2.247684105743804894e-01 2.441904446147420971e-01
2.445277473534981372e-01 2.409607364237185412e-01 2.407830240167740110e-01 2.406918926819170967e-01 2.410512135733931804e-01
2.386248347988805807e-01 2.221783325067983317e-01 2.314243076426847900e-01 2.315055234314244426e-01 2.221159394785989782e-01
2.325347592369783334e-01 2.268533125945745854e-01 2.314530798792178712e-01 2.316303340813468115e-01 2.267601348804231531e-01
2.336564380463458657e-01 2.377142538628480850e-01 2.368530714262342129e-01 2.368566280084722364e-01 2.377495260161758550e-01
2.050696421952019344e-01 2.134544171404501312e-01 2.079121186852731784e-01 2.078178044573297800e-01 2.135164124960506893e-01
2.323142312383909280e-01 2.315683470403656075e-01 2.320590387192607296e-01 2.320390557108376883e-01 2.316033580112960288e-01
2.175121371914921220e-01 2.161550077885361354e-01 2.185436005108540858e-01 2.185664823714559279e-01 2.161600138027463536e-01
2.338605645402166977e-01 2.341252107518954073e-01 2.347983262104642033e-01 2.348145780532959193e-01 2.341331551626654461e-01
2.033733929980544586e-01 2.038104278155986326e-01 2.039973426798925293e-01 2.039989078362632324e-01 2.038149129845741314e-01
