2.795391030946198230e-02 2.795391123358868107e-02 2.795390996986737986e-02 2.795390997302121816e-02 2.795391123540132139e-02
1.714551963078961294e-01 1.714551991908239981e-01 1.714551966393435267e-01 1.714551966408665862e-01 1.714551991861308355e-01
2.006025935500816981e-01 2.006026018174589531e-01 2.006026036272852142e-01 2.006026036205892371e-01 2.006026018040829029e-01
2.002400049002248661e-01 2.002400340170017168e-01 2.002400660452208214e-01 2.002400660410388056e-01 2.002400339723335865e-01
2.000160147518356690e-01 2.000160173153633092e-01 2.000161244461143850e-01 2.000161244450935627e-01 2.000160172578540341e-01
1.998512414746887733e-01 1.998510417897403912e-01 1.998512602128230675e-01 1.998512602027453511e-01 1.998510417187987775e-01
1.999794987359900800e-01 1.999792497545002656e-01 1.999790978284341769e-01 1.999790978262049324e-01 1.999792495931169700e-01
2.000243360469421972e-01 2.000298522540348845e-01 2.000303763709053717e-01 2.000303763078788710e-01 2.000298519913242812e-01
2.000044487628790668e-01 2.000262235012414680e-01 2.000476561445882207e-01 2.000476560669024462e-01 2.000262230990788592e-01
2.000526767244253101e-01 2.000077308970015233e-01 2.000770763925232565e-01 2.000770762032319239e-01 2.000077301563411569e-01
2.005875802246276096e-01 2.001660134297693072e-01 2.001908286957776451e-01 2.001908283195854843e-01 2.001660125138940149e-01
2.031217579541416962e-01 2.024006338865059207e-01 2.006475275669258318e-01 2.006475273381634339e-01 2.024006330898129313e-01
1.962538495425129037e-01 2.085224613523113113e-01 2.024119559588057615e-01 2.024119558982643008e-01 2.085224607227885996e-01
1.178620521960475620e-01 2.007134072233983935e-01 2.104988283207045729e-01 2.104988284774503005e-01 2.007134072060035024e-01
1.964123416461764082e-01 2.085721495807936754e-01 2.023849930685489018e-01 2.023849932178558853e-01 2.085721499897654763e-01
2.032285252254724117e-01 2.024360363587153766e-01 2.006364714108885283e-01 2.006364716776163903e-01 2.024360368909121910e-01
2.006447137252866664e-01 2.001960317918417276e-01 2.001928799197376374e-01 2.001928801821592219e-01 2.001960323772058736e-01
2.000756933131012383e-01 2.000225027697582203e-01 2.000795138733849066e-01 2.000795140512361958e-01 2.000225032276408133e-01
2.000079204841978264e-01 2.000278376746572606e-01 2.000455322509177569e-01 2.000455323638071214e-01 2.000278379797917339e-01
1.999786892887714385e-01 1.999836446484684060e-01 1.999830354723676484e-01 1.999830355312388896e-01 1.999836448099572561e-01
1.998529409675650625e-01 1.998525518810371493e-01 1.998521158026685951e-01 1.998521158248181828e-01 1.998525519640611259e-01
2.000160245195379272e-01 2.000157835758326341e-01 2.000159194199370993e-01 2.000159194359701631e-01 2.000157836508812681e-01
2.002395104036709672e-01 2.002394965519165015e-01 2.002395743027700625e-01 2.002395743125801320e-01 2.002394966070700777e-01
2.006020365977995434e-01 2.006020668128398743e-01 2.006020856278902809e-01 2.006020856361360183e-01 2.006020668463267820e-01
1.714546753268120782e-01 1.714547014650693035e-01 1.714547004067481784e-01 1.714547004225897564e-01 1.714547014937623237e-01
2.795373927807748987e-02 2.795375047265058130e-02 2.795375341607864855e-02 2.795375342235910041e-02 2.795375048178247099e-02
