2.034793738615823799e-01 2.034793774792475474e-01 2.034793711222547541e-01 2.034793634584087796e-01 2.034793551337380213e-01
2.302333817886375034e-01 2.302333851479922422e-01 2.302333746498287925e-01 2.302333542060699123e-01 2.302333407276769273e-01
2.125798021540264982e-01 2.125798010881599642e-01 2.125797936292586621e-01 2.125797248727850919e-01 2.125797202188685897e-01
2.273446523155711330e-01 2.273446563336979365e-01 2.273446787703985728e-01 2.273446138926148441e-01 2.273446327686284851e-01
2.007665234767018192e-01 2.007665436493316358e-01 2.007665427918926826e-01 2.007665575369337874e-01 2.007665550412699729e-01
2.298880796158319362e-01 2.298881240656733826e-01 2.298880917152043568e-01 2.298880821582882927e-01 2.298880544597018960e-01
2.077173550531032087e-01 2.077173746401101695e-01 2.077173393121539147e-01 2.077173302248437325e-01 2.077173036245889282e-01
2.111540921186896569e-01 2.111540428479330711e-01 2.111540735582815298e-01 2.111539968781011578e-01 2.111539722236641381e-01
2.220887032995089438e-01 2.220887235748572053e-01 2.220887750290768958e-01 2.220887398286493508e-01 2.220887585716492529e-01
2.028035738976551872e-01 2.028036480477508341e-01 2.028036249073982278e-01 2.028036663991021338e-01 2.028036614382734970e-01
2.303835327921963383e-01 2.303836434774470254e-01 2.303835773343056448e-01 2.303836001214171203e-01 2.303835618237988769e-01
2.054132414762661618e-01 2.054132672001938442e-01 2.054132237921944826e-01 2.054132119348809904e-01 2.054131835354379154e-01
2.161479439427039795e-01 2.161478167429350117e-01 2.161479229114100786e-01 2.161478225998823277e-01 2.161477733416424796e-01
2.161477567826358137e-01 2.161477783025687327e-01 2.161478576893496595e-01 2.161478388941748818e-01 2.161478384386504026e-01
2.054131535156192012e-01 2.054132664203875136e-01 2.054132264556765841e-01 2.054132866987115336e-01 2.054132814285739295e-01
2.303834918126868858e-01 2.303836315581826166e-01 2.303835588775396404e-01 2.303836025110996832e-01 2.303835706419504470e-01
2.028036356451128341e-01 2.028036524923121087e-01 2.028036217111107709e-01 2.028036112842670213e-01 2.028035922521894407e-01
2.220888540502644615e-01 2.220887032221157964e-01 2.220888394501281393e-01 2.220887595353097099e-01 2.220887029076321351e-01
2.111539665789708142e-01 2.111539851573295823e-01 2.111540558768484066e-01 2.111540619539846730e-01 2.111540418830174792e-01
2.077172624206991558e-01 2.077173664961751431e-01 2.077173246767294867e-01 2.077173768685042221e-01 2.077173737590277125e-01
2.298879491680537734e-01 2.298880571569709430e-01 2.298880044326708227e-01 2.298880448611975991e-01 2.298880298438225334e-01
2.007665608941882063e-01 2.007665660020491738e-01 2.007665544599424035e-01 2.007665493703085224e-01 2.007665435060308479e-01
2.273446174442975698e-01 2.273445272568440367e-01 2.273446179569419412e-01 2.273445863163668090e-01 2.273445508870738097e-01
2.125796963368435377e-01 2.125797127336703507e-01 2.125797459298966463e-01 2.125797632404613502e-01 2.125797459692224944e-01
2.302332757412712538e-01 2.302333275670695178e-01 2.302333037856894860e-01 2.302333258569711771e-01 2.302333282061158060e-01
2.034791998336826502e-01 2.034792331501441842e-01 2.034792132187919211e-01 2.034792258301597323e-01 2.034792281620304011e-01
