2.764156106939348878e-01 2.019356606090547124e-01 1.902859962135437510e-01 2.019336486493858440e-01
2.520499581640110454e-01 2.469709180380735281e-01 2.530616947749373402e-01 2.469385159953657316e-01
2.806055093239895326e-01 2.818713386305430335e-01 2.823201621936456407e-01 2.817757146471907559e-01
2.803903328632953440e-01 2.806834998745050269e-01 2.805704463491268674e-01 2.805248167192879727e-01
2.331335034901777237e-01 2.331991195667660333e-01 2.332187322061642643e-01 2.331536928385285756e-01
2.246980418320109196e-01 2.247290743525069134e-01 2.247488966196148352e-01 2.247072895400660797e-01
2.327244681550423577e-01 2.327223513280381184e-01 2.327710827763735391e-01 2.327916046951773454e-01
2.788256052422226627e-01 2.787895309396482557e-01 2.789158856730384883e-01 2.789648474362499964e-01
2.789876920772106361e-01 2.789491783874669673e-01 2.788657324477689103e-01 2.789001136675657855e-01
2.318246047743636462e-01 2.318098615047000099e-01 2.317690435738926913e-01 2.317787555963864154e-01
2.185568795297679334e-01 2.185525468040536157e-01 2.185439408804025485e-01 2.185460153644961934e-01
2.060497397513769979e-01 2.060464608673487907e-01 2.060422393764296534e-01 2.060416479034797854e-01
1.902630038743833574e-01 1.902589247078287638e-01 1.902583859834467150e-01 1.902585934818878666e-01
1.902637041772282100e-01 1.902611043836448246e-01 1.902593775924801001e-01 1.902603758384792398e-01
2.060430273054501549e-01 2.060427851672611832e-01 2.060425699303092828e-01 2.060413193240074881e-01
2.185533925186091408e-01 2.185537089005612221e-01 2.185546812729137200e-01 2.185533878127713658e-01
2.319021673148481399e-01 2.319046162549893708e-01 2.319060272720587790e-01 2.319027919933421555e-01
2.786111878989617208e-01 2.786169905131517521e-01 2.786209298759489972e-01 2.786147735706803741e-01
2.786081390440514061e-01 2.786099434565701971e-01 2.786129829867485252e-01 2.786119138377002868e-01
2.319101884353222121e-01 2.319105182925672859e-01 2.319114308460330509e-01 2.319110549230991025e-01
2.185369330145439659e-01 2.185370792144677166e-01 2.185373177903241204e-01 2.185372224176315159e-01
2.058814524232385479e-01 2.058815099289535988e-01 2.058816621598276442e-01 2.058816320902242814e-01
1.902057297542211756e-01 1.902057591635596401e-01 1.902057983613756609e-01 1.902057770084986110e-01
1.937862311303591434e-01 1.937862380342844082e-01 1.937862533152521216e-01 1.937862490675125171e-01
2.290088380571685400e-01 2.290088405926937187e-01 2.290088457346980411e-01 2.290088440265600211e-01
2.019989452157736343e-01 2.019989460765670986e-01 2.019989471900686950e-01 2.019989465069072232e-01
