2.093341651463174469e-01 2.093341731767445479e-01 2.093341128839683596e-01 2.093340969587494937e-01
2.557985194241340632e-01 2.557985414951514103e-01 2.557983479934855531e-01 2.557982991160380748e-01
2.830767503237767713e-01 2.830766056687397114e-01 2.830760095415514321e-01 2.830759708814663544e-01
2.812647434487985931e-01 2.812639561881711825e-01 2.812618125838313166e-01 2.812617574566711465e-01
2.332019755122491933e-01 2.332008979071132915e-01 2.332001158832590626e-01 2.331998458830657761e-01
2.247656725392311872e-01 2.247648157195422658e-01 2.247646396516569389e-01 2.247643419468421666e-01
2.328602244033171065e-01 2.328601500026462878e-01 2.328598486220789521e-01 2.328602334420636077e-01
2.788655156278476155e-01 2.788655819699251137e-01 2.788647135882294514e-01 2.788652902133795797e-01
2.789001230832943157e-01 2.788989637091702778e-01 2.788958353892842523e-01 2.788969792269227477e-01
2.318643214413065867e-01 2.318635744001446841e-01 2.318622901919750734e-01 2.318626160246748114e-01
2.185484324329297900e-01 2.185482527032997502e-01 2.185479583875235832e-01 2.185479021974888192e-01
2.060299305212509036e-01 2.060298492071829801e-01 2.060292973882137946e-01 2.060292762282420198e-01
1.902094682689051963e-01 1.902090225798215295e-01 1.902089672568026690e-01 1.902090251771730300e-01
1.902070386005184077e-01 1.902032455821045798e-01 1.902015095231521791e-01 1.902028749789178019e-01
2.060148038412143168e-01 2.060238833177297502e-01 2.060242287811763773e-01 2.060258936289294796e-01
2.185381553637159024e-01 2.185465308044468036e-01 2.185498079573664765e-01 2.185491585213951149e-01
2.319040780717757655e-01 2.319116343645290512e-01 2.319085026872566846e-01 2.319118160489383462e-01
2.786299907744433924e-01 2.786370885292926425e-01 2.786277772721122981e-01 2.786320721455920468e-01
2.786213352586726089e-01 2.786212943217158955e-01 2.786417500629155275e-01 2.786442224732665895e-01
2.319183607513992385e-01 2.319179675416419839e-01 2.319270291228935632e-01 2.319281028811417955e-01
2.185382637676381024e-01 2.185383554992469390e-01 2.185405452846930496e-01 2.185407450558815023e-01
2.058817523443918773e-01 2.058817878213977381e-01 2.058825629554664194e-01 2.058826114640466276e-01
1.902054881876860948e-01 1.902054833497009434e-01 1.902056651213548111e-01 1.902057094771931745e-01
1.937862016748376215e-01 1.937861987353384774e-01 1.937862815624235291e-01 1.937862991983400895e-01
2.290089803217908171e-01 2.290089827214786822e-01 2.290089965636944169e-01 2.290089998936387372e-01
2.019990299433725989e-01 2.019990289182922172e-01 2.019990317569020921e-01 2.019990341574013637e-01
