3.610289064117494506e-01 1.902429813188832031e-01 1.684065019794288853e-01 1.902429772586317347e-01
2.450800400489505926e-01 2.368148606752823737e-01 2.498082276436164595e-01 2.368148450024660789e-01
2.783046466414426101e-01 2.806068663198479918e-01 2.809718769414764616e-01 2.806068057779185776e-01
2.793974763248879833e-01 2.799081769377661510e-01 2.798165371546691982e-01 2.799079206940953135e-01
2.330217728667429988e-01 2.331582102351903441e-01 2.332638732912159785e-01 2.331580774212575757e-01
2.247053437803543663e-01 2.247804836365630832e-01 2.248339534149846330e-01 2.247804220023541799e-01
2.328693133234039370e-01 2.328884179065647819e-01 2.329050712950946345e-01 2.328883892468879835e-01
2.789002373337585716e-01 2.788893246449881680e-01 2.788801286240744637e-01 2.788892772866800596e-01
2.789196013854712830e-01 2.789182152802185399e-01 2.789169886458062186e-01 2.789177423795385913e-01
2.318621377554553609e-01 2.318623819928759822e-01 2.318625401295292543e-01 2.318621860593793882e-01
2.185474803405297040e-01 2.185475435101905672e-01 2.185474578696992576e-01 2.185475675868361056e-01
2.060261364923957339e-01 2.060261006251877525e-01 2.060260766177729186e-01 2.060261804293686549e-01
1.902083978707018175e-01 1.902082370534273204e-01 1.902082067193374415e-01 1.902083925358880323e-01
1.902114671944759583e-01 1.902114407120230888e-01 1.902114083853131410e-01 1.902114611630642826e-01
2.060273530857784641e-01 2.060273515485332718e-01 2.060273370391012271e-01 2.060273467631180966e-01
2.185505914146055606e-01 2.185505998028604291e-01 2.185505956349201029e-01 2.185505886105969520e-01
2.319005304037335125e-01 2.319005687377572178e-01 2.319005861163229709e-01 2.319005536502784792e-01
2.786130431874445090e-01 2.786131345400550963e-01 2.786131748781008333e-01 2.786130935951909304e-01
2.786082323305746899e-01 2.786082626730572720e-01 2.786082727969469985e-01 2.786082520833227383e-01
2.319087590154166323e-01 2.319087694303905989e-01 2.319087741596933261e-01 2.319087700074495828e-01
2.185372953630779214e-01 2.185372989322493520e-01 2.185373007569942350e-01 2.185373007087083319e-01
2.058823134912396158e-01 2.058823150501329080e-01 2.058823159450794416e-01 2.058823162175271171e-01
1.902078735093953865e-01 1.902078742310140680e-01 1.902078748467188052e-01 1.902078749013846048e-01
1.937884079664504433e-01 1.937884081089147614e-01 1.937884080416178989e-01 1.937884081135788916e-01
2.290095299544687990e-01 2.290095300011578683e-01 2.290095298412264113e-01 2.290095298115833455e-01
2.019991151577163468e-01 2.019991151841726840e-01 2.019991151118410155e-01 2.019991150738299490e-01
