3.109939562577772494e-03 3.752729116573570896e-03 4.066042959354939854e-03 3.752726589934142834e-03
3.349274584407749278e-02 3.565029763479023867e-02 3.730747899302207932e-02 3.565023289264961787e-02
8.864534409698120176e-02 9.212084834155069568e-02 9.500003196312817311e-02 9.212070270368631630e-02
1.455039821291218005e-01 1.465378267665906620e-01 1.471375501572873001e-01 1.465377256086990154e-01
2.014226250431488119e-01 2.014649316424838021e-01 2.014750502708836377e-01 2.014648965369887912e-01
2.093301225676968413e-01 2.090176229688885390e-01 2.089008081537218064e-01 2.090176264146400009e-01
1.764273752905270443e-01 1.758101893422177042e-01 1.753213557609855922e-01 1.758101960308289802e-01
1.230613816699865082e-01 1.223689282309039922e-01 1.216418156654844041e-01 1.223689202235851842e-01
1.324167745730468748e-01 1.323009057049920334e-01 1.321123567369172358e-01 1.323008957662965557e-01
1.997840014797634400e-01 1.997944529677497805e-01 1.997972979888610612e-01 1.997944448392489081e-01
2.114473868698829029e-01 2.114149266817308692e-01 2.114175080398214002e-01 2.114149484439945270e-01
1.971947160518488507e-01 1.969844133645210493e-01 1.967932468378194577e-01 1.969844562468979488e-01
1.500915768404901263e-01 1.496707505909181946e-01 1.492372550538950127e-01 1.496707913372635479e-01
1.516732812207557679e-01 1.515751280606969786e-01 1.514606771698377707e-01 1.515752549851336894e-01
2.014942103685078700e-01 2.014937242166288112e-01 2.014924949279723321e-01 2.014937977843423988e-01
2.118473967479241049e-01 2.118515219318079512e-01 2.118634342441079177e-01 2.118515872717974258e-01
1.989446725446542275e-01 1.989869416416038816e-01 1.990322550712694538e-01 1.989870140162815215e-01
1.324339252668707834e-01 1.325261001559720209e-01 1.326130450226210566e-01 1.325261919365978702e-01
1.330770643266117048e-01 1.331011107190125109e-01 1.331197462104719564e-01 1.331013801599270630e-01
1.998952415417190043e-01 1.998955670502792215e-01 1.998955678418468385e-01 1.998956827583366069e-01
2.118343235981002548e-01 2.118346105010782410e-01 2.118370831698663526e-01 2.118346193745761497e-01
2.013320511205045071e-01 2.013682775974284522e-01 2.014048793162372397e-01 2.013682873592477773e-01
1.499412537077564611e-01 1.500275009260374492e-01 1.501108291219979962e-01 1.500276117089577865e-01
1.492190515664269523e-01 1.492448355114691094e-01 1.492678267105424783e-01 1.492452717343811242e-01
1.629065667289698593e-01 1.629096150664709197e-01 1.629117780489077461e-01 1.629098102624845779e-01
1.871147236518697077e-02 1.871171118431594685e-02 1.871183574142046627e-02 1.871172479510550130e-02
