1.744445817278512390e-01 1.744445833673652080e-01 1.744445835236707876e-01 1.744445835303012615e-01 1.744445833752711894e-01
2.213497770904619411e-01 2.213497830739105943e-01 2.213497862163930074e-01 2.213497862192225774e-01 2.213497830518030840e-01
2.037680668791892469e-01 2.037680694607659493e-01 2.037680851331623300e-01 2.037680851233471258e-01 2.037680694116077440e-01
2.004065929706373428e-01 2.004065601460916224e-01 2.004065679642199338e-01 2.004065679458770788e-01 2.004065600968822913e-01
1.999998755835243613e-01 1.999999815910915302e-01 1.999999977628728054e-01 1.999999977450393762e-01 1.999999815617934384e-01
2.000104923147389691e-01 2.000117232480406737e-01 2.000120595949254065e-01 2.000120595815623181e-01 2.000117232298433134e-01
2.000060177926158700e-01 2.000113814957682756e-01 2.000158974792500821e-01 2.000158974703362125e-01 2.000113814767316978e-01
1.999753611560595168e-01 1.999785468117541432e-01 1.999997125130244247e-01 1.999997125095917816e-01 1.999785468040552183e-01
2.000204170381980062e-01 1.999668306880748314e-01 1.999793637590032980e-01 1.999793637557566173e-01 1.999668306891093927e-01
1.999076189664603098e-01 1.999761033373489982e-01 1.999972695564026237e-01 1.999972695535579270e-01 1.999761033443020752e-01
1.978215639164222772e-01 1.996235849465379519e-01 1.999997465426627541e-01 1.999997465377049977e-01 1.996235849523102512e-01
1.819244336251597260e-01 1.933939068100836434e-01 1.997068932285785137e-01 1.997068932290230747e-01 1.933939068134314099e-01
1.418024146689800535e-01 1.564815427202083387e-01 1.959544086670323704e-01 1.959544086771807525e-01 1.564815427301367856e-01
7.840692246042287872e-01 1.310188651358422662e-01 1.654153841961420179e-01 1.654153841964259852e-01 1.310188651373277446e-01
1.418024196574384221e-01 1.564815531186255770e-01 1.959544218821386019e-01 1.959544218773581759e-01 1.564815531275196847e-01
1.819244306415395696e-01 1.933939050822555406e-01 1.997068947012344275e-01 1.997068946974904224e-01 1.933939050957813599e-01
1.978215530944926748e-01 1.996235715075220796e-01 1.999997326282854371e-01 1.999997326277789811e-01 1.996235715205466887e-01
1.999078826323467117e-01 1.999763645854825134e-01 1.999975302928993504e-01 1.999975302937624932e-01 1.999763645968082593e-01
2.000225991088722677e-01 1.999690135025281590e-01 1.999815464526610576e-01 1.999815464538210463e-01 1.999690135121910961e-01
1.999890757182043455e-01 1.999922681590601548e-01 2.000134361755086521e-01 2.000134361777754222e-01 1.999922681741808927e-01
2.000019091541131722e-01 2.000072743947454157e-01 2.000117935379375211e-01 2.000117935358392551e-01 2.000072743997337865e-01
1.999984356015549469e-01 1.999996638431467966e-01 1.999999997438135224e-01 1.999999997439137478e-01 1.999996638553240280e-01
2.004064629109379991e-01 2.004065664927076884e-01 2.004065821771687239e-01 2.004065821805547098e-01 2.004065665108553662e-01
2.037680954612073880e-01 2.037680634708290972e-01 2.037680712720960907e-01 2.037680712752530376e-01 2.037680634913764111e-01
2.213497576513021037e-01 2.213497672067550881e-01 2.213497856340344017e-01 2.213497856384599449e-01 2.213497672230076152e-01
1.744445701356974743e-01 1.744445771611940477e-01 1.744445829875478360e-01 1.744445829903624179e-01 1.744445771680478430e-01
