3.610422870902818548e-01 1.902530094662613080e-01 1.684153094934565664e-01 1.902516542521734411e-01
2.450862129854091964e-01 2.368303448463263405e-01 2.498250261528417171e-01 2.368265831402973642e-01
2.783148680118123219e-01 2.806289196790765494e-01 2.809938547190975466e-01 2.806158631913582835e-01
2.794526931691374561e-01 2.799279339782205223e-01 2.797840999305683529e-01 2.798938939676940962e-01
2.330463007603490455e-01 2.331622201725990218e-01 2.332484529275247465e-01 2.331404744676217888e-01
2.247013463809069966e-01 2.247683729952996146e-01 2.248183876506432699e-01 2.247611531637876137e-01
2.328564126497289222e-01 2.328726197672126852e-01 2.328903749248947830e-01 2.328813780055977722e-01
2.789165837017095195e-01 2.789051480618678358e-01 2.789011004922174464e-01 2.789093522043655238e-01
2.789374353710763477e-01 2.789353538860152582e-01 2.789336357455209914e-01 2.789328348057630302e-01
2.318594153919193435e-01 2.318584917319601035e-01 2.318584740922105536e-01 2.318574282461495217e-01
2.185452812840399106e-01 2.185445735976144221e-01 2.185438990484165622e-01 2.185438458365063785e-01
2.060211222806030973e-01 2.060211918589085478e-01 2.060199364508183695e-01 2.060199660143061662e-01
1.901937019303397425e-01 1.901930408660326421e-01 1.901922245043284332e-01 1.901915361038637731e-01
1.902017462028004757e-01 1.902007664369470274e-01 1.902009299354332772e-01 1.901970091057448853e-01
2.060340887124674225e-01 2.060328920939581421e-01 2.060341143399578578e-01 2.060208058675856990e-01
2.185552034815433087e-01 2.185520110311734987e-01 2.185552004405115212e-01 2.185371025089940245e-01
2.318990121286368389e-01 2.318971783587542579e-01 2.318987929541304338e-01 2.318891504326945630e-01
2.786055922055296619e-01 2.786076350830384296e-01 2.786053289216807172e-01 2.786080165333622571e-01
2.786057573665320364e-01 2.786048281879024424e-01 2.786048311927468157e-01 2.786048786498020458e-01
2.319081272505544855e-01 2.319075422940635456e-01 2.319077683892672714e-01 2.319083037474868325e-01
2.185366907953681381e-01 2.185368600068091083e-01 2.185369071081302017e-01 2.185372398167638175e-01
2.058820553859001534e-01 2.058820451260707229e-01 2.058821316053127126e-01 2.058822529797620648e-01
1.902071742014486144e-01 1.902072456312303150e-01 1.902072615000305611e-01 1.902072263298602017e-01
1.937877271857830208e-01 1.937877562222433681e-01 1.937877467470282278e-01 1.937877294647352699e-01
2.290093404030237867e-01 2.290093505295179022e-01 2.290093467408555461e-01 2.290093381444699427e-01
2.019990841222915889e-01 2.019990864444748402e-01 2.019990853680011800e-01 2.019990828409823358e-01
