1.886312900920404656e-02 1.886312900275618001e-02 1.886312899081335134e-02 1.886312899528977405e-02
1.665582286624226749e-01 1.665582285684572839e-01 1.665582283237568295e-01 1.665582284100300681e-01
1.895421923976877976e-01 1.895421920994347920e-01 1.895421914419971599e-01 1.895421917220314612e-01
1.895695123347921340e-01 1.895695118795772127e-01 1.895695113463760628e-01 1.895695117522187556e-01
2.045909173440530193e-01 2.045909170429563717e-01 2.045909168565154257e-01 2.045909170281660916e-01
2.118611906396173916e-01 2.118611904085927478e-01 2.118611903073047975e-01 2.118611902210546238e-01
2.043604125532619553e-01 2.043604123020510421e-01 2.043604118355068777e-01 2.043604115338908955e-01
1.875026120939322360e-01 1.875026119555231185e-01 1.875026105314287761e-01 1.875026103587421056e-01
1.876860152219290701e-01 1.876860156188359108e-01 1.876860146383424743e-01 1.876860146982215760e-01
2.044264926593989395e-01 2.044264932586124517e-01 2.044264937160010787e-01 2.044264936384081743e-01
2.112510971929631443e-01 2.112510977090010789e-01 2.112510982253098524e-01 2.112510980193526011e-01
1.920442917430113805e-01 1.920442923696899507e-01 1.920442916492701713e-01 1.920442914017790048e-01
8.174391880105850994e-02 8.174392086296111692e-02 8.174391745072212556e-02 8.174391671619328503e-02
8.174391902397516729e-02 8.174392569081319337e-02 8.174391832917315970e-02 8.174391649207048138e-02
1.920442946924842964e-01 1.920442993009377208e-01 1.920442949280302958e-01 1.920442958181248772e-01
2.112511027357020787e-01 2.112511037823512072e-01 2.112511029230429438e-01 2.112511038185741763e-01
2.044264970114328672e-01 2.044264968813472583e-01 2.044264973849641287e-01 2.044264965989988636e-01
1.876860123795661972e-01 1.876860126993108724e-01 1.876860133237832073e-01 1.876860120429653944e-01
1.875026071722428744e-01 1.875026073732045107e-01 1.875026076743918357e-01 1.875026073460472897e-01
2.043604117990413527e-01 2.043604119488892923e-01 2.043604119323826906e-01 2.043604119909364358e-01
2.118611902025105687e-01 2.118611902641536204e-01 2.118611902571915506e-01 2.118611903045287403e-01
2.045909158783482118e-01 2.045909158809816053e-01 2.045909159544731237e-01 2.045909159549574585e-01
1.895695004117129712e-01 1.895695004076065060e-01 1.895695006025749918e-01 1.895695006007648287e-01
1.895421802008356305e-01 1.895421801436772136e-01 1.895421804848852754e-01 1.895421805480007882e-01
1.665582273087573284e-01 1.665582272828516064e-01 1.665582274216198810e-01 1.665582274523982609e-01
1.886312894695421280e-02 1.886312894557969772e-02 1.886312895336070272e-02 1.886312895617322377e-02
