5.338167202098851108e-04 2.256204604592191350e-03 3.142189170337811224e-03 2.256200973902559598e-03
1.481745235487591690e-02 2.172145781781434359e-02 2.695145220951659232e-02 2.172141793683287150e-02
7.365730602865028231e-02 8.544315000059396481e-02 9.477007106531634695e-02 8.544279925454860425e-02
1.418553883826935147e-01 1.458201327723906704e-01 1.477098049089893561e-01 1.458188999429530786e-01
2.009684955485582791e-01 2.014596967514285242e-01 2.014913913386603417e-01 2.014590988097761659e-01
2.112918002005190199e-01 2.103160662376879764e-01 2.098719537362788157e-01 2.103159401580053933e-01
1.890501336971117941e-01 1.867959825910833205e-01 1.849720087076629216e-01 1.867957112694966781e-01
1.300205767938573953e-01 1.273795137422428503e-01 1.247125072130248619e-01 1.273789987569854953e-01
1.332725275535899812e-01 1.327421427769676088e-01 1.320597228495533626e-01 1.327419528545594474e-01
1.997842421548629566e-01 1.998084675474963712e-01 1.997995977006649937e-01 1.998083986886551311e-01
2.118372392923354719e-01 2.118015473172560337e-01 2.118117485545945589e-01 2.118014743757562768e-01
2.006151272533285290e-01 2.002668548786154801e-01 1.999429869349774458e-01 2.002665318540933492e-01
1.517983333259545486e-01 1.510794210223823097e-01 1.503459871039168894e-01 1.510788970373650453e-01
1.517811961123168019e-01 1.515999038895838036e-01 1.514041737719337977e-01 1.516002935142834185e-01
2.014934218782314379e-01 2.014876112520302687e-01 2.014814685509874193e-01 2.014878259372217262e-01
2.119204044430746392e-01 2.119322157947851060e-01 2.119494667834700696e-01 2.119322131697417011e-01
1.995657475336914677e-01 1.996779156557730583e-01 1.997920561121575567e-01 1.996777723832910412e-01
1.326086820055595583e-01 1.328513340076815930e-01 1.330920572898775245e-01 1.328511532698974096e-01
1.330734311779739332e-01 1.331345971196791766e-01 1.331947255927906082e-01 1.331352681203374633e-01
1.998951523169446853e-01 1.998967367549663587e-01 1.998984544789690065e-01 1.998970820594452580e-01
2.118450511427761862e-01 2.118459371434092409e-01 2.118473959632722892e-01 2.118459920263909280e-01
2.014074116173614759e-01 2.014643434437268787e-01 2.015216764474082600e-01 2.014644531111459413e-01
1.499148640436949176e-01 1.500502533010993345e-01 1.501858457155452187e-01 1.500506509256557819e-01
1.491855954731017286e-01 1.492258735756621657e-01 1.492668454396195166e-01 1.492268515762119607e-01
1.629028632074831784e-01 1.629076196755696038e-01 1.629127020159998052e-01 1.629080433924037230e-01
1.871129080290333604e-02 1.871162530975432892e-02 1.871197807749083036e-02 1.871165482213962145e-02
