3.087510982137182686e-03 3.087511086778102314e-03 3.087511048202432311e-03 3.087510999018569166e-03 3.087510816738130593e-03
4.010967323243685989e-02 4.010967457620218113e-02 4.010967505745332423e-02 4.010967455008412896e-02 4.010967236672514230e-02
1.701705707769091136e-01 1.701705717635059179e-01 1.701705714307387429e-01 1.701705717728032863e-01 1.701705678535119504e-01
1.987467667719169107e-01 1.987467666331430571e-01 1.987467633944588752e-01 1.987467634761550528e-01 1.987467596012942039e-01
1.999985814243131488e-01 1.999985814692467889e-01 1.999985786920378539e-01 1.999985776644188917e-01 1.999985735253215213e-01
1.983523617747598722e-01 1.983523612226998079e-01 1.983523618299800895e-01 1.983523624817138675e-01 1.983523572038540239e-01
1.921395181067970803e-01 1.921395168404257670e-01 1.921395204436480708e-01 1.921395243973601508e-01 1.921395180856375340e-01
1.981879699120817906e-01 1.981879681586247999e-01 1.981879700375224207e-01 1.981879748251461071e-01 1.981879671387095365e-01
1.999056387350110486e-01 1.999056368653079063e-01 1.999056332947232728e-01 1.999056351799814724e-01 1.999056285506787545e-01
1.999725812853355433e-01 1.999725806534461137e-01 1.999725774913194420e-01 1.999725767333302706e-01 1.999725737141266890e-01
1.999066163637489291e-01 1.999066163037089283e-01 1.999066167085471468e-01 1.999066168587837478e-01 1.999066160207048637e-01
1.995351182728637984e-01 1.995351179001344510e-01 1.995351222933603452e-01 1.995351255238519139e-01 1.995351244166475579e-01
1.998870837693413061e-01 1.998870830844618196e-01 1.998870858554029628e-01 1.998870891740097133e-01 1.998870867677879359e-01
1.998870845448296185e-01 1.998870841575547952e-01 1.998870809350696554e-01 1.998870807101523484e-01 1.998870789520107993e-01
1.995351058861521698e-01 1.995351067672720691e-01 1.995351033626570902e-01 1.995351007683761335e-01 1.995351011141842656e-01
1.999066209361506918e-01 1.999066213753818988e-01 1.999066214263392205e-01 1.999066203687655807e-01 1.999066202553420324e-01
1.999725988860618087e-01 1.999725991898883282e-01 1.999726030945345456e-01 1.999726052670276200e-01 1.999726034039227274e-01
1.999056403622788969e-01 1.999056402721357539e-01 1.999056424193978443e-01 1.999056451927201383e-01 1.999056427231352961e-01
1.981879721132439320e-01 1.981879725421041016e-01 1.981879687843134119e-01 1.981879676827674464e-01 1.981879655605243706e-01
1.921395126568206380e-01 1.921395142064479256e-01 1.921395102182866521e-01 1.921395068084327251e-01 1.921395062760541672e-01
1.983523543503836195e-01 1.983523552960966829e-01 1.983523553557701435e-01 1.983523543445973591e-01 1.983523537894545108e-01
1.999985622139213992e-01 1.999985625637090703e-01 1.999985638332584248e-01 1.999985644693115516e-01 1.999985636158421454e-01
1.987467587205453967e-01 1.987467585222370825e-01 1.987467584943339305e-01 1.987467596767054645e-01 1.987467580489561403e-01
1.701705799733701230e-01 1.701705810419054110e-01 1.701705771489203656e-01 1.701705751174276138e-01 1.701705726219992498e-01
4.010971516468580383e-02 4.010971674727623060e-02 4.010971318865303586e-02 4.010971007040689540e-02 4.010970919716821265e-02
3.087518594426270826e-03 3.087518697373816279e-03 3.087518394671542009e-03 3.087518183449751950e-03 3.087518101787738861e-03
