2.093165912281656216e-01 2.093166196247025768e-01 2.093164900308610854e-01 2.093164703812846750e-01
2.555679000613271246e-01 2.555679926883417941e-01 2.555676619875726918e-01 2.555675673062479669e-01
2.825507079035127211e-01 2.825505607112465123e-01 2.825495620076741154e-01 2.825494705575828935e-01
2.807679322499126995e-01 2.807669970712081686e-01 2.807628349936633350e-01 2.807627350510327746e-01
2.319082021788043124e-01 2.319067853051849371e-01 2.319051576724776853e-01 2.319048382397782271e-01
2.184945228456067756e-01 2.184934199338295635e-01 2.184926677814957308e-01 2.184924517730910121e-01
2.059203864048824717e-01 2.059206766035744096e-01 2.059199797383292063e-01 2.059197734047802097e-01
1.899436646144965490e-01 1.899438608388183403e-01 1.899439668981456331e-01 1.899436169973499622e-01
1.898002672934421264e-01 1.898002482590861739e-01 1.897995980015338979e-01 1.897993925461217979e-01
2.047385323067807128e-01 2.047388579188753888e-01 2.047384350382754903e-01 2.047377778397616588e-01
2.121897714437164240e-01 2.121905921995504984e-01 2.121897884831590309e-01 2.121877651914352292e-01
2.047391346961835168e-01 2.047433768069774618e-01 2.047390033244697594e-01 2.047628719855400514e-01
1.893903943940279666e-01 1.893949810613068108e-01 1.893910218255149547e-01 1.894128832228685333e-01
1.891716499567917542e-01 1.891759328768808646e-01 1.891733458602187501e-01 1.891797603769210245e-01
2.045413787955674412e-01 2.045432371615180100e-01 2.045430380602955289e-01 2.045455225240212227e-01
2.121838924626933964e-01 2.121839233966114069e-01 2.121845105758248529e-01 2.121859365708190226e-01
2.044907564395430921e-01 2.044908286534225239e-01 2.044907204937096157e-01 2.044909133589091765e-01
1.889091509616585285e-01 1.889094281826895483e-01 1.889093556658248407e-01 1.889088672194352558e-01
1.892358733893982348e-01 1.892361053330068321e-01 1.892360726911264390e-01 1.892367656169448298e-01
2.048224396427539284e-01 2.048228121554727388e-01 2.048226096619908398e-01 2.048237329109210692e-01
2.122536230109800803e-01 2.122537571100242548e-01 2.122537096743334628e-01 2.122545690891018411e-01
2.046225196606318020e-01 2.046224479604412672e-01 2.046225023663743314e-01 2.046229339334274810e-01
1.898323536169685688e-01 1.898324474347501678e-01 1.898323461338066176e-01 1.898323162519309770e-01
1.936233717200004367e-01 1.936234220293407138e-01 1.936233689193284646e-01 1.936233195424336140e-01
2.289893292879924824e-01 2.289893495646861399e-01 2.289893264163339881e-01 2.289893027129624448e-01
2.019820916969951308e-01 2.019820994235278500e-01 2.019820905523778687e-01 2.019820819728976591e-01
