3.473292400320391639e-03 3.501279868529959260e-03 3.564915493895762927e-03 3.566212573415620569e-03 3.503093421351623823e-03
4.188340682119404135e-02 4.219670522595359713e-02 4.287550478757240491e-02 4.289205398489315951e-02 4.222089490664941713e-02
1.702228397451638620e-01 1.704672678155411403e-01 1.711917950797134658e-01 1.712097804202130369e-01 1.704916478108517153e-01
1.987696681520368658e-01 1.987312772582490450e-01 1.988359363790974388e-01 1.988381663618225270e-01 1.987334805619256628e-01
1.999991697648559608e-01 1.999999614180986984e-01 1.999995791952682289e-01 1.999996535909655537e-01 2.000000374966521555e-01
1.981209580301583617e-01 1.981934651942159065e-01 1.982597621597740334e-01 1.982612843855242613e-01 1.981948118129243097e-01
1.909021963444543502e-01 1.912477641091797076e-01 1.919199911071552411e-01 1.919341324474173049e-01 1.912683154973842115e-01
1.973712565478841219e-01 1.976544518556170582e-01 1.984256890767055193e-01 1.984407425549036541e-01 1.976748016679544251e-01
1.997028872751205331e-01 1.996050038711919550e-01 1.997697656881068651e-01 1.997715587341696575e-01 1.996066147579712846e-01
2.000923272526948238e-01 1.998921686854530921e-01 1.998813754068020643e-01 1.998819841446368428e-01 1.998920134265937676e-01
1.989383723844891927e-01 1.995296844420830218e-01 1.994846898518454759e-01 1.994873530241675907e-01 1.995318984658738248e-01
1.860131240418299581e-01 1.939185048703352954e-01 1.972883497169086453e-01 1.973039239803072997e-01 1.939416212703033715e-01
1.151287569855482668e-01 1.560154940861092909e-01 1.880854365887009993e-01 1.881039987743437503e-01 1.560431753566788315e-01
8.674863499379398615e-03 7.980082102194478721e-02 1.356684774334866173e-01 1.356684616595407455e-01 7.980583280383493627e-02
1.161320644277284153e-01 1.569992363258357615e-01 1.884912067516585910e-01 1.884897795088794625e-01 1.569989574933259857e-01
1.879221879203587520e-01 1.955136843413662062e-01 1.981143114718444675e-01 1.981137775845460136e-01 1.955127882948911322e-01
1.992731241306425205e-01 1.997859513759779604e-01 1.996766613811551405e-01 1.996770055846637526e-01 1.997864356727054314e-01
2.000942443988350250e-01 1.998776485956426652e-01 1.998831834456912537e-01 1.998833130282942072e-01 1.998782859193923844e-01
1.998001401654234399e-01 1.997421172012107948e-01 1.998170945503268126e-01 1.998172500123184259e-01 1.997423619458200683e-01
1.997702113869712359e-01 1.998357481359051002e-01 1.999293247224291914e-01 1.999296410638371213e-01 1.998367258868826435e-01
1.997971083893785860e-01 1.998199225779936083e-01 1.998318713558260851e-01 1.998318687309736941e-01 1.998199586468314692e-01
1.999976905979221897e-01 2.000012006580088042e-01 2.000018096597379613e-01 2.000018014636530672e-01 2.000012108513695430e-01
2.002287325226254078e-01 2.002272375488269307e-01 2.002286542011267323e-01 2.002286579460077764e-01 2.002273112512782116e-01
2.005899343886555219e-01 2.005882282059309185e-01 2.005911002491920225e-01 2.005911704161230102e-01 2.005883523312284034e-01
1.714336797590652883e-01 1.714334424631989984e-01 1.714357274883004656e-01 1.714358057665148483e-01 1.714335778064035032e-01
2.794871584643694382e-02 2.794862078849244882e-02 2.794884811889110018e-02 2.794886326644971039e-02 2.794865115434206140e-02
