1.882410172039200927e-02 1.882410157873645046e-02 1.882410090312915119e-02 1.882410105541123396e-02
1.656195889423604239e-01 1.656195867272137467e-01 1.656195770601510964e-01 1.656195792971593694e-01
1.792044012635091721e-01 1.792043964308294435e-01 1.792043746188126119e-01 1.792043794535196077e-01
1.795359594546272752e-01 1.795359589119448762e-01 1.795359523893976794e-01 1.795359529310321667e-01
2.038521337100792363e-01 2.038521340278281746e-01 2.038521333152474302e-01 2.038521327772947755e-01
2.118472741375531376e-01 2.118472740186223557e-01 2.118472740464523163e-01 2.118472733667852437e-01
2.020891704816151491e-01 2.020891686145289967e-01 2.020891641875184330e-01 2.020891648218470227e-01
1.605616424322640901e-01 1.605616384789365081e-01 1.605616274491105666e-01 1.605616304318986665e-01
1.608609171529884474e-01 1.608609158678891149e-01 1.608609125493115632e-01 1.608609134365337479e-01
2.023416267563609983e-01 2.023416261256651139e-01 2.023416258868238060e-01 2.023416254429434569e-01
2.120670373093798688e-01 2.120670369877670491e-01 2.120670370116861658e-01 2.120670369378769016e-01
2.015056864989278884e-01 2.015056860971510544e-01 2.015056844398826486e-01 2.015056851570374008e-01
1.516907813153747508e-01 1.516907796030555478e-01 1.516907759545592649e-01 1.516907774003560527e-01
1.516907806711742246e-01 1.516907801451948257e-01 1.516907793880516997e-01 1.516907796603927105e-01
2.015056863009307420e-01 2.015056862693650475e-01 2.015056861378749509e-01 2.015056861548479017e-01
2.120670370389304005e-01 2.120670371274012145e-01 2.120670370196914567e-01 2.120670371019043876e-01
2.023416142471042845e-01 2.023416139405520842e-01 2.023416137716577690e-01 2.023416140386615492e-01
1.608607746624582946e-01 1.608607740488734450e-01 1.608607735292460761e-01 1.608607741743365849e-01
1.605614946145419442e-01 1.605614946133630816e-01 1.605614955850022119e-01 1.605614956490133138e-01
2.020891549481983185e-01 2.020891550423797312e-01 2.020891555492563552e-01 2.020891555301966291e-01
2.118472736118083843e-01 2.118472736322144778e-01 2.118472736585092497e-01 2.118472736810771417e-01
2.038521237426943467e-01 2.038521236909340562e-01 2.038521236856967733e-01 2.038521237975916833e-01
1.795358390679023808e-01 1.795358389784007802e-01 1.795358396185456895e-01 1.795358397605378020e-01
1.792042678318945259e-01 1.792042680700043633e-01 1.792042706845543842e-01 1.792042704602734848e-01
1.656195714942854391e-01 1.656195716229021120e-01 1.656195727920690697e-01 1.656195726719656980e-01
1.882410083551465385e-02 1.882410084437733527e-02 1.882410092265452556e-02 1.882410091561122559e-02
