2.794557938955008827e-02 2.794563560041578992e-02 2.794576222893583803e-02 2.794576396407666072e-02 2.794563583138432242e-02
1.714182760384294069e-01 1.714194265318329524e-01 1.714204507266358368e-01 1.714204539966917851e-01 1.714194143035008555e-01
2.005838456722903451e-01 2.005854300785913646e-01 2.005863240878849596e-01 2.005863314123246532e-01 2.005854016127141259e-01
2.002262788250423198e-01 2.002256953317915200e-01 2.002256659216583023e-01 2.002256838077057233e-01 2.002256786116352882e-01
1.999990831213653841e-01 1.999989222132145528e-01 1.999984874801477575e-01 1.999985070740046833e-01 1.999989030164757708e-01
1.998270478886659263e-01 1.998311996465074181e-01 1.998314220641575489e-01 1.998314120562748042e-01 1.998312007912453059e-01
1.999217549155528351e-01 1.999405977097197251e-01 1.999529822549102054e-01 1.999529857706028868e-01 1.999405714128940637e-01
1.998876784771414228e-01 1.999257696014413166e-01 1.999908522327127347e-01 1.999908665413430986e-01 1.999257599361183302e-01
1.999430741423804114e-01 1.998675780656765100e-01 1.999294505694849122e-01 1.999294591027038215e-01 1.998675743527736359e-01
2.000221113411520257e-01 1.999122528316006342e-01 1.999659665820598398e-01 1.999659726402513160e-01 1.999122585749034398e-01
1.979828766270504137e-01 1.995565731390151198e-01 1.999941604040467724e-01 1.999941598659750186e-01 1.995565776075032272e-01
1.800194566357218584e-01 1.930954786690864955e-01 1.997030490545869952e-01 1.997030490851978979e-01 1.930954705382651460e-01
9.703114134154024184e-02 1.509354111018191835e-01 1.957581954906511268e-01 1.957582083662756933e-01 1.509354063950831271e-01
3.685512156248959924e-05 8.512450063909000886e-02 1.620495912924813098e-01 1.620496092198014937e-01 8.512450312141836561e-02
9.688127673117179206e-02 1.506811827941377802e-01 1.953242517352040686e-01 1.953242608910160383e-01 1.506811904467874885e-01
1.799962141014325445e-01 1.930502721180184234e-01 1.996226911173464569e-01 1.996226921755663297e-01 1.930502822155433507e-01
1.979911768802012917e-01 1.995572763396511184e-01 1.999993863667664795e-01 1.999993850733455258e-01 1.995572750789129657e-01
1.999750072413697677e-01 1.998315544226624829e-01 1.998983572469282266e-01 1.998983666255515768e-01 1.998315429499075702e-01
1.983433269273512378e-01 1.981075028611451738e-01 1.980381484878193654e-01 1.980381708061224599e-01 1.981075029578174829e-01
1.923470371604452389e-01 1.922391974333865494e-01 1.921275094790876325e-01 1.921275203427582068e-01 1.922392082572866312e-01
1.983797488416858268e-01 1.983774170036275708e-01 1.983557012990988522e-01 1.983557063795293174e-01 1.983774313378644516e-01
1.999963105158780730e-01 1.999991150012657981e-01 1.999999957997017352e-01 1.999999995419748378e-01 1.999991157229734084e-01
1.987719915041072094e-01 1.987354819838257625e-01 1.987372526888662450e-01 1.987372625882041222e-01 1.987354830145736939e-01
1.703187310762184492e-01 1.701521949260733912e-01 1.700134638629901551e-01 1.700134887321422816e-01 1.701522136220839920e-01
4.011824212058495015e-02 3.998293352816489898e-02 3.982704230871370044e-02 3.982706008949182808e-02 3.998295214056341029e-02
3.072373994303130487e-03 3.060199968438388068e-03 3.046705052339166234e-03 3.046706706345695195e-03 3.060201286873504359e-03
