1.744445910043857517e-01 1.744445910719608361e-01 1.744445910164605096e-01 1.744445909011578810e-01 1.744445892424819067e-01
2.213497919413473236e-01 2.213497910806681013e-01 2.213497910145475756e-01 2.213497917768647849e-01 2.213497864992620690e-01
2.037680898105372895e-01 2.037680879935991340e-01 2.037680879078890284e-01 2.037680895331536457e-01 2.037680822726286589e-01
2.004065833087713966e-01 2.004065818826820389e-01 2.004065818173407509e-01 2.004065830054226893e-01 2.004065787356952288e-01
1.999999946302633280e-01 1.999999942397671371e-01 1.999999942235134165e-01 1.999999944458924206e-01 1.999999985087238530e-01
2.000120587733818511e-01 2.000120586824497559e-01 2.000120586214411689e-01 2.000120586302077952e-01 2.000120584339316610e-01
2.000161636729451686e-01 2.000161634435441427e-01 2.000161633801583461e-01 2.000161635950966077e-01 2.000161633156813945e-01
2.000024423835823073e-01 2.000024423418921837e-01 2.000024423340317214e-01 2.000024424286445668e-01 2.000024423935384543e-01
2.000002602834707044e-01 2.000002603120501210e-01 2.000002603075497487e-01 2.000002603294956105e-01 2.000002603362654452e-01
1.999999995308622824e-01 1.999999996077607978e-01 1.999999995981354695e-01 1.999999996157665882e-01 1.999999996299025029e-01
2.000000135948533375e-01 2.000000137032700021e-01 2.000000136659475514e-01 2.000000136806862339e-01 2.000000137008344225e-01
2.000000131505043077e-01 2.000000132578647616e-01 2.000000132435454936e-01 2.000000132614303539e-01 2.000000132411886011e-01
2.000000018488267972e-01 2.000000019838575060e-01 2.000000019619156966e-01 2.000000019835042331e-01 2.000000019869878076e-01
2.000000017134779540e-01 2.000000019192199330e-01 2.000000019034559873e-01 2.000000019222223646e-01 2.000000019341221513e-01
2.000000130955276734e-01 2.000000133233469368e-01 2.000000133014660231e-01 2.000000133146948578e-01 2.000000133470068164e-01
2.000000137947942069e-01 2.000000139880574457e-01 2.000000139479304051e-01 2.000000139763287998e-01 2.000000140364295298e-01
2.000000004496036710e-01 2.000000005993504693e-01 2.000000005722428476e-01 2.000000007287400794e-01 2.000000007418786252e-01
2.000002615416168750e-01 2.000002617980136954e-01 2.000002620211072946e-01 2.000002622045687628e-01 2.000002617785753278e-01
2.000024437511474240e-01 2.000024439484778538e-01 2.000024439750834326e-01 2.000024438285484540e-01 2.000024436248143411e-01
2.000161646263850790e-01 2.000161649489148596e-01 2.000161647022741518e-01 2.000161644717023124e-01 2.000161646730547749e-01
2.000120592916741213e-01 2.000120596175772036e-01 2.000120594089435377e-01 2.000120592321993074e-01 2.000120593512454692e-01
1.999999993767147544e-01 1.999999998282498415e-01 1.999999997557272979e-01 1.999999993989169111e-01 1.999999998722182537e-01
2.004065839676790473e-01 2.004065845247847977e-01 2.004065847050513216e-01 2.004065844938891228e-01 2.004065844703654953e-01
2.037680861567217894e-01 2.037680866859933049e-01 2.037680867071541280e-01 2.037680862425643169e-01 2.037680872961426803e-01
2.213497860787371763e-01 2.213497865088421834e-01 2.213497868138426805e-01 2.213497865565116907e-01 2.213497872919420739e-01
1.744445841654683194e-01 1.744445843101998239e-01 1.744445843151046505e-01 1.744445839922813268e-01 1.744445849667967674e-01
