1.744445817373158625e-01 1.744445833758211939e-01 1.744445835320772853e-01 1.744445835399795475e-01 1.744445833842334925e-01
2.213497770998630321e-01 2.213497830807572286e-01 2.213497862236245284e-01 2.213497862276938011e-01 2.213497830574503444e-01
2.037680668860079314e-01 2.037680694664912584e-01 2.037680851391011350e-01 2.037680851280037897e-01 2.037680694121718483e-01
2.004065929748445329e-01 2.004065601492007465e-01 2.004065679678057876e-01 2.004065679482172624e-01 2.004065600971984829e-01
1.999998755864231814e-01 1.999999815918070967e-01 1.999999977643931448e-01 1.999999977449208322e-01 1.999999815613459631e-01
2.000104923174502725e-01 2.000117232476691653e-01 2.000120595946326407e-01 2.000120595813058844e-01 2.000117232294988945e-01
2.000060177940753414e-01 2.000113814949789348e-01 2.000158974766566011e-01 2.000158974676791157e-01 2.000113814713141147e-01
1.999753611568712286e-01 1.999785468102555086e-01 1.999997125087367988e-01 1.999997125049209623e-01 1.999785468010394085e-01
2.000204170313084895e-01 1.999668306820705233e-01 1.999793637529062307e-01 1.999793637484205688e-01 1.999668306861158984e-01
1.999076189605120957e-01 1.999761033335722138e-01 1.999972695531959388e-01 1.999972695496305963e-01 1.999761033440695113e-01
1.978215639216314992e-01 1.996235849483702085e-01 1.999997465459328327e-01 1.999997465420041143e-01 1.996235849559530595e-01
1.819244336287890729e-01 1.933939068098307623e-01 1.997068932311149292e-01 1.997068932315330947e-01 1.933939068113162962e-01
1.418024146683594944e-01 1.564815427167811079e-01 1.959544086671778929e-01 1.959544086765026283e-01 1.564815427258564318e-01
7.840692246068658999e-01 1.310188651304256824e-01 1.654153841918321877e-01 1.654153841919658030e-01 1.310188651329250720e-01
1.418024196560893346e-01 1.564815531146052374e-01 1.959544218815582051e-01 1.959544218760427003e-01 1.564815531263630544e-01
1.819244306452021953e-01 1.933939050841083640e-01 1.997068947044647047e-01 1.997068946991900629e-01 1.933939050963835449e-01
1.978215530988634008e-01 1.996235715101425667e-01 1.999997326314460200e-01 1.999997326298010580e-01 1.996235715211475137e-01
1.999078826341556259e-01 1.999763645871867057e-01 1.999975302930769305e-01 1.999975302911029540e-01 1.999763645957328972e-01
2.000225991069592424e-01 1.999690135008428682e-01 1.999815464499061501e-01 1.999815464515153351e-01 1.999690135104851829e-01
1.999890757153025833e-01 1.999922681548900183e-01 2.000134361705998287e-01 2.000134361741063016e-01 1.999922681709223327e-01
2.000019091501887003e-01 2.000072743903356098e-01 2.000117935316589324e-01 2.000117935305602279e-01 2.000072743944827647e-01
1.999984355964117000e-01 1.999996638399906823e-01 1.999999997388803297e-01 1.999999997396486040e-01 1.999996638504429602e-01
2.004064629054895796e-01 2.004065664891194198e-01 2.004065821753648335e-01 2.004065821774440870e-01 2.004065665085205949e-01
2.037680954575129544e-01 2.037680634689497394e-01 2.037680712724430909e-01 2.037680712751219758e-01 2.037680634927112877e-01
2.213497576521532839e-01 2.213497672084967782e-01 2.213497856373618233e-01 2.213497856409997466e-01 2.213497672269369443e-01
1.744445701383946778e-01 1.744445771645525833e-01 1.744445829908803647e-01 1.744445829927657454e-01 1.744445771692827163e-01
