2.795406498603699927e-02 2.795406503577384932e-02 2.795406491940456359e-02 2.795406491689631651e-02 2.795406502433192553e-02
1.714556212193095730e-01 1.714556213927631578e-01 1.714556211815311537e-01 1.714556211721768586e-01 1.714556213551228780e-01
2.006031538005973169e-01 2.006031545124198623e-01 2.006031546961991596e-01 2.006031546892722561e-01 2.006031544554721102e-01
2.002408466550885391e-01 2.002408496724512044e-01 2.002408528553949740e-01 2.002408528246347463e-01 2.002408495748192740e-01
2.000171708707371154e-01 2.000171721835332095e-01 2.000171833111546171e-01 2.000171833036148150e-01 2.000171720739272185e-01
1.998523563207709464e-01 1.998523361804129261e-01 1.998523585015953563e-01 1.998523585238543843e-01 1.998523360756890299e-01
1.999792881244883691e-01 1.999792428633589692e-01 1.999792166009591865e-01 1.999792165895614149e-01 1.999792427125468008e-01
2.000255961323057774e-01 2.000260521736211272e-01 2.000260066149757709e-01 2.000260065101979179e-01 2.000260518351325567e-01
2.000223313143584536e-01 2.000245192848048581e-01 2.000263633871092739e-01 2.000263631640525619e-01 2.000245185956119054e-01
2.000143950457387021e-01 2.000101505519696621e-01 2.000166989131953732e-01 2.000166985465123559e-01 2.000101496477632856e-01
2.000475644712469969e-01 1.999979138828656966e-01 1.999998452579113961e-01 1.999998446861347701e-01 1.999979127078684582e-01
2.003370952483863321e-01 2.002018270360316488e-01 2.000028404977391705e-01 2.000028398943496377e-01 2.002018256950926223e-01
1.997895503054933630e-01 2.009679624720952795e-01 2.001512011799039259e-01 2.001512006490817341e-01 2.009679613200999471e-01
1.895146494902782697e-01 2.002722939178894490e-01 2.010932824864592738e-01 2.010932823478356335e-01 2.002722936378950880e-01
1.998334128974167678e-01 2.010027701130786826e-01 2.001800562682130580e-01 2.001800566308293838e-01 2.010027707613784853e-01
2.003836298934769666e-01 2.002418225900023385e-01 2.000382934312563421e-01 2.000382937396937566e-01 2.002418232384104158e-01
2.000785622964402211e-01 2.000262336759500437e-01 2.000254868688592647e-01 2.000254870793580775e-01 2.000262341380368292e-01
2.000283432172094422e-01 2.000233280433733885e-01 2.000287599191865606e-01 2.000287600567099977e-01 2.000233283743279300e-01
2.000238239893950554e-01 2.000258702989060611e-01 2.000273904120915547e-01 2.000273905028776278e-01 2.000258705144214444e-01
1.999793480708986215e-01 1.999797586643952130e-01 1.999796106463977152e-01 1.999796106902677895e-01 1.999797587745671124e-01
1.998525743349933992e-01 1.998525152412931050e-01 1.998524624734278332e-01 1.998524625061838533e-01 1.998525153358578776e-01
2.000172063128936029e-01 2.000171818715361927e-01 2.000171963270342412e-01 2.000171963560952171e-01 2.000171819694907260e-01
2.002408355040685428e-01 2.002408351917247253e-01 2.002408435046124924e-01 2.002408435225986882e-01 2.002408352571022898e-01
2.006031372727473949e-01 2.006031402998214586e-01 2.006031423294528104e-01 2.006031423414627868e-01 2.006031403377226130e-01
1.714556069624001977e-01 1.714556089518997350e-01 1.714556088149948032e-01 1.714556088208661622e-01 1.714556089656257554e-01
2.795406037064997878e-02 2.795406115946692804e-02 2.795406131519785967e-02 2.795406131537151243e-02 2.795406115954077869e-02
