2.270261714380758522e-01 2.271074645451761909e-01 2.269043390050446418e-01 2.266953808268016846e-01 2.267644067842643218e-01
3.139553888860317499e-01 3.143006206933369739e-01 3.133519931903102074e-01 3.124036145653367735e-01 3.127081229948541763e-01
2.593646909054672101e-01 2.596546199634667262e-01 2.586805249895716141e-01 2.577459190200185879e-01 2.579827109158289167e-01
2.545344101693975958e-01 2.544516457331382764e-01 2.542848311258498750e-01 2.541691415767716733e-01 2.540791450008526575e-01
2.938335213588408878e-01 2.936178530091658745e-01 2.936922380631986629e-01 2.938039236171861024e-01 2.936474146335023572e-01
2.533928737803118336e-01 2.532100175126832386e-01 2.532243564353485743e-01 2.532600111357831696e-01 2.531658058480977802e-01
2.528452653930221006e-01 2.527733168502385164e-01 2.526469320845106670e-01 2.526015873559192548e-01 2.525153635332866853e-01
2.912706083781516631e-01 2.913302145855532488e-01 2.910039132862395905e-01 2.908252233887963500e-01 2.908013366794929278e-01
2.446465274443375415e-01 2.447499686760205018e-01 2.445840219804894800e-01 2.443769768672345855e-01 2.443846877592639744e-01
2.240360626073215067e-01 2.240327463931861551e-01 2.239027039150045528e-01 2.237091250843833146e-01 2.237154889606344232e-01
2.441501035136099951e-01 2.441205184846350351e-01 2.437670458100422155e-01 2.432535879403299184e-01 2.432669088564663185e-01
2.875253788747728079e-01 2.881614490537533491e-01 2.868420319893761894e-01 2.850649570389830467e-01 2.852192451026902553e-01
2.421339113017728084e-01 2.431944872246398770e-01 2.418249071971085296e-01 2.400469517607756176e-01 2.402356803754547576e-01
2.123595468300668865e-01 2.126685125959629497e-01 2.122853935025012517e-01 2.117841880038873192e-01 2.118366297880999727e-01
2.030479611162127884e-01 2.031306278840896429e-01 2.030332761866034952e-01 2.028901110790558848e-01 2.029070899268372585e-01
2.007437621881359158e-01 2.007652487918588358e-01 2.007452599481690803e-01 2.007206721639998581e-01 2.007230855442257988e-01
2.004530484103382304e-01 2.004560833670357700e-01 2.004489624223234068e-01 2.004515213317186462e-01 2.004494723023764191e-01
2.003583770618723447e-01 2.003680875287036645e-01 2.003545414599503804e-01 2.003521300221562662e-01 2.004135252978330173e-01
2.000662361258541688e-01 2.001109036146026254e-01 2.001117231008081032e-01 2.001036218802549893e-01 2.001611328022566139e-01
1.992854496206601933e-01 1.993130495319131723e-01 1.993276621251776071e-01 1.993363831929185759e-01 1.993518044584007831e-01
1.991012403342828363e-01 1.991089023674396108e-01 1.991067957450040615e-01 1.991046453371579927e-01 1.991063216441318895e-01
1.998253687451145288e-01 1.998275267963252055e-01 1.998272296247755597e-01 1.998259117738929724e-01 1.998260193405241303e-01
2.006858525670001947e-01 2.006868968430941258e-01 2.006871971693878209e-01 2.006873551594760274e-01 2.006885579049512147e-01
2.041372520170644245e-01 2.041382938982989337e-01 2.041386352810602434e-01 2.041389371892000926e-01 2.041398753496532770e-01
2.215784510639528249e-01 2.215792515147307074e-01 2.215793535073460330e-01 2.215797743246035734e-01 2.215804788846272300e-01
1.743650181561188506e-01 1.743650757809070140e-01 1.743650752867835496e-01 1.743654440525193583e-01 1.743657876628584569e-01
