2.063529792133607654e-01 2.006040298795142840e-01 2.033434564452356597e-01 2.033432611770389087e-01 2.006030184638426805e-01
2.350671335624485159e-01 2.283730903107084598e-01 2.329832179566132533e-01 2.329803432484059966e-01 2.283703652752068491e-01
2.181952548050155316e-01 2.179395101257020628e-01 2.185593390293474048e-01 2.185542154560658479e-01 2.179387043314288119e-01
2.167763020664829621e-01 2.319960940814477512e-01 2.258098454779668141e-01 2.258093147835546488e-01 2.319970009192280636e-01
2.093265389137582144e-01 2.080907784256312287e-01 2.095695651641494572e-01 2.095851025121036604e-01 2.080737721377604876e-01
2.411128005692207976e-01 2.237294951274993726e-01 2.350425937525697229e-01 2.350396948886100401e-01 2.237220299136372936e-01
2.197530618118822554e-01 2.117558732895367668e-01 2.197620562858260962e-01 2.197365461166601863e-01 2.117533624213990551e-01
2.274858820555949457e-01 2.314512546375154800e-01 2.312907856741493462e-01 2.312674014916057674e-01 2.314615247562792355e-01
2.122316137192435948e-01 2.303441837498307609e-01 2.243499833056322168e-01 2.243498344509068376e-01 2.303453487625998497e-01
2.391881881332372506e-01 2.245808897219025990e-01 2.292670474545665527e-01 2.293103065556240105e-01 2.245333990893839116e-01
2.545822144361360451e-01 2.401697679960062282e-01 2.405142358942108372e-01 2.405084532713550605e-01 2.401588752607574373e-01
2.265514318391302351e-01 2.649787617636442660e-01 2.322760649437613512e-01 2.322315431393184859e-01 2.649810834191494435e-01
2.395090757911667034e-01 2.538418944338656780e-01 2.522028945777516351e-01 2.521693860858713609e-01 2.538629736954572391e-01
5.793589766264958252e-01 2.152910452621378257e-01 2.781613911180257359e-01 2.781618675355859716e-01 2.152905968307904649e-01
2.379642629064916415e-01 2.425172587797475021e-01 2.503660409287432609e-01 2.504155637964963210e-01 2.424625827967826774e-01
2.454833279740181728e-01 2.721571390128907919e-01 2.496699880896849633e-01 2.496645694818675210e-01 2.721486103787422728e-01
2.205967107907018387e-01 2.314367609807852499e-01 2.154716060713415815e-01 2.154335602869296429e-01 2.314401057612026635e-01
2.454276270811517890e-01 2.406681456815885634e-01 2.408586551436509016e-01 2.408332223745219547e-01 2.406857078127569716e-01
2.101154664373155456e-01 2.151032923167179867e-01 2.189787737436126591e-01 2.189793897154126701e-01 2.151013744136370531e-01
2.236502037246501373e-01 2.241463362848412910e-01 2.300573258922978537e-01 2.300818258283306716e-01 2.241152023675911931e-01
2.339299011924025895e-01 2.287595414642350777e-01 2.368521392098765777e-01 2.368492824490050774e-01 2.287553665778014333e-01
2.038349095426229829e-01 2.047286475203000666e-01 2.047751711536992536e-01 2.047618641623741575e-01 2.047298084627218184e-01
2.285087797665986686e-01 2.312658570489853904e-01 2.323625758359070537e-01 2.323555860422733543e-01 2.312715937021100898e-01
2.094362444192277573e-01 2.130981899398360357e-01 2.156948044301387202e-01 2.156948072214587564e-01 2.130968146670726426e-01
2.326656051045491169e-01 2.329588911985588928e-01 2.349237363289187752e-01 2.349245048762601262e-01 2.329551965152417692e-01
2.036292688028758235e-01 2.026859561643632179e-01 2.039344728316751787e-01 2.039342226943889891e-01 2.026856984051505217e-01
