1.744445837208845607e-01 1.744445837095763840e-01 1.744445837099270480e-01 1.744445837055945692e-01 1.744445836966222740e-01
2.213497865877640802e-01 2.213497865523363084e-01 2.213497865510035967e-01 2.213497865388730779e-01 2.213497865040345292e-01
2.037680875093572375e-01 2.037680874589918312e-01 2.037680874485892912e-01 2.037680874244595375e-01 2.037680873820009175e-01
2.004065845408186941e-01 2.004065844905805194e-01 2.004065844748240954e-01 2.004065844490951487e-01 2.004065844199858226e-01
1.999999999758861058e-01 1.999999999538529249e-01 1.999999999370715154e-01 1.999999999217071389e-01 1.999999999131694683e-01
2.000120598281239503e-01 2.000120598225698099e-01 2.000120598086417567e-01 2.000120597982795734e-01 2.000120597940247824e-01
2.000161648517765067e-01 2.000161648371152345e-01 2.000161648318864727e-01 2.000161648283698967e-01 2.000161648144352655e-01
2.000024430469309056e-01 2.000024430346319382e-01 2.000024430357349725e-01 2.000024430353659066e-01 2.000024430277345389e-01
2.000002608028101925e-01 2.000002607979465274e-01 2.000002608022596329e-01 2.000002607997079240e-01 2.000002608068333632e-01
1.999999999822780761e-01 1.999999999875829437e-01 1.999999999947603413e-01 1.999999999942939366e-01 2.000000000073265949e-01
2.000000138998588306e-01 2.000000139019741385e-01 2.000000139099013252e-01 2.000000139066334948e-01 2.000000139199861193e-01
2.000000134639950411e-01 2.000000134609540015e-01 2.000000134654423278e-01 2.000000134595360524e-01 2.000000134700404830e-01
2.000000021181455312e-01 2.000000021195867395e-01 2.000000021255192162e-01 2.000000021209891177e-01 2.000000021315810339e-01
2.000000021161656982e-01 2.000000021214614065e-01 2.000000021297434760e-01 2.000000021269238704e-01 2.000000021356193869e-01
2.000000134649424499e-01 2.000000134698713961e-01 2.000000134845554833e-01 2.000000134844523991e-01 2.000000134903136828e-01
2.000000139179845815e-01 2.000000139201870419e-01 2.000000139365086804e-01 2.000000139316663594e-01 2.000000139355489204e-01
2.000000000199560757e-01 2.000000000157535485e-01 2.000000000281112744e-01 2.000000000216772544e-01 2.000000000256659249e-01
2.000002608331292175e-01 2.000002608305288809e-01 2.000002608376196533e-01 2.000002608290287476e-01 2.000002608345812782e-01
2.000024430649323393e-01 2.000024430687543375e-01 2.000024430661457020e-01 2.000024430562031830e-01 2.000024430706674183e-01
2.000161648483572696e-01 2.000161648577332418e-01 2.000161648573146045e-01 2.000161648555760507e-01 2.000161648716443641e-01
2.000120598043182985e-01 2.000120598095108948e-01 2.000120598098653890e-01 2.000120598151421403e-01 2.000120598208719180e-01
1.999999999239601145e-01 1.999999999284751695e-01 1.999999999356727454e-01 1.999999999429929176e-01 1.999999999506196779e-01
2.004065844169751198e-01 2.004065844345467307e-01 2.004065844490425241e-01 2.004065844517224082e-01 2.004065844641331195e-01
2.037680873367809786e-01 2.037680873710945029e-01 2.037680873794107395e-01 2.037680873791928027e-01 2.037680873992566699e-01
2.213497864098052381e-01 2.213497864378740076e-01 2.213497864456413500e-01 2.213497864481476229e-01 2.213497864624782985e-01
1.744445835842669545e-01 1.744445835985266868e-01 1.744445836001067285e-01 1.744445836022004426e-01 1.744445836054243637e-01
