2.795091841015470008e-02 2.795078402406965534e-02 2.795063205681891372e-02 2.795063216190929456e-02 2.795078553864676837e-02
1.714467185623812784e-01 1.714463333164582826e-01 1.714460700187016851e-01 1.714460810881466568e-01 1.714463566658654958e-01
2.005924354956668820e-01 2.005918779292354681e-01 2.005918899927029708e-01 2.005918975003444515e-01 2.005918874265278373e-01
2.002273342885004526e-01 2.002264619331661499e-01 2.002265939535645134e-01 2.002266036427124696e-01 2.002264026538904673e-01
2.000004903124593114e-01 1.999996327059371248e-01 1.999995502244225898e-01 1.999995846318290693e-01 1.999994801304217085e-01
1.998320708662290057e-01 1.998322368935952775e-01 1.998320327702625132e-01 1.998320697054773443e-01 1.998320167346224197e-01
1.999552588386019902e-01 1.999550651937577472e-01 1.999547561793195705e-01 1.999547952684943841e-01 1.999548996854735861e-01
1.999990915554371584e-01 1.999992020663229342e-01 1.999984968451112843e-01 1.999985297572883791e-01 1.999990313157316568e-01
1.999993850304044030e-01 2.000007032871105317e-01 2.000004857506732514e-01 2.000005108987086000e-01 2.000005137850755232e-01
2.000093629442522558e-01 2.000006125842606619e-01 1.999998727850945957e-01 1.999999027589701994e-01 2.000004272124964455e-01
2.000880210442949891e-01 2.000183262966566400e-01 1.999996170557418740e-01 1.999996374722894654e-01 2.000181899684705111e-01
2.004648929467131302e-01 2.002600868662123279e-01 2.000152179731204127e-01 2.000152001133360669e-01 2.002600404997238182e-01
2.000705925414301700e-01 2.010651990547041856e-01 2.001452723893790697e-01 2.001452388212197064e-01 2.010652197586370593e-01
1.899040991884659024e-01 2.003803485509310089e-01 2.010186184122827457e-01 2.010185919169476254e-01 2.003803267482337225e-01
2.000705745995949580e-01 2.010651867538936766e-01 2.001452077120645656e-01 2.001451945865076743e-01 2.010651749399377519e-01
2.004648043199186158e-01 2.002600086531005907e-01 2.000151634697451553e-01 2.000151612448405891e-01 2.002600079734085381e-01
2.000882720847082796e-01 2.000185737764904326e-01 1.999999939374306757e-01 2.000000044597030069e-01 2.000185784600981287e-01
2.000094262379731036e-01 2.000006793189259557e-01 2.000001200837353554e-01 2.000001209980482308e-01 2.000006765917289597e-01
1.999978354566954719e-01 1.999991867349768249e-01 1.999991487828284564e-01 1.999991502132003329e-01 1.999991861275488558e-01
1.999553382141211477e-01 1.999555158118178910e-01 1.999549560418545646e-01 1.999549566453499017e-01 1.999555164781619265e-01
1.998324140858863673e-01 1.998322923955017649e-01 1.998321447853483313e-01 1.998321449787537341e-01 1.998322935964134961e-01
2.000000518251189574e-01 2.000000116435207420e-01 1.999999992932621207e-01 1.999999994116222202e-01 2.000000116734088895e-01
2.002266666437444442e-01 2.002266610611787845e-01 2.002266605512184050e-01 2.002266606486788614e-01 2.002266611451725686e-01
2.005916800781930576e-01 2.005916814834468598e-01 2.005916809885014140e-01 2.005916810292940888e-01 2.005916815448418045e-01
1.714457208581678382e-01 1.714457227910756443e-01 1.714457222408544979e-01 1.714457222128467628e-01 1.714457227683284235e-01
2.795061651146170736e-02 2.795061742532667023e-02 2.795061762443987533e-02 2.795061760429730022e-02 2.795061739548152305e-02
