9.513446115089418953e-03 1.978143292082870999e-02 2.524103824325556189e-02 1.978143291274051668e-02
1.536875080473802946e-01 1.674257754415169330e-01 1.764734420131053028e-01 1.674257753340722410e-01
1.878345396029177938e-01 1.904443309928674777e-01 1.912481313124797244e-01 1.904443307342409686e-01
1.895353608708512938e-01 1.897045099938990398e-01 1.896042328704704016e-01 1.897045098507745275e-01
2.046390222386836877e-01 2.045909255771079238e-01 2.045909121694375055e-01 2.045909255095741675e-01
2.119298379270786736e-01 2.118991279322910426e-01 2.118990939143049201e-01 2.118991278739321138e-01
2.043613845027590359e-01 2.043710195994404011e-01 2.043830814631761861e-01 2.043710194283690218e-01
1.874987590002628879e-01 1.875032146253746146e-01 1.875064000959504873e-01 1.875032143363471460e-01
1.876849903567808231e-01 1.876857523104336900e-01 1.876860763076479421e-01 1.876857521562451114e-01
2.044264579573893958e-01 2.044264776911992598e-01 2.044264800631445667e-01 2.044264775841186932e-01
2.112512377127750418e-01 2.112511589568837611e-01 2.112512588391185220e-01 2.112511589595428563e-01
1.920438092991430534e-01 1.920443352661768688e-01 1.920452431000101712e-01 1.920443352110954016e-01
8.174315075472006475e-02 8.174463617008870253e-02 8.174640253574272375e-02 8.174463615600316424e-02
8.174427532946651476e-02 8.174466247902875682e-02 8.174508658871862399e-02 8.174466312510918209e-02
1.920443815543861621e-01 1.920443960427195285e-01 1.920443866481050810e-01 1.920443964172992846e-01
2.112511219357205150e-01 2.112511121446627171e-01 2.112510923195485002e-01 2.112511122299616795e-01
2.044264876427438204e-01 2.044264941673107627e-01 2.044265058507380439e-01 2.044264941935752811e-01
1.876859702324625012e-01 1.876860055388127890e-01 1.876860461053973528e-01 1.876860056436857049e-01
1.875025924367054453e-01 1.875026032493463946e-01 1.875026150964498872e-01 1.875026035589613393e-01
2.043604109188894569e-01 2.043604121743775315e-01 2.043604129439589856e-01 2.043604123167855335e-01
2.118611904542258007e-01 2.118611904931963774e-01 2.118611902522363755e-01 2.118611905161407183e-01
2.045909154418548981e-01 2.045909156667908568e-01 2.045909160046343878e-01 2.045909157003215906e-01
1.895694967785109819e-01 1.895694976990311975e-01 1.895694988285958338e-01 1.895694978104601747e-01
1.895421771708397096e-01 1.895421774331314257e-01 1.895421779776896853e-01 1.895421776937207259e-01
1.665582270554789857e-01 1.665582270766013673e-01 1.665582272096541860e-01 1.665582271857274088e-01
1.886312895214946328e-02 1.886312895383739086e-02 1.886312896171820838e-02 1.886312895971660464e-02
