2.798672936375645737e-02 2.798672955689347763e-02 2.798670913557405743e-02 2.798668290940029696e-02 2.798668663369979770e-02
1.715560396982138691e-01 1.715560006679831273e-01 1.715559879149503308e-01 1.715559751576744285e-01 1.715559435833686475e-01
2.007189916646053562e-01 2.007188652476673829e-01 2.007187774888622989e-01 2.007187319591366148e-01 2.007185967230816770e-01
2.003618063925628467e-01 2.003610877929835332e-01 2.003603051981490690e-01 2.003600911520616035e-01 2.003602427899152105e-01
2.000854064840473512e-01 2.000834969078285897e-01 2.000811086592744203e-01 2.000806694762707616e-01 2.000820259276931967e-01
1.997692458415518679e-01 1.997681015247128322e-01 1.997628959136708293e-01 1.997622135050493575e-01 1.997662483476187745e-01
1.996509166551096726e-01 1.996686393605396626e-01 1.996739375136786232e-01 1.996734299370737098e-01 1.996665593431461994e-01
1.993932819968855796e-01 1.994701351578501147e-01 1.995721505325960821e-01 1.995721165074642589e-01 1.994679352432507935e-01
1.994866632835385900e-01 1.994174274694198168e-01 1.995143024599255743e-01 1.995148915781109478e-01 1.994156325498029625e-01
2.002194737899380961e-01 1.998548400808511372e-01 1.998087641325370922e-01 1.998023369285721607e-01 1.998411706712254210e-01
1.988510034888806566e-01 1.997050409377711944e-01 1.997659532678614513e-01 1.997294471438378072e-01 1.996123787668837024e-01
1.817088940479199555e-01 1.933356395961574603e-01 1.988695786937868248e-01 1.988271068012031073e-01 1.931081550764056076e-01
9.904546679010116372e-02 1.510065357949544051e-01 1.940748793649240411e-01 1.940828893847681424e-01 1.507984664900222371e-01
2.134278631914350577e-03 8.515737162014805350e-02 1.588258252573946649e-01 1.588668009561874928e-01 8.516675105040034943e-02
1.022232337245893297e-01 1.528372760724592272e-01 1.945301574802446865e-01 1.945456172555738161e-01 1.528819046121607794e-01
1.814145988395664544e-01 1.927353769262044603e-01 1.984124352961281479e-01 1.983959595900827710e-01 1.927026456340878713e-01
1.982652692039696685e-01 1.992419133197137204e-01 1.996121428973228196e-01 1.996147880314612932e-01 1.992510055077231224e-01
1.997046740876822213e-01 1.994441094894627842e-01 1.995880517018374656e-01 1.996031629255007322e-01 1.994872414868116561e-01
1.958440133972947639e-01 1.957757062410382942e-01 1.959227063603887209e-01 1.958845570650921131e-01 1.957235230462882891e-01
1.654628446247423668e-01 1.654323793407563026e-01 1.651111816804074484e-01 1.648135718025146856e-01 1.649554171466094676e-01
8.039111519031448549e-02 8.039596493312697878e-02 7.984566981542579045e-02 7.945587714104369870e-02 7.976688533124474956e-02
1.652723855616044513e-01 1.653262383086482601e-01 1.651647361911006695e-01 1.650198143270429907e-01 1.650891274719066826e-01
1.962207502642993873e-01 1.962311610307659882e-01 1.962156329240579977e-01 1.962008999083656446e-01 1.962059886506121453e-01
2.001454852080961078e-01 2.001469625946881992e-01 2.001488971754492585e-01 2.001495271723057190e-01 2.001480556143504785e-01
1.712131939785953572e-01 1.712134801803112394e-01 1.712189288435422563e-01 1.712222208700398263e-01 1.712188614785934704e-01
2.784697992919928783e-02 2.784701776890390057e-02 2.784980762266293236e-02 2.785155230283766284e-02 2.784985545182112887e-02
