1.615439490618486573e-02 1.897499413933232543e-02 2.040629938583209471e-02 1.897500933269303039e-02
1.631127882004261009e-01 1.666533300136931184e-01 1.689760826331337118e-01 1.666535303586834937e-01
1.868716448310890343e-01 1.875324775508986075e-01 1.877420505866052303e-01 1.875330589604210230e-01
1.874828789172631738e-01 1.875211415401223936e-01 1.874977747788272031e-01 1.875219087780468641e-01
2.044198230634390878e-01 2.044052834026486576e-01 2.044053095401848208e-01 2.044054687311962770e-01
2.111095568847996540e-01 2.111005538292079764e-01 2.111026410068170545e-01 2.111006700001376579e-01
1.921909558938879325e-01 1.922024360944657173e-01 1.922252579846168707e-01 1.922062412446035873e-01
8.177296072568712715e-02 8.179852790854573452e-02 8.184258357668869333e-02 8.181202574736401445e-02
8.167773463969459080e-02 8.168135536544515740e-02 8.171039992459180890e-02 8.170550508556341518e-02
1.920875471021988301e-01 1.920842710014462329e-01 1.920913166522219551e-01 1.920941573205881270e-01
2.112463023199143697e-01 2.112429938686938846e-01 2.112340048351497024e-01 2.112326339990448498e-01
2.038165641461280875e-01 2.038101337514474642e-01 2.038048274782936209e-01 2.037976003065736785e-01
1.809810747458494018e-01 1.809826954107656705e-01 1.809228259655625282e-01 1.809091586850398725e-01
1.803696214259523922e-01 1.804065245548351071e-01 1.802932680754154582e-01 1.802505864214140607e-01
2.020695771042477218e-01 2.020878487378568455e-01 2.020308129972650801e-01 2.020168379138759240e-01
2.112721379408627198e-01 2.112723006761019484e-01 2.112778170531037225e-01 2.112881979699757773e-01
1.936753806594174454e-01 1.936764387823544098e-01 1.936492309979614967e-01 1.936567576136821178e-01
8.586341633196067913e-02 8.585782362830383929e-02 8.579556071673020978e-02 8.580263622505684973e-02
7.001424092818847589e-02 7.000192740524792401e-02 6.999664183279050156e-02 7.000543118040028490e-02
1.561569852007213266e-01 1.561531317513715766e-01 1.561496448786109659e-01 1.561524441056492685e-01
2.066023430638611602e-01 2.066037264877525759e-01 2.065972638787619553e-01 2.065973905709051761e-01
2.042704533992236171e-01 2.042707422112553517e-01 2.042693533317848364e-01 2.042695113237458782e-01
1.830217624218529460e-01 1.830078877605469945e-01 1.830413157831438098e-01 1.830523181839309177e-01
1.334197347995546568e-01 1.333673264633199185e-01 1.335097149597467281e-01 1.335588288097626919e-01
4.904641874716999389e-02 4.902308656495540234e-02 4.908742389818898655e-02 4.910964965476359578e-02
5.050464240053459918e-03 5.048811640065862562e-03 5.053480596724113649e-03 5.055004947894482618e-03
