1.406665815581191210e-03 3.959195622171882145e-03 6.121664502805984967e-03 3.962734376000576902e-03
2.074508730173657209e-02 3.932467322339834592e-02 5.778533128410202890e-02 3.935254299294255187e-02
8.840124940404529841e-02 1.266406129155294435e-01 1.641313870189087254e-01 1.266952944121380320e-01
1.698491687025979191e-01 1.802266775957051537e-01 1.892635088696971724e-01 1.802386863838097708e-01
2.035766308895265997e-01 2.041718327571484248e-01 2.042938840120029631e-01 2.041721204562237657e-01
2.108411774090163116e-01 2.100778872080024673e-01 2.097491399385862931e-01 2.100778325166191285e-01
1.858156920425984016e-01 1.887044397688228681e-01 1.921822147937041481e-01 1.887115162116943801e-01
1.674744021820241680e-01 1.765838731323424449e-01 1.858836694981558513e-01 1.766010826732520578e-01
1.807356074583019168e-01 1.832233851003654546e-01 1.856033860920027756e-01 1.832279045030123510e-01
2.039286315149261841e-01 2.040560736581143453e-01 2.041111672079948813e-01 2.040563204790898089e-01
2.111341588245382039e-01 2.109663356257774902e-01 2.108152360650106805e-01 2.109658318637935293e-01
1.903508990743015827e-01 1.898672274838890117e-01 1.894025790915347396e-01 1.898647208671574993e-01
8.140697243883901479e-02 8.069174661147196503e-02 7.997277958457053859e-02 8.069002421067042463e-02
8.138451467572038744e-02 8.138400314171219396e-02 8.138931120247122619e-02 8.139184981825936527e-02
1.917073982988298508e-01 1.917908234634769227e-01 1.918798879038969285e-01 1.917961701298548649e-01
2.109257708345625149e-01 2.109422181817722231e-01 2.109615635222939212e-01 2.109441750133117521e-01
1.994590693311105167e-01 1.994838867044364805e-01 1.995089152107784591e-01 1.994839522654822672e-01
1.345925948549195894e-01 1.346403048562755667e-01 1.346662892288291724e-01 1.346183283637397421e-01
1.356256308872980099e-01 1.356521931849180018e-01 1.355918331849536307e-01 1.355656390055986760e-01
2.002340641467637572e-01 2.002411147136982927e-01 2.002108266746076004e-01 2.002046482459542143e-01
2.118556540574802194e-01 2.118557773835873514e-01 2.118569776230408430e-01 2.118563927286430670e-01
1.996540743520042183e-01 1.996662794408254893e-01 1.996786644749166117e-01 1.996661534119150150e-01
1.288573964048248532e-01 1.289097577830189689e-01 1.289135085950387505e-01 1.288610310618316102e-01
1.278734057536692059e-01 1.279854612339980657e-01 1.278982539810077923e-01 1.277862779050891184e-01
1.609791295787201537e-01 1.610265922139600125e-01 1.609846315891355351e-01 1.609371998348468613e-01
1.863169404427380410e-02 1.863500759484713540e-02 1.863207472825316111e-02 1.862876351349315035e-02
