2.137776072514629144e-01 2.009357649691994319e-01 1.984325580802352995e-01 2.009357526095404134e-01
2.288116456268819432e-01 2.274547741369368492e-01 2.284584501605357587e-01 2.274547855281315034e-01
1.936914956071399407e-01 1.939702858660737606e-01 1.943217289573553885e-01 1.939704220481332786e-01
1.906161181312291952e-01 1.907156163173025776e-01 1.907254524551936226e-01 1.907157436034988551e-01
2.058681018641974614e-01 2.058837959933151329e-01 2.058835985605874663e-01 2.058839020114502649e-01
2.177236208125764017e-01 2.177191569141024574e-01 2.177192680725013318e-01 2.177199329199455136e-01
2.277930749330865923e-01 2.277927659982938446e-01 2.277981888173607472e-01 2.277978836374796312e-01
2.669912240596730713e-01 2.669911426186556969e-01 2.670093035073108356e-01 2.670059867505431006e-01
2.670820149749673633e-01 2.670830515444047593e-01 2.671044467501515474e-01 2.670983577675673515e-01
2.279715794461808498e-01 2.279739185912755539e-01 2.279844424166387884e-01 2.279819887901000375e-01
2.183449122659058828e-01 2.183434415867215039e-01 2.183458446650918539e-01 2.183468951594796370e-01
2.083140395273813394e-01 2.083099516181103894e-01 2.083224246153477233e-01 2.083231974284135424e-01
1.982800267535721195e-01 1.982924124999451698e-01 1.983368022493923744e-01 1.983328705954081339e-01
1.980528511547558768e-01 1.980546970379455374e-01 1.980934780977518794e-01 1.980888418868878842e-01
2.072187465958534036e-01 2.071938549772985583e-01 2.071969999413483254e-01 2.071945688189333890e-01
2.130200121346769171e-01 2.130160607803876227e-01 2.130323328537040428e-01 2.130320232341207931e-01
2.057275191365092459e-01 2.057027905696806880e-01 2.057132820166001907e-01 2.057187186038748339e-01
1.921791280067497443e-01 1.921616325321943708e-01 1.921664353721470042e-01 1.921646960794211045e-01
1.920537619893637193e-01 1.920357503917040354e-01 1.920515093408014795e-01 1.920608390381231823e-01
2.055233245697099531e-01 2.055258393380860749e-01 2.055260628830492542e-01 2.055294634290165401e-01
2.124226927917551300e-01 2.124198362972707366e-01 2.124202322559955725e-01 2.124203396688782164e-01
2.046259195115490703e-01 2.046258249742800572e-01 2.046264066321907271e-01 2.046260956149404397e-01
1.898055825390998486e-01 1.898059221329788937e-01 1.898057295145254009e-01 1.898053589773659455e-01
1.936746402008543699e-01 1.936746495602112705e-01 1.936746624285214102e-01 1.936746503050283674e-01
2.290360930665267525e-01 2.290361141704772285e-01 2.290361108984793892e-01 2.290360778714618795e-01
2.019925171462968738e-01 2.019925265142367699e-01 2.019925185637864995e-01 2.019925094869386151e-01
