2.795061732419049788e-02 2.795061743198229420e-02 2.795061740712458803e-02 2.795061740445915072e-02 2.795061743227067116e-02
1.714457223259768237e-01 1.714457225133997620e-01 1.714457222839059769e-01 1.714457222626325494e-01 1.714457224703658800e-01
2.005916814653077584e-01 2.005916816733526176e-01 2.005916811227371477e-01 2.005916810973003284e-01 2.005916815777191164e-01
2.002266609278750276e-01 2.002266617164966123e-01 2.002266615862281218e-01 2.002266615682661843e-01 2.002266616056712911e-01
2.000000060128646062e-01 2.000000004151707700e-01 1.999999999548512652e-01 1.999999999379509508e-01 2.000000003170309404e-01
1.998321887254937423e-01 1.998321486415295944e-01 1.998321362183303196e-01 1.998321362238305032e-01 1.998321486283233528e-01
1.999551532974770673e-01 1.999550309354245492e-01 1.999548828620906493e-01 1.999548828589041982e-01 1.999550309498852041e-01
1.999990112023242450e-01 1.999991877816659214e-01 1.999986277749873365e-01 1.999986277757894726e-01 1.999991877555352127e-01
1.999993375353383285e-01 2.000006897246581761e-01 2.000006515881025682e-01 2.000006516003467461e-01 2.000006897038751619e-01
2.000093907963439444e-01 2.000006458834788226e-01 2.000000859877660853e-01 2.000000859969118805e-01 2.000006458803262333e-01
2.000880802635355005e-01 2.000183835053536696e-01 1.999998028382599935e-01 1.999998028530584337e-01 2.000183835345874517e-01
2.004649713386179311e-01 2.002601795703271570e-01 2.000153285286394023e-01 2.000153285410305737e-01 2.002601796063941120e-01
2.000706553329163750e-01 2.010652771481735990e-01 2.001452914284976570e-01 2.001452914319969412e-01 2.010652771668312577e-01
1.899041158640557003e-01 2.003803806568672796e-01 2.010186450450824336e-01 2.010186450500820454e-01 2.003803806689584688e-01
2.000705952804946175e-01 2.010652185739127684e-01 2.001452329322899182e-01 2.001452329323751000e-01 2.010652185664143499e-01
2.004648246712662785e-01 2.002600337203607472e-01 2.000151832033368604e-01 2.000151832006944186e-01 2.002600337192117774e-01
2.000882874333279882e-01 2.000185906244278389e-01 2.000000099858726121e-01 2.000000099869147785e-01 2.000185906446012019e-01
2.000094307390981874e-01 2.000006858649679697e-01 2.000001258894759382e-01 2.000001258914253510e-01 2.000006858931403508e-01
1.999978392937730720e-01 1.999991920690243064e-01 1.999991535501934037e-01 1.999991535592672287e-01 1.999991921071746226e-01
1.999553410689629551e-01 1.999555192982145346e-01 1.999549593159747063e-01 1.999549593253427959e-01 1.999555193296021771e-01
1.998324157480512731e-01 1.998322942639575439e-01 1.998321467379533534e-01 1.998321467473585800e-01 1.998322943024747889e-01
2.000000524882175335e-01 2.000000124232577392e-01 2.000000000510235576e-01 2.000000000619986118e-01 2.000000124740077545e-01
2.002266671138270560e-01 2.002266616375114050e-01 2.002266611228162851e-01 2.002266611297229548e-01 2.002266616758028306e-01
2.005916802532190790e-01 2.005916817033035204e-01 2.005916812106373348e-01 2.005916812154171225e-01 2.005916817229631832e-01
1.714457210279761723e-01 1.714457229618643053e-01 1.714457225404854845e-01 1.714457225439297017e-01 1.714457229623872203e-01
2.795061685794576409e-02 2.795061780220231898e-02 2.795061810723304882e-02 2.795061810609742250e-02 2.795061779795729104e-02
