1.746266115557335574e-01 1.746260062309085981e-01 1.746224862973951575e-01 1.746197555597948647e-01 1.746207887735114761e-01
2.219442013011388992e-01 2.219502164049947379e-01 2.219381267779303724e-01 2.219217185194352904e-01 2.219202187444436758e-01
2.067889955264334834e-01 2.068202316182882472e-01 2.067800117157153061e-01 2.067185751129860527e-01 2.067118193259495362e-01
2.128470491271662324e-01 2.129460542853176541e-01 2.128247935813522285e-01 2.126241537109261892e-01 2.126108556886093515e-01
2.419488303663844264e-01 2.423298440237475204e-01 2.418917764460166708e-01 2.411856693385958372e-01 2.411797635894508129e-01
2.852938690423422186e-01 2.856577002993784253e-01 2.852102506109643332e-01 2.844781072032991909e-01 2.844549222329335048e-01
2.415221556988520479e-01 2.415967692647928156e-01 2.413996645022053467e-01 2.411733802562670559e-01 2.411150415752470744e-01
2.120227400188641198e-01 2.119788165506692190e-01 2.119970720545792386e-01 2.121028392207212343e-01 2.120612127724012252e-01
2.029383983317683826e-01 2.029381736932399372e-01 2.029426954521128257e-01 2.029647697817941743e-01 2.029885004943224325e-01
2.006442299601310930e-01 2.006571238566711712e-01 2.006605518239906738e-01 2.006630837652635668e-01 2.006688740591762998e-01
2.001673863647396856e-01 2.002327116094709814e-01 2.002463003128863717e-01 2.002465081515050760e-01 2.002351690460308087e-01
1.996829581848778012e-01 1.998677947436910685e-01 2.000956416204099642e-01 2.000965751983339591e-01 1.998671823428814776e-01
2.000525970175797141e-01 1.989627622427508624e-01 1.998656105058114474e-01 1.998640258803845715e-01 1.989535034509187506e-01
2.109064869130327646e-01 1.995597231102433367e-01 1.988276505061498944e-01 1.988140762212194101e-01 1.995405386780471080e-01
1.999397818995787279e-01 1.988119229116876441e-01 1.996661113589517089e-01 1.995807176722426413e-01 1.987373081840047573e-01
1.992295623972544505e-01 1.994287517951545408e-01 1.995869150163880612e-01 1.994016385203704056e-01 1.992107923917235401e-01
1.989240904054548065e-01 1.992269850676262333e-01 1.990608116137415895e-01 2.003030768491816382e-01 2.002752320323086810e-01
2.002383348180640787e-01 2.004207478125863973e-01 2.002528820340895299e-01 2.010495814579223994e-01 2.010649518118426959e-01
2.003905459842604264e-01 2.004648126691007393e-01 2.004016845596033325e-01 2.004505360993973639e-01 2.004579995790591318e-01
1.996044025166502367e-01 1.996452279957198206e-01 1.996042157258981764e-01 1.995435353343356366e-01 1.995512174475661260e-01
1.993019103614398768e-01 1.993115375751357277e-01 1.993017440019850262e-01 1.992847423875156454e-01 1.992875932980071318e-01
1.997878068338764523e-01 1.997880345396836899e-01 1.997876896199911323e-01 1.997889638007893098e-01 1.997895687684115018e-01
2.003381411593863903e-01 2.003375147105378451e-01 2.003381884088633880e-01 2.003404602549087032e-01 2.003406614539623987e-01
2.008494453259013213e-01 2.008494869697126928e-01 2.008495607300079810e-01 2.008497765780027366e-01 2.008498318781080649e-01
1.717379740784806541e-01 1.717381190070112473e-01 1.717380347288486042e-01 1.717378979912197456e-01 1.717378903930215084e-01
2.803966627730405600e-02 2.803971279288514432e-02 2.803968787310968241e-02 2.803964808020806276e-02 2.803963791499772609e-02
