6.999907406904997092e-05 2.417183072557133744e-03 4.310172711894208648e-03 2.417183109129591480e-03
9.358353603602202753e-03 2.476596673510271865e-02 3.922080348180240206e-02 2.476596706968409514e-02
9.253725479487168171e-02 1.231507042792306800e-01 1.513552092818349348e-01 1.231507049868137277e-01
1.736890639789739343e-01 1.830534349151099749e-01 1.895515273492640596e-01 1.830534350986442182e-01
2.033473824828646026e-01 2.044536879614229363e-01 2.045454945191605700e-01 2.044536879587742495e-01
2.118816439191076040e-01 2.108826893742620223e-01 2.104094959220407235e-01 2.108826893656856605e-01
1.960637886602679680e-01 1.961505209652059378e-01 1.970114273094379642e-01 1.961505211082245348e-01
1.810844658117375106e-01 1.845988705705878807e-01 1.883612224999637597e-01 1.845988709229177682e-01
1.870907126615441451e-01 1.881798541069232000e-01 1.891583433474968989e-01 1.881798542261693685e-01
2.044122708305243508e-01 2.045244880021656608e-01 2.045538412443099752e-01 2.045244880162774281e-01
2.120583359556361958e-01 2.120114413109459028e-01 2.119866137390263305e-01 2.120114413160539557e-01
2.039541151128020924e-01 2.040812677704206823e-01 2.042644662639292452e-01 2.040812678574688011e-01
1.883808660021080161e-01 1.888622939028568315e-01 1.893676245871458719e-01 1.888622941140585543e-01
1.889300549964419151e-01 1.890694586410930078e-01 1.892031881720034892e-01 1.890694587901240453e-01
2.045588864528628814e-01 2.045710056092466811e-01 2.045765844684799273e-01 2.045710056495462226e-01
2.120693301963726685e-01 2.120663451571153657e-01 2.120641755837734677e-01 2.120663451577229353e-01
2.045394426840257684e-01 2.045602182356138221e-01 2.045850939492959430e-01 2.045602182692736193e-01
1.892197745068434911e-01 1.892812657239665297e-01 1.893448360633178673e-01 1.892812658205051957e-01
1.892723573244488033e-01 1.892897849393234688e-01 1.893069264861361456e-01 1.892897850920991776e-01
2.045286997078735736e-01 2.045301112083618977e-01 2.045310155767419424e-01 2.045301112666322585e-01
2.118678723548504950e-01 2.118676166028258256e-01 2.118673572616978362e-01 2.118676166049494325e-01
2.045880083465633770e-01 2.045901926418196848e-01 2.045926311922977581e-01 2.045901926550466043e-01
1.895937026960635707e-01 1.895999473971789473e-01 1.896063199832901669e-01 1.895999474645543303e-01
1.895763608517984922e-01 1.895782714544870795e-01 1.895801746715784220e-01 1.895782716385151501e-01
1.665613742027942101e-01 1.665616027100073893e-01 1.665618246775840139e-01 1.665616027839875724e-01
1.886325005508770677e-02 1.886326557395334724e-02 1.886328161262339209e-02 1.886326557514596616e-02
