2.792773058141176032e-02 2.792794748574131333e-02 2.792826789241234856e-02 2.792825245462287123e-02 2.792792365943220709e-02
1.713224761065342827e-01 1.713259246443163131e-01 1.713286336622339978e-01 1.713286049551045465e-01 1.713258641730868170e-01
2.005580962090596775e-01 2.005633138574605123e-01 2.005658714065646497e-01 2.005658700720084064e-01 2.005632620681813416e-01
2.002234155149686112e-01 2.002230995681454073e-01 2.002239696151529302e-01 2.002239826820771118e-01 2.002230845419046834e-01
1.999991806131272698e-01 1.999980578693497935e-01 1.999980524674272175e-01 1.999980708440854682e-01 1.999980432572166789e-01
1.998202267710126323e-01 1.998288190320842705e-01 1.998300758668553889e-01 1.998300530934527808e-01 1.998288071187652726e-01
1.998588434510731870e-01 1.999138601857760600e-01 1.999469093036562450e-01 1.999468808780828777e-01 1.999138144537751793e-01
1.996231790582545240e-01 1.997882585662180965e-01 1.999780290738770727e-01 1.999780468339701078e-01 1.997882483317018065e-01
1.995527687735602351e-01 1.995724979565003665e-01 1.998214506052444495e-01 1.998214630536707948e-01 1.995724974377121597e-01
2.000791934730301314e-01 1.997774009547072793e-01 1.999532745469319583e-01 1.999532848334380220e-01 1.997774115138515050e-01
1.983483397533797876e-01 1.994570105887205347e-01 1.999929458176958885e-01 1.999929472407483699e-01 1.994570105586583320e-01
1.804789026996464762e-01 1.930298859066651718e-01 1.997038077282449753e-01 1.997037996418065675e-01 1.930298222728094593e-01
9.761620193516701294e-02 1.510602158486407942e-01 1.957688737378112109e-01 1.957689189363815419e-01 1.510601728820859524e-01
5.865144425223808291e-04 8.542753908888697789e-02 1.621343361173488151e-01 1.621343847540610006e-01 8.542756320611981369e-02
9.751286476890862198e-02 1.508347680610427899e-01 1.953376467698805796e-01 1.953376823848789468e-01 1.508347927551932366e-01
1.804678296209903110e-01 1.929918723671218139e-01 1.996243212401321854e-01 1.996243316879660057e-01 1.929919004912404035e-01
1.983581587650370126e-01 1.994568112872995014e-01 1.999984597448093981e-01 1.999984527248598598e-01 1.994568210942638808e-01
2.000347405682250945e-01 1.996936420010069768e-01 1.998854333336147482e-01 1.998854365766006280e-01 1.996936407159304316e-01
1.979843193775041033e-01 1.978197731231630119e-01 1.979198791272565039e-01 1.979198781866128576e-01 1.978197804332967602e-01
1.921372360793918710e-01 1.921329267019522002e-01 1.921203721113742269e-01 1.921203949666159261e-01 1.921329507727302932e-01
1.983341840660800270e-01 1.983635720091799504e-01 1.983562136583832125e-01 1.983562251837213686e-01 1.983635842613199474e-01
1.999916035540232062e-01 1.999974319946073442e-01 1.999999913145134312e-01 1.999999953155490451e-01 1.999974248362432483e-01
1.987775520602654833e-01 1.987338535988827648e-01 1.987372188545680207e-01 1.987372170452734732e-01 1.987338498497446815e-01
1.703634734610390000e-01 1.701723600219469668e-01 1.700157929955786185e-01 1.700157969816481485e-01 1.701723602185141182e-01
4.022568811674687855e-02 4.007099037098988542e-02 3.989416309323062793e-02 3.989416665346866980e-02 4.007099262243837140e-02
3.090466562407096201e-03 3.076448411984368352e-03 3.061166089915192193e-03 3.061166257234673813e-03 3.076448175577353727e-03
