2.039804007821107712e-01 2.039804009212780045e-01 2.039804007956313170e-01 2.039804006526358404e-01
2.505476736491842327e-01 2.505476742024894121e-01 2.505476736927798598e-01 2.505476730881868175e-01
2.489681024788290009e-01 2.489681026335702763e-01 2.489681098439529006e-01 2.489681096713593500e-01
2.403556114755168449e-01 2.403556101454657756e-01 2.403555999612777550e-01 2.403556011594767949e-01
2.306198944226441339e-01 2.306198952786088219e-01 2.306198953781874728e-01 2.306198943606010687e-01
2.198529025668216064e-01 2.198529032521252258e-01 2.198529030028917031e-01 2.198529023289866879e-01
2.257890732523041843e-01 2.257890734509781228e-01 2.257890735680976313e-01 2.257890731020767427e-01
2.299784542451826508e-01 2.299784533089570815e-01 2.299784520829161738e-01 2.299784527921527877e-01
2.312917857057680271e-01 2.312917865269200068e-01 2.312917851374086953e-01 2.312917845028996389e-01
2.246187816080832123e-01 2.246187815261174725e-01 2.246187812594637456e-01 2.246187813891531160e-01
2.188671544711459638e-01 2.188671536864632838e-01 2.188671538046623177e-01 2.188671546529865619e-01
2.304586412704499043e-01 2.304586398136875547e-01 2.304586408644897777e-01 2.304586428203295734e-01
2.446715354376975404e-01 2.446715376629217675e-01 2.446715173986668268e-01 2.446715155281855292e-01
2.446715162162941271e-01 2.446715167163029392e-01 2.446715368075092212e-01 2.446715361418272117e-01
2.304586424594749494e-01 2.304586406221362516e-01 2.304586401388321604e-01 2.304586417040262458e-01
2.188671545244275374e-01 2.188671536408999807e-01 2.188671538386262605e-01 2.188671547622186575e-01
2.246187813095545660e-01 2.246187814046960163e-01 2.246187815455623626e-01 2.246187820061098239e-01
2.312917842634893140e-01 2.312917850209328663e-01 2.312917868791530551e-01 2.312917864537375467e-01
2.299784533657870389e-01 2.299784526018457953e-01 2.299784534429714644e-01 2.299784540660786969e-01
2.257890732504640452e-01 2.257890734343750982e-01 2.257890736999794978e-01 2.257890733901871672e-01
2.198529023817878125e-01 2.198529031178385884e-01 2.198529032419194729e-01 2.198529025308398333e-01
2.306198946252289717e-01 2.306198958401765309e-01 2.306198952959624127e-01 2.306198942814456920e-01
2.403556013957700577e-01 2.403555992633089056e-01 2.403556107898233152e-01 2.403556130406210856e-01
2.489681101314002720e-01 2.489681108418295430e-01 2.489681028643679905e-01 2.489681021130780991e-01
2.505476732692727970e-01 2.505476738899518607e-01 2.505476742688503289e-01 2.505476736129287896e-01
2.039804006003727577e-01 2.039804007489297022e-01 2.039804008488570741e-01 2.039804006834740335e-01
