2.160500991373155155e-01 2.029424668012991539e-01 2.001020601980419422e-01 2.029423154405816110e-01
2.505805816304584321e-01 2.492725741565557929e-01 2.491134334060494393e-01 2.492720070977856306e-01
2.476088234209397054e-01 2.490086979542227019e-01 2.496253915173178572e-01 2.490087233183014837e-01
2.404297923574358065e-01 2.404538727949605548e-01 2.408251915939455534e-01 2.404545556263363582e-01
2.312942787831212266e-01 2.305954358878232191e-01 2.302587254201169387e-01 2.305947133945173699e-01
2.201672420680195474e-01 2.198552654822781005e-01 2.195233188561373228e-01 2.198547116223180664e-01
2.258419462516077225e-01 2.257853135764757158e-01 2.255502059210632848e-01 2.257851381705268667e-01
2.297705355436543695e-01 2.299263650472488096e-01 2.299809679534265960e-01 2.299258846745990958e-01
2.312009449925246651e-01 2.311800436675162385e-01 2.312007588396564617e-01 2.311807121374627461e-01
2.246222582700257708e-01 2.245814962896440226e-01 2.245748555874711450e-01 2.245815668007351273e-01
2.187297298822700464e-01 2.188688323125627111e-01 2.190195588580249875e-01 2.188694935745812142e-01
2.301647056874566721e-01 2.304386329516942555e-01 2.307563181624222581e-01 2.304399336591492764e-01
2.449844827848711992e-01 2.446177999612031972e-01 2.442688013901179456e-01 2.446162555461173505e-01
2.447025490805010417e-01 2.446435869346066383e-01 2.445574272200615740e-01 2.446433711005043532e-01
2.301658192947747261e-01 2.304379660334422153e-01 2.306997671717025133e-01 2.304391833588322891e-01
2.187311899171850149e-01 2.188595045540268624e-01 2.189958268016992393e-01 2.188601944502832075e-01
2.245852444868000619e-01 2.246080809880795781e-01 2.246369446350035270e-01 2.246083007592408476e-01
2.312651695705812138e-01 2.312881142626752040e-01 2.313072999055265921e-01 2.312885413348353958e-01
2.299607147111335514e-01 2.299644234296332745e-01 2.299624981113043420e-01 2.299641634897185150e-01
2.258147935417797181e-01 2.257881027746914404e-01 2.257626227050857914e-01 2.257880624648414825e-01
2.199329323950737769e-01 2.198522749767449769e-01 2.197733109745247382e-01 2.198519359766523962e-01
2.307010869608794035e-01 2.305903780229092148e-01 2.304767942958909077e-01 2.305898372230381355e-01
2.400795470036809487e-01 2.402721409166698185e-01 2.404630027321235652e-01 2.402733435290577424e-01
2.489374195115068300e-01 2.488877836056270498e-01 2.488378157725359974e-01 2.488873779403926734e-01
2.505814821113266366e-01 2.505142348581605449e-01 2.504471012561730880e-01 2.505139004645180467e-01
2.039935605517784745e-01 2.039772916996068497e-01 2.039609620045696459e-01 2.039772056681679047e-01
