8.964040321821439283e-01 2.409069346207428075e-01 2.073368592718050629e-01 2.409068939297769052e-01
2.982551182035111381e-01 2.543246277577991821e-01 2.417081297953181940e-01 2.543244626566685818e-01
2.148804275935699004e-01 2.080195681478105851e-01 2.055698996175329973e-01 2.080188032953061150e-01
1.975985062857694707e-01 1.959189366848033409e-01 1.943732950399041648e-01 1.959168261562525548e-01
2.077006274053532497e-01 2.071198362708195906e-01 2.065719694042113252e-01 2.071146910801686947e-01
2.189049054059707122e-01 2.187288081480227020e-01 2.186053615057346744e-01 2.187141915895130240e-01
2.317505569158659351e-01 2.317460864337170523e-01 2.316870742913749448e-01 2.316899536523422121e-01
2.784867758129516702e-01 2.785166917555110810e-01 2.783998478800645549e-01 2.783806736119229797e-01
2.785002791290889790e-01 2.785041713435986721e-01 2.784196585917333433e-01 2.784170518977007736e-01
2.317015340857927763e-01 2.317014003713178949e-01 2.316684444272696097e-01 2.316676808799842668e-01
2.185533367597693177e-01 2.185533771113360724e-01 2.185436962466002775e-01 2.185436185633571338e-01
2.060917803701436402e-01 2.060916684922187436e-01 2.060879475231313929e-01 2.060877082818789452e-01
1.904000298001685965e-01 1.904000226645888860e-01 1.903977814718355310e-01 1.903976294140467540e-01
1.903993109206425505e-01 1.903992740602054312e-01 1.903983517239976331e-01 1.903985204869318992e-01
2.060891914655019197e-01 2.060892162961288909e-01 2.060889978944062950e-01 2.060891194189570230e-01
2.185559542059493932e-01 2.185560098109983751e-01 2.185561356922527121e-01 2.185561587171088171e-01
2.317837067582336208e-01 2.317838933768435750e-01 2.317845485890672741e-01 2.317844633662426435e-01
2.784744159668821051e-01 2.784747470851161033e-01 2.784763788629321390e-01 2.784761282010529970e-01
2.784671590543690844e-01 2.784672688434778887e-01 2.784677673341139914e-01 2.784676917941552032e-01
2.317852188374475431e-01 2.317852630983823214e-01 2.317854186762207669e-01 2.317853990702010425e-01
2.185288079137297501e-01 2.185288267694824038e-01 2.185288810694535067e-01 2.185288768952149685e-01
2.059034795999190870e-01 2.059034872244566161e-01 2.059035062294137797e-01 2.059035044638315992e-01
1.902815595834773943e-01 1.902815631833438825e-01 1.902815783080329948e-01 1.902815769407454061e-01
1.938633909721264315e-01 1.938633909503539865e-01 1.938633936100022381e-01 1.938633941462998833e-01
2.290331494564374626e-01 2.290331493602200397e-01 2.290331498044503589e-01 2.290331499737844057e-01
2.020055710044235953e-01 2.020055709975336344e-01 2.020055710511251545e-01 2.020055710573503971e-01
