2.795050854746253949e-02 2.795053197194196509e-02 2.795055726472025354e-02 2.795055438117263064e-02 2.795052562003252569e-02
1.714448172624535860e-01 1.714451761377505379e-01 1.714454579980517201e-01 1.714454486214349871e-01 1.714451463202216752e-01
2.005898443986446344e-01 2.005906537010438973e-01 2.005915740071998743e-01 2.005915751316183215e-01 2.005906235522628422e-01
2.002250138480485830e-01 2.002246587779289988e-01 2.002252923669143314e-01 2.002252962204117137e-01 2.002246437613614538e-01
1.999993892795962069e-01 1.999983471033704441e-01 1.999985128008698043e-01 1.999985091964175954e-01 1.999983381616177169e-01
1.998231741671805672e-01 1.998295645792322328e-01 1.998318507918309672e-01 1.998318589648981902e-01 1.998295713027510301e-01
1.998706608099861948e-01 1.999217432743835843e-01 1.999533389070068112e-01 1.999533432060740246e-01 1.999217320125333264e-01
1.996289403580074617e-01 1.997898711842261144e-01 1.999782964268954077e-01 1.999783069180089690e-01 1.997898533522868281e-01
1.995530761206427695e-01 1.995729054128983770e-01 1.998217681881373220e-01 1.998217802733925630e-01 1.995728990600096897e-01
2.000798067972952010e-01 1.997781890058340504e-01 1.999543347464000642e-01 1.999543104597797660e-01 1.997781414155671842e-01
1.983501802838357475e-01 1.994566645359268087e-01 1.999935914827712935e-01 1.999935723727971626e-01 1.994566376566256627e-01
1.804839691617851072e-01 1.930310799580749193e-01 1.997037097837800479e-01 1.997037060864884639e-01 1.930310614801041824e-01
9.761960068787149669e-02 1.510596141732266640e-01 1.957675573685786485e-01 1.957675700651265727e-01 1.510595965718805056e-01
5.864046067195790961e-04 8.542692911633202602e-02 1.621334534655017867e-01 1.621334679966600079e-01 8.542692663911066742e-02
9.751451931623517089e-02 1.508361386787034630e-01 1.953385187651275889e-01 1.953385200143421263e-01 1.508361381138612900e-01
1.804688727479182020e-01 1.929914890745154099e-01 1.996248958416113051e-01 1.996248925046586464e-01 1.929914908613923619e-01
1.983580180278467497e-01 1.994569247070395179e-01 1.999984601772374360e-01 1.999984604374318298e-01 1.994569230895649192e-01
2.000337482216347496e-01 1.996945087247928574e-01 1.998848392232937810e-01 1.998848454424769772e-01 1.996945049664401728e-01
1.979830931508411163e-01 1.978196341595442054e-01 1.979173044688103122e-01 1.979173147243408482e-01 1.978196296636081652e-01
1.921330993713568636e-01 1.921278066855185429e-01 1.921139290688821111e-01 1.921139305239648598e-01 1.921278052772742440e-01
1.983345421364668404e-01 1.983617529935053636e-01 1.983554090100196343e-01 1.983554050080743314e-01 1.983617546280634636e-01
1.999916099803231428e-01 1.999974369486834935e-01 1.999999938596921101e-01 1.999999932661624402e-01 1.999974370081002428e-01
1.987750633656746591e-01 1.987334036381087354e-01 1.987353457426554726e-01 1.987353511875567247e-01 1.987334000903539233e-01
1.703346364551125980e-01 1.701447314387495302e-01 1.699856157439472160e-01 1.699856239791997792e-01 1.701447265919987795e-01
4.010168930837907514e-02 3.994723117799135054e-02 3.976847514960813595e-02 3.976847936228812552e-02 3.994722896810103119e-02
3.066870251754740505e-03 3.052996322320097791e-03 3.037467974477027575e-03 3.037468636276437119e-03 3.052996084947388195e-03
