3.089516357069047557e-03 3.093624804606348241e-03 3.094847388138218143e-03 3.094847434902655951e-03 3.093624883583196306e-03
4.010213007765493082e-02 4.014286922995601026e-02 4.015691997366647309e-02 4.015692051543721941e-02 4.014287014365189310e-02
1.701253945806986689e-01 1.701912227520069876e-01 1.701902174630174347e-01 1.701902179745467814e-01 1.701912235349438418e-01
1.987296204168306490e-01 1.987563227422524670e-01 1.987453276432142035e-01 1.987453277199742463e-01 1.987563225419543833e-01
1.999969988637742280e-01 1.999973785566089290e-01 1.999984345342224190e-01 1.999984345448752865e-01 1.999973783804282479e-01
1.983501709072205133e-01 1.983477581024786773e-01 1.983530373170454830e-01 1.983530373658918544e-01 1.983477581881625817e-01
1.920925914484883368e-01 1.921320648542021448e-01 1.921478727052249036e-01 1.921478728829019711e-01 1.921320652459494738e-01
1.981212706847417515e-01 1.981974557728407860e-01 1.981984628163918627e-01 1.981984628506920643e-01 1.981974558617736193e-01
1.998520542175388492e-01 1.999014112876085214e-01 1.999079402442932585e-01 1.999079402435691710e-01 1.999014109323624389e-01
1.999525379128755664e-01 1.999510860668990420e-01 1.999704993423126187e-01 1.999704993402435238e-01 1.999510858310757644e-01
1.999947030113928548e-01 1.999113744969806261e-01 1.999060945936869116e-01 1.999060946452047016e-01 1.999113745753967053e-01
1.999240922466397896e-01 1.997731179291475367e-01 1.995554541464037435e-01 1.995554543116136170e-01 1.997731182924076809e-01
1.996910109768579855e-01 2.008979458991800027e-01 2.000445205693164308e-01 2.000445205923125080e-01 2.008979459000280743e-01
1.891555065615780074e-01 2.000171200549551720e-01 2.009708514135725710e-01 2.009708513604947511e-01 2.000171194795113960e-01
1.989316728425155334e-01 2.002253422559895080e-01 1.996438580304517318e-01 1.996438579592603457e-01 2.002253418711626431e-01
2.002543164967827971e-01 2.000886109896250764e-01 1.999095729150850986e-01 1.999095729143556543e-01 2.000886110288662700e-01
2.000618730994373762e-01 1.999877690534289654e-01 1.999728306607312101e-01 1.999728307092057122e-01 1.999877692425474085e-01
1.998643692207170419e-01 1.999151152499495099e-01 1.999161233006145344e-01 1.999161234081173188e-01 1.999151152517023577e-01
1.978465260641838197e-01 1.981103055812961922e-01 1.983274841437812075e-01 1.983274842032801133e-01 1.981103052293628208e-01
1.916748505462810281e-01 1.919005508701264184e-01 1.921691944156111997e-01 1.921691943312867079e-01 1.919005505370283415e-01
1.982694719313225773e-01 1.983008092683927748e-01 1.983507828358447023e-01 1.983507828064290379e-01 1.983008092396577327e-01
1.999986534389049664e-01 1.999983799428278752e-01 1.999985604701669528e-01 1.999985605198239813e-01 1.999983800490341967e-01
1.987139586356623244e-01 1.987673530559614099e-01 1.987663430384251639e-01 1.987663431457310781e-01 1.987673530770816266e-01
1.700390359746900559e-01 1.702881325013634317e-01 1.704989508453159386e-01 1.704989509801663750e-01 1.702881323234448074e-01
4.049374231200003615e-02 4.069665777551249863e-02 4.093244578012342205e-02 4.093244581953191241e-02 4.069665764786728479e-02
3.185546084660937586e-03 3.203664303766514277e-03 3.224121469305889220e-03 3.224121473580831600e-03 3.203664293154873804e-03
