2.795406666552010394e-02 2.795406666798419190e-02 2.795406664360829824e-02 2.795406662859148406e-02 2.795406664340505110e-02
1.714556267780628085e-01 1.714556267765584563e-01 1.714556267149884294e-01 1.714556266756680769e-01 1.714556266916491822e-01
2.006031633314457330e-01 2.006031632900455997e-01 2.006031633046678475e-01 2.006031633059241759e-01 2.006031632107245777e-01
2.002408656047842683e-01 2.002408654255923570e-01 2.002408654951442490e-01 2.002408655585108110e-01 2.002408653492079027e-01
2.000171984351745147e-01 2.000171979835346225e-01 2.000171979870648264e-01 2.000171980785172277e-01 2.000171977898147213e-01
1.998523510461774066e-01 1.998523503143445346e-01 1.998523502562270515e-01 1.998523503581633998e-01 1.998523497542122329e-01
1.999790756126091362e-01 1.999790744579218182e-01 1.999790741442528386e-01 1.999790741009719874e-01 1.999790731427326940e-01
2.000253718929097535e-01 2.000253700255290035e-01 2.000253681082564960e-01 2.000253667916165601e-01 2.000253658397924128e-01
2.000240660103977941e-01 2.000240630248973084e-01 2.000240591644735499e-01 2.000240555497028450e-01 2.000240526808079733e-01
2.000111747737784718e-01 2.000111727893694458e-01 2.000111675283468282e-01 2.000111620755925523e-01 2.000111551396447362e-01
1.999834420513488253e-01 1.999834405404095627e-01 1.999834340859226733e-01 1.999834282611682723e-01 1.999834172236189533e-01
1.999437812761095667e-01 1.999437802866412539e-01 1.999437739224816102e-01 1.999437696134856723e-01 1.999437584408093882e-01
1.999098990357827954e-01 1.999098983765867088e-01 1.999098957469426507e-01 1.999098945099324065e-01 1.999098909062681229e-01
1.999098951762017240e-01 1.999098954249851900e-01 1.999098961672590713e-01 1.999098987530262272e-01 1.999099002351371890e-01
1.999437687737948555e-01 1.999437705104705754e-01 1.999437737120862979e-01 1.999437780973808143e-01 1.999437800268922261e-01
1.999834199638384213e-01 1.999834224024832352e-01 1.999834258004210275e-01 1.999834301287363170e-01 1.999834327451653626e-01
2.000111458870569847e-01 2.000111481239444378e-01 2.000111505374615462e-01 2.000111538527812871e-01 2.000111559895112190e-01
2.000240356031347255e-01 2.000240370401501211e-01 2.000240386536615289e-01 2.000240406667481430e-01 2.000240417179426633e-01
2.000253488824405568e-01 2.000253498412206954e-01 2.000253507197772840e-01 2.000253517343761889e-01 2.000253523035119274e-01
1.999790635531473737e-01 1.999790641439968542e-01 1.999790645308046622e-01 1.999790648605417331e-01 1.999790652541356129e-01
1.998523450531447254e-01 1.998523454194421900e-01 1.998523455636819490e-01 1.998523456662793518e-01 1.998523459249719469e-01
2.000171949753214995e-01 2.000171952076045534e-01 2.000171952401038622e-01 2.000171951748344334e-01 2.000171953767542754e-01
2.002408630819807467e-01 2.002408632279678580e-01 2.002408632158989565e-01 2.002408631767434999e-01 2.002408633025749007e-01
2.006031614200052271e-01 2.006031615037889571e-01 2.006031614746567882e-01 2.006031614495821513e-01 2.006031614974757293e-01
1.714556257637282755e-01 1.714556257926032057e-01 1.714556257816086948e-01 1.714556257693846952e-01 1.714556257868434797e-01
2.795406648644599076e-02 2.795406649168322502e-02 2.795406648975382394e-02 2.795406648694574378e-02 2.795406648859826912e-02
