9.407260383255745470e-03 1.962968783962476538e-02 2.522372299103351617e-02 1.962968316288545359e-02
1.508266971649163402e-01 1.657817187262939362e-01 1.764371702381578588e-01 1.657816875755149244e-01
1.734232818336372828e-01 1.792427145120107923e-01 1.835306701682141439e-01 1.792426501252797622e-01
1.780742449714012576e-01 1.791144719725858703e-01 1.798963583803658839e-01 1.791144340382809785e-01
2.038010517842867853e-01 2.038214613760943317e-01 2.038370273305320779e-01 2.038214464134908699e-01
2.119011755862391100e-01 2.118757283759087617e-01 2.119026139880860471e-01 2.118757205727186954e-01
2.013859104418506685e-01 2.020145779418064114e-01 2.027527074082076664e-01 2.020145552721539228e-01
1.587921349679391470e-01 1.603360837460154620e-01 1.619597617352313557e-01 1.603360408151003613e-01
1.602479600509437996e-01 1.606629699197797412e-01 1.610823930186298103e-01 1.606629504287333809e-01
2.022985722235078609e-01 2.023270920601481782e-01 2.023396820564112297e-01 2.023270871319463593e-01
2.120656678626509917e-01 2.120666638860412567e-01 2.120691338713222296e-01 2.120666611572781801e-01
2.013250080870613301e-01 2.015320724620716375e-01 2.017605143234983411e-01 2.015320671534171215e-01
1.515731084229241798e-01 1.520831966449411321e-01 1.526099219161234088e-01 1.520831885152644225e-01
1.519438714737898488e-01 1.520807943877034440e-01 1.522188040581856361e-01 1.520807945525495808e-01
2.015283132613689965e-01 2.015369187089416370e-01 2.015422187751256256e-01 2.015369187590768385e-01
2.120674004734984242e-01 2.120669195703744347e-01 2.120662135696803619e-01 2.120669199304216213e-01
2.023334624636278223e-01 2.023850724829817094e-01 2.024399319479606718e-01 2.023850722074438946e-01
1.612779885204413677e-01 1.614057802244084627e-01 1.615361661212208477e-01 1.614057823829393168e-01
1.610749291070297518e-01 1.611095195151697468e-01 1.611443129064701885e-01 1.611095323566448800e-01
2.021331855209040906e-01 2.021353957965437986e-01 2.021371065535712275e-01 2.021354016004412724e-01
2.118479095212085217e-01 2.118475581589568668e-01 2.118470955290114310e-01 2.118475584320124450e-01
2.038618027290234613e-01 2.038697688154265109e-01 2.038780576066886729e-01 2.038697689401019197e-01
1.797517775457853351e-01 1.797722912387774985e-01 1.797930882055340795e-01 1.797722952673432295e-01
1.794411627401154008e-01 1.794473142424444778e-01 1.794535583380151844e-01 1.794473310560202872e-01
1.656408984520827132e-01 1.656416176200364854e-01 1.656423629920681928e-01 1.656416253407471395e-01
1.882496551959368311e-02 1.882501543691923740e-02 1.882506975390139253e-02 1.882501625791083849e-02
