1.882410361616411107e-02 1.882410264554330165e-02 1.882410117295223520e-02 1.882410215424536529e-02
1.656196256232886355e-01 1.656196115660217572e-01 1.656195904438644007e-01 1.656196045070171263e-01
1.792047006324373748e-01 1.792046689508645374e-01 1.792046173863861835e-01 1.792046490157808147e-01
1.795362451700809603e-01 1.795362362448077731e-01 1.795362041331821645e-01 1.795362130585992089e-01
2.038521651354718578e-01 2.038521643776186609e-01 2.038521525064752593e-01 2.038521533075124959e-01
2.118472770905526215e-01 2.118472766748498437e-01 2.118472722307069289e-01 2.118472723839454896e-01
2.020891871871170198e-01 2.020891802542757465e-01 2.020891649792177502e-01 2.020891712662504502e-01
1.605617958789654909e-01 1.605617802227804480e-01 1.605617489189942737e-01 1.605617640452102479e-01
1.608610663404333729e-01 1.608610613258528443e-01 1.608610494137107660e-01 1.608610535202830982e-01
2.023416416974952448e-01 2.023416406228071285e-01 2.023416350858551205e-01 2.023416352080980585e-01
2.120670369390672827e-01 2.120670366123354189e-01 2.120670361454481123e-01 2.120670361468908749e-01
2.015056759891657168e-01 2.015056740059457951e-01 2.015056705160982731e-01 2.015056727846588902e-01
1.516906590831170742e-01 1.516906536008664208e-01 1.516906456101189127e-01 1.516906507753242872e-01
1.516906606306079874e-01 1.516906588544882362e-01 1.516906546260452793e-01 1.516906561877601756e-01
2.015056775014800738e-01 2.015056772909897542e-01 2.015056761894105375e-01 2.015056763775808779e-01
2.120670370754788869e-01 2.120670371115613018e-01 2.120670370358559986e-01 2.120670371195217396e-01
2.023415970656481100e-01 2.023415966095828689e-01 2.023415963089270631e-01 2.023415967491802858e-01
1.608605666918656030e-01 1.608605650486852612e-01 1.608605642327879670e-01 1.608605653937863200e-01
1.605612847956267020e-01 1.605612848974032891e-01 1.605612865871534622e-01 1.605612870340974718e-01
2.020891366544416978e-01 2.020891373811706804e-01 2.020891381650279928e-01 2.020891384031640869e-01
2.118472732577993400e-01 2.118472738681126677e-01 2.118472738230188224e-01 2.118472739406601912e-01
2.038521179296736707e-01 2.038521185309060124e-01 2.038521187636303522e-01 2.038521187656901490e-01
1.795357606364776371e-01 1.795357611715402701e-01 1.795357634976450789e-01 1.795357632509725909e-01
1.792041858254102005e-01 1.792041859691899108e-01 1.792041932566069418e-01 1.792041931674198951e-01
1.656195633482187846e-01 1.656195633579758963e-01 1.656195665658259375e-01 1.656195665564189068e-01
1.882410046551764166e-02 1.882410045953155503e-02 1.882410068196967851e-02 1.882410068565356157e-02
