1.616296699482884860e-02 1.898565285027226796e-02 2.041435784447172969e-02 1.898565242624811536e-02
1.633375704485402757e-01 1.668747249122640441e-01 1.691826709206216417e-01 1.668747198214854677e-01
1.891884026932360297e-01 1.898321874298727063e-01 1.900157285481405001e-01 1.898321712903532910e-01
1.895763480524370326e-01 1.896096866865044084e-01 1.895795631634074885e-01 1.896096602428048727e-01
2.046059764767834688e-01 2.045909999909408250e-01 2.045909879961577416e-01 2.045909830760114234e-01
2.118793192301713091e-01 2.118711724618997927e-01 2.118713895568362926e-01 2.118711602592502075e-01
2.043608044541628255e-01 2.043638732723962459e-01 2.043674187945570819e-01 2.043638268881557141e-01
1.875073332258287151e-01 1.875086176314370856e-01 1.875093743689659753e-01 1.875084708362568520e-01
1.876911935400788767e-01 1.876915557928615086e-01 1.876915676730341320e-01 1.876912363825439523e-01
2.044266633970013014e-01 2.044265523557595998e-01 2.044265013205674442e-01 2.044262325968110305e-01
2.112501325906586402e-01 2.112506489824315381e-01 2.112506894235767763e-01 2.112503369082795457e-01
1.920417610402177511e-01 1.920427983851774878e-01 1.920431011630068796e-01 1.920425986220005710e-01
8.173334059531890683e-02 8.173534212816875588e-02 8.173601656976932361e-02 8.173568162903040168e-02
8.173309862770607170e-02 8.173586264469667739e-02 8.173793354504005348e-02 8.173693864350085880e-02
1.920429270985560544e-01 1.920442101034094962e-01 1.920449757624566045e-01 1.920447423037867363e-01
2.112514949319620194e-01 2.112515656600354175e-01 2.112514379082896243e-01 2.112516043976191693e-01
2.044274709030605985e-01 2.044273036954188660e-01 2.044271490056878138e-01 2.044272121732265690e-01
1.876883623921397903e-01 1.876882231147457003e-01 1.876881842198850070e-01 1.876882465988549409e-01
1.875046520132109817e-01 1.875046522455711684e-01 1.875046892485832950e-01 1.875046835178658111e-01
2.043605787464210233e-01 2.043605967566908543e-01 2.043606159747287099e-01 2.043606078419175631e-01
2.118611935546944047e-01 2.118611969977493570e-01 2.118611967288639153e-01 2.118611979690898373e-01
2.045909298827500444e-01 2.045909287277435651e-01 2.045909288876033294e-01 2.045909293896049919e-01
1.895696877919120504e-01 1.895696852631077178e-01 1.895696862810526129e-01 1.895696877245997281e-01
1.895423759555961984e-01 1.895423759439033851e-01 1.895423781968931243e-01 1.895423778856431818e-01
1.665582445005122092e-01 1.665582447657071863e-01 1.665582457880780409e-01 1.665582454323452921e-01
1.886312954110432386e-02 1.886312955136260072e-02 1.886312962769829196e-02 1.886312959580372858e-02
