1.883072174281080063e-02 1.883075110741753641e-02 1.883090527400466119e-02 1.883094871108144039e-02
1.657913605229648091e-01 1.657911823958008180e-01 1.657948024758141847e-01 1.657951826517236604e-01
1.812286743593264915e-01 1.812261854778375036e-01 1.812363633505106597e-01 1.812390038027572592e-01
1.815735682433541054e-01 1.815656357860342407e-01 1.815746852754690499e-01 1.815830488332285941e-01
2.039033047491361494e-01 2.039005292972158045e-01 2.039026533698422017e-01 2.039063994840775440e-01
2.112384884495357440e-01 2.112383960763375979e-01 2.112383536931704830e-01 2.112382903686714497e-01
1.934303562325205283e-01 1.934242018704059596e-01 1.934329255183722673e-01 1.934355930222522724e-01
8.821825750029957391e-02 8.819891666990777035e-02 8.822189253972408107e-02 8.823952824970897335e-02
8.750377657152108579e-02 8.746824522332824481e-02 8.749393553926464173e-02 8.753247472585252986e-02
1.920193871647324912e-01 1.920065987872752733e-01 1.920086590199649446e-01 1.920325277397693098e-01
2.111217467235356193e-01 2.111207209108811322e-01 2.111130850751185561e-01 2.111185666170223851e-01
2.024039169760570300e-01 2.024014208847243479e-01 2.023967713458507400e-01 2.024039583074493387e-01
1.676216060694616095e-01 1.676245004034503938e-01 1.676289970925474715e-01 1.676337797411607267e-01
1.655782889837791039e-01 1.656339965301416861e-01 1.656990797502183033e-01 1.656484728597832079e-01
1.973456350755324051e-01 1.973805162342376074e-01 1.974135621521054540e-01 1.973655693135003830e-01
2.109122532041861897e-01 2.109337144560384514e-01 2.109192070886223846e-01 2.109521536499248395e-01
1.952153895262400962e-01 1.952174878927275259e-01 1.952236640562562964e-01 1.952217423090079895e-01
9.917824909223496577e-02 9.918400161992978192e-02 9.917626165230114532e-02 9.919907991673979075e-02
8.368136322552828521e-02 8.360780493361208432e-02 8.362336022847913219e-02 8.371606350272084440e-02
1.583050251878070358e-01 1.582749001592067828e-01 1.582759227508661048e-01 1.583111824584331195e-01
2.068048180047753204e-01 2.068051745447840872e-01 2.068055027549136338e-01 2.068068775215452515e-01
2.041700151756370429e-01 2.041735631528951989e-01 2.041730877862847626e-01 2.041747672470849984e-01
1.816253997069567361e-01 1.815882620392733904e-01 1.815675503417928105e-01 1.816080238117109280e-01
1.338515334254728462e-01 1.336821957029426799e-01 1.335947083714570383e-01 1.337630921518561666e-01
5.305136310788031995e-02 5.297352106771953395e-02 5.293346349880538593e-02 5.301037640068436557e-02
5.528574705424106790e-03 5.523024381981378461e-03 5.519938886849000761e-03 5.525436381129440397e-03
