1.747108769763775771e-01 1.746972166530236514e-01 1.747034632348416772e-01 1.747033611290640664e-01 1.747064170451722298e-01
2.217079493668416557e-01 2.216937329638685450e-01 2.216975578938256974e-01 2.216568169907159047e-01 2.216584288054161411e-01
2.039243212076549960e-01 2.039427663603584906e-01 2.039229255768600091e-01 2.037665153839609000e-01 2.037643109037838851e-01
2.001573591274623531e-01 2.001544338525731159e-01 2.001533198350934906e-01 1.999448097629267229e-01 1.999428972721188358e-01
1.994773148414331621e-01 1.994409553992997630e-01 1.994652291751008721e-01 1.994054731934996882e-01 1.993991195218745849e-01
1.995854211466343842e-01 1.995875213842346341e-01 1.995977060683263027e-01 1.996095742850776955e-01 1.996531813580988135e-01
2.000356796703357531e-01 2.000526539678114113e-01 2.000767789034281763e-01 2.000661898814126982e-01 2.000973302292776701e-01
2.003169069368024302e-01 2.003123335966773000e-01 2.003227425151231089e-01 2.002735140921329260e-01 2.003128107403761016e-01
2.002308535768259623e-01 2.001717643813230585e-01 2.001234395291240642e-01 2.001003911837077320e-01 2.001414457376983203e-01
1.993451194698551143e-01 1.993711254024701507e-01 1.993576224280958209e-01 1.993806867596820409e-01 1.993945264167848175e-01
1.975853594160967008e-01 1.977527266274295425e-01 1.977974400661592358e-01 1.978626114430853955e-01 1.978573801587643899e-01
1.994910598748783903e-01 1.996147302204433482e-01 1.996454488955535511e-01 1.997185514516265914e-01 1.997208153937900799e-01
1.997922101801954120e-01 1.998245074864811732e-01 1.998167005118945405e-01 1.998437068040889997e-01 1.998664258011181305e-01
1.963512946817618787e-01 1.963599485851932891e-01 1.963342012551474447e-01 1.963100558845519705e-01 1.963204269881955732e-01
1.660686971837816439e-01 1.661651967929404228e-01 1.660863023384217263e-01 1.659220969407539104e-01 1.658970236185526026e-01
8.091913992762966856e-02 8.144852477091217569e-02 8.168359030635413687e-02 8.128713495136358214e-02 8.080854108611522368e-02
1.655873520073318783e-01 1.660802804117528508e-01 1.664209829697498033e-01 1.661313397252012491e-01 1.656182735880268875e-01
1.961849919050600577e-01 1.962437679686346303e-01 1.962867858263297183e-01 1.962524584248733217e-01 1.961909558361951689e-01
1.996498196786871682e-01 1.996511623733316643e-01 1.996522286105828492e-01 1.996517640031352236e-01 1.996504983758676799e-01
1.996379290796655714e-01 1.996364213449149660e-01 1.996354253484374786e-01 1.996361558371918254e-01 1.996374529709559476e-01
1.985380887579185905e-01 1.985473118911706969e-01 1.985540071370273940e-01 1.985487024839683867e-01 1.985388024920244632e-01
1.996741700611366910e-01 1.996856762437948241e-01 1.996942921635022072e-01 1.996878814480067821e-01 1.996756054555934856e-01
2.002053978909746068e-01 2.002068102736637156e-01 2.002077709752240198e-01 2.002068482240285940e-01 2.002054637106225332e-01
2.005901043042701004e-01 2.005902963462085908e-01 2.005902597362694273e-01 2.005900430249692723e-01 2.005899515914734699e-01
1.714446764902722020e-01 1.714448752220032735e-01 1.714447175983486171e-01 1.714444245286058655e-01 1.714443968204387714e-01
2.794935423702277558e-02 2.794944860385452021e-02 2.794937524057770559e-02 2.794923608652911604e-02 2.794922289701440299e-02
