2.019814830113324522e-01 2.019814832891763667e-01 2.019814853429179324e-01 2.019814839209480017e-01
2.289595954315301607e-01 2.289595926680164928e-01 2.289595966133977922e-01 2.289595946710430985e-01
1.935842491065671578e-01 1.935842394168995617e-01 1.935842398274199017e-01 1.935842395941629601e-01
1.898361045501921751e-01 1.898360900251888084e-01 1.898360857135933666e-01 1.898360830901362206e-01
2.046033998351846628e-01 2.046033879640118125e-01 2.046033787256725245e-01 2.046033704379150164e-01
2.121529417039872412e-01 2.121529439258626193e-01 2.121529309211898362e-01 2.121529261662239429e-01
2.047032937285597209e-01 2.047032138722113814e-01 2.047032351605999334e-01 2.047032548229026361e-01
1.893693911468267432e-01 1.893694800065242878e-01 1.893694774181951535e-01 1.893691705153666138e-01
1.892518213034200258e-01 1.892520457569788483e-01 1.892520968812199667e-01 1.892526133869487925e-01
2.045921993314524234e-01 2.045920756007292285e-01 2.045917660023554574e-01 2.045927255573949111e-01
2.121919616327578029e-01 2.121910217885120131e-01 2.121910609227881106e-01 2.121916246534028827e-01
2.046287426843369228e-01 2.046284520392921968e-01 2.046287738724097971e-01 2.046272942045618271e-01
1.890518706674904070e-01 1.890523820947702383e-01 1.890521348281927472e-01 1.890569007758476361e-01
1.891382996748272038e-01 1.891404768654340873e-01 1.891394777337126187e-01 1.891452159374603925e-01
2.046926237608786281e-01 2.046928155736822963e-01 2.046930484031850850e-01 2.046970184784544788e-01
2.121975438559165761e-01 2.121972913639119107e-01 2.121976822796342310e-01 2.121990992509120155e-01
2.046070330369119949e-01 2.046076406965743055e-01 2.046070301395064295e-01 2.046064801370117703e-01
1.893031556902990686e-01 1.893032509231504512e-01 1.893031123587612385e-01 1.893029698760547164e-01
1.893808787379597236e-01 1.893808881019840018e-01 1.893808613329567014e-01 1.893808410641149298e-01
2.046000412327549089e-01 2.046000478936143840e-01 2.046000419576570750e-01 2.046000376689734446e-01
2.119036788072470034e-01 2.119036801787218260e-01 2.119036803601239971e-01 2.119036820736049098e-01
2.045992429755078557e-01 2.045992446781549623e-01 2.045992438016661363e-01 2.045992437431644884e-01
1.896185334780034759e-01 1.896185341744534569e-01 1.896185339450014995e-01 1.896185339332341624e-01
1.896077352989448683e-01 1.896077354202732601e-01 1.896077353075313054e-01 1.896077353956226730e-01
1.665732225806210998e-01 1.665732225968307167e-01 1.665732225420278878e-01 1.665732225718646597e-01
1.886610637038976454e-02 1.886610638224018449e-02 1.886610637790508624e-02 1.886610637207736252e-02
