1.744445267110340259e-01 1.744454016223962178e-01 1.744458157442848878e-01 1.744451337797475188e-01 1.744442592970249506e-01
2.215026516558133429e-01 2.215035192778379569e-01 2.215038124597511482e-01 2.215024553595750234e-01 2.215011567820580618e-01
2.039720408889838243e-01 2.039710840148349080e-01 2.039703140990248298e-01 2.039690302771968444e-01 2.039682274841344012e-01
2.005706644349245504e-01 2.005680069242909702e-01 2.005667768824485053e-01 2.005645989407116858e-01 2.005635390848300170e-01
2.000170668146382669e-01 2.000125508733015256e-01 2.000124503686549482e-01 2.000092918976408840e-01 2.000077244827836165e-01
1.997649939670175234e-01 1.997606443842387669e-01 1.997612251113498050e-01 1.997599423943165753e-01 1.997544694320947112e-01
1.995892033102282248e-01 1.995738834826619457e-01 1.995624067964983650e-01 1.995735977420816654e-01 1.995550129412076712e-01
1.997501758124998750e-01 1.996840858665829277e-01 1.996203244048169734e-01 1.996156151516389199e-01 1.996228612530309143e-01
1.999013097122479266e-01 1.998634622443095643e-01 1.999236530046031302e-01 1.999396182304075675e-01 1.998914958764911876e-01
2.001335513488576301e-01 2.001535481581901144e-01 2.001918185470161482e-01 2.001947207886876912e-01 2.001763159841385420e-01
2.002585922606797686e-01 2.002004645950256623e-01 2.001877616776699953e-01 2.001866059592557201e-01 2.002081466797347720e-01
2.005844625453060137e-01 2.003941926268073548e-01 2.001556450950910948e-01 2.001527537904318477e-01 2.003886189507207427e-01
2.001197014055015599e-01 2.011432824757945215e-01 2.002288383837583230e-01 2.002235866483626225e-01 2.011287286107333871e-01
1.896742333417805737e-01 2.002155473118956142e-01 2.009101258170099269e-01 2.009035591006752830e-01 2.001946838210751645e-01
1.992138316200038339e-01 2.002822126491183297e-01 1.994163561959117759e-01 1.993923749930064104e-01 2.002785040303875219e-01
2.001130540543843983e-01 1.999549074762154155e-01 1.997123170010012827e-01 1.996856537100756002e-01 2.000066474468596422e-01
1.996607685983274316e-01 1.996100776486857409e-01 1.995917855325498036e-01 1.996020697372661579e-01 1.996879462192848731e-01
1.959851970111003150e-01 1.960116231610035675e-01 1.959972121150271585e-01 1.959769915180009647e-01 1.960013839537936287e-01
1.651706582163116610e-01 1.653277138505731270e-01 1.652827839097397722e-01 1.651251040362876343e-01 1.650817348068759349e-01
8.189515240027865628e-02 8.206708694434169948e-02 8.189092942979769862e-02 8.162134817831295797e-02 8.163452156605971455e-02
1.651695849219098899e-01 1.652193885812895668e-01 1.650533345972837185e-01 1.649016537286273065e-01 1.649719174594620474e-01
1.959524714328833850e-01 1.959549084404363373e-01 1.959316380339700125e-01 1.959144873205676263e-01 1.959264304686776370e-01
1.998428738231070589e-01 1.998422719822467442e-01 1.998407339029777963e-01 1.998403921206905465e-01 1.998419200548051111e-01
2.002213690899859455e-01 2.002226473589936995e-01 2.002213082301847191e-01 2.002190480927681371e-01 2.002197523621606357e-01
1.699743161894451959e-01 1.699756422033378012e-01 1.699750998591837980e-01 1.699733731974688855e-01 1.699731996581238247e-01
2.765611980786403939e-02 2.765610188641997452e-02 2.765668715658000862e-02 2.765706408455894869e-02 2.765674874307389591e-02
