9.806415419760271864e-04 2.391623061414816648e-02 3.769071123466250645e-02 2.391623059634298901e-02
1.307393059816497893e-01 1.667040139192737247e-01 1.908713974548928161e-01 1.667040137780412268e-01
1.831191416065402477e-01 1.905973656788938209e-01 1.932375823915732649e-01 1.905973623086628377e-01
1.891384780612088423e-01 1.898191641810716146e-01 1.896549151460797666e-01 1.898191502397121033e-01
2.046541032412513006e-01 2.045909179430986380e-01 2.045909549919165960e-01 2.045909079425307642e-01
2.120271855764549185e-01 2.119552682233727947e-01 2.119515275780316232e-01 2.119552611704894618e-01
2.043717987399419622e-01 2.043855703621373643e-01 2.044085274752921733e-01 2.043855575810643033e-01
1.874981766921969828e-01 1.875082161689779758e-01 1.875170029367251578e-01 1.875081462032228974e-01
1.876884642000929693e-01 1.876907135811437810e-01 1.876919331970630378e-01 1.876904617246210050e-01
2.044267746412926079e-01 2.044268852098384270e-01 2.044268622283365588e-01 2.044266011742719991e-01
2.112509292042187292e-01 2.112507577757663790e-01 2.112511528502358793e-01 2.112503613742001962e-01
1.920402969857335773e-01 1.920422294703365285e-01 1.920451688470142249e-01 1.920420406714543338e-01
8.172935964422198274e-02 8.173422569142836658e-02 8.174007382977954705e-02 8.173507269552374166e-02
8.173390595086328647e-02 8.173338263842915008e-02 8.173591096884381957e-02 8.173767295555905976e-02
1.920431662070100076e-01 1.920428527125336571e-01 1.920430759600131321e-01 1.920450157571600980e-01
2.112513373296555919e-01 2.112515670813365498e-01 2.112513357670235958e-01 2.112517150541779465e-01
2.044274980549049547e-01 2.044276488920960533e-01 2.044274471091354628e-01 2.044271190898735713e-01
1.876913307580752588e-01 1.876916614224349300e-01 1.876914511834175125e-01 1.876909040453836330e-01
1.875078893500949084e-01 1.875079454277812363e-01 1.875079132157411732e-01 1.875078205724815261e-01
2.043608837618315632e-01 2.043608796988294063e-01 2.043608796867703581e-01 2.043609054653661161e-01
2.118612019378706690e-01 2.118612048381688095e-01 2.118612012163119118e-01 2.118612096123270727e-01
2.045909354510079270e-01 2.045909373294415579e-01 2.045909369945390632e-01 2.045909326105347648e-01
1.895698412515432196e-01 1.895698497786838799e-01 1.895698467333250259e-01 1.895698347619240443e-01
1.895425476606314441e-01 1.895425488683885051e-01 1.895425496995419290e-01 1.895425474673027300e-01
1.665582609053293528e-01 1.665582603968288056e-01 1.665582612492170766e-01 1.665582614742010248e-01
1.886313027834921746e-02 1.886313021755557651e-02 1.886313029907760522e-02 1.886313029313735692e-02
