1.744445833468005747e-01 1.744445835566922065e-01 1.744445835939434086e-01 1.744445835996856209e-01 1.744445835674637846e-01
2.213497851897109070e-01 2.213497859151377922e-01 2.213497864207147892e-01 2.213497864213493926e-01 2.213497858972947596e-01
2.037680851282112071e-01 2.037680849038659980e-01 2.037680870628520158e-01 2.037680870529845201e-01 2.037680848639431552e-01
2.004065860661667919e-01 2.004065816110235099e-01 2.004065820723321401e-01 2.004065820541325038e-01 2.004065815699255793e-01
1.999999710578544698e-01 1.999999974173673756e-01 1.999999996337255004e-01 1.999999996194254392e-01 1.999999973947195475e-01
2.000117924904825095e-01 2.000119981385092283e-01 2.000120597980279413e-01 2.000120597862474481e-01 2.000119981201742558e-01
2.000146896025301879e-01 2.000153603708747785e-01 2.000161147395789207e-01 2.000161147310233756e-01 2.000153603525758328e-01
1.999997601958300730e-01 1.999990339021136543e-01 2.000020006417145002e-01 2.000020006326562183e-01 1.999990338965337566e-01
2.000042011724461055e-01 1.999966333411766217e-01 1.999970786022109426e-01 1.999970785931485528e-01 1.999966333450471923e-01
1.999558831700334049e-01 1.999965907951272992e-01 1.999995575978206208e-01 1.999995575944879811e-01 1.999965908083207178e-01
1.995418817617555796e-01 1.999078855419793854e-01 1.999999637846302525e-01 1.999999637834980748e-01 1.999078855579127234e-01
1.974137575720574800e-01 1.986490024990127667e-01 1.999240125123564193e-01 1.999240125088158349e-01 1.986490025122578384e-01
1.986163729776479481e-01 1.940229497329928610e-01 1.992325569972781263e-01 1.992325569919506101e-01 1.940229497453643537e-01
2.592981737451663937e-01 1.969167855800762201e-01 1.944650410411193908e-01 1.944650410333930990e-01 1.969167855859918770e-01
1.986163836804114569e-01 1.940229609255599286e-01 1.992325685485107356e-01 1.992325685419919223e-01 1.940229609293240010e-01
1.974137577507125707e-01 1.986490026977055512e-01 1.999240130655969006e-01 1.999240130641579682e-01 1.986490027045981488e-01
1.995418683190741393e-01 1.999078717285044382e-01 1.999999498802745024e-01 1.999999498796818931e-01 1.999078717332112842e-01
1.999561444276541089e-01 1.999968516849765787e-01 1.999998184208641172e-01 1.999998184205194762e-01 1.999968516909505223e-01
2.000063835441658333e-01 1.999988156741990264e-01 1.999992609609638761e-01 1.999992609606050242e-01 1.999988156809043571e-01
2.000134813001616663e-01 2.000127556750588287e-01 2.000157227174056140e-01 2.000157227196855403e-01 2.000127556841401755e-01
2.000105843099655167e-01 2.000112551542430894e-01 2.000120098771208665e-01 2.000120098791297041e-01 2.000112551601830602e-01
1.999997330938029227e-01 1.999999383743610026e-01 1.999999999567761144e-01 1.999999999579941956e-01 1.999999383784296647e-01
2.004065559601002910e-01 2.004065819640223900e-01 2.004065841302538065e-01 2.004065841323203478e-01 2.004065819748029331e-01
2.037680890043322424e-01 2.037680845358727233e-01 2.037680850503390539e-01 2.037680850520127707e-01 2.037680845471968316e-01
2.213497832526025166e-01 2.213497837272407898e-01 2.213497862479033296e-01 2.213497862520359405e-01 2.213497837381587230e-01
1.744445819539209852e-01 1.744445827030339791e-01 1.744445835030853376e-01 1.744445835064684647e-01 1.744445827093724644e-01
