3.094054864235527055e-03 3.095316101387950419e-03 3.097732383851519323e-03 3.097698268479252143e-03 3.095252601661287357e-03
4.013345677324783173e-02 4.014796609076435457e-02 4.017331834169013405e-02 4.017279016870656250e-02 4.014728466077540497e-02
1.701574656449346690e-01 1.701719180628110117e-01 1.701996683385298970e-01 1.701989829783380481e-01 1.701712926687395100e-01
1.987379618538249737e-01 1.987388123697860776e-01 1.987447152251822502e-01 1.987445870029060924e-01 1.987387928524242120e-01
1.999985056516676019e-01 1.999982961820282457e-01 1.999992654616499776e-01 1.999992693575845248e-01 1.999982943609563135e-01
1.983398903984995576e-01 1.983434755710150321e-01 1.983451408546810513e-01 1.983450358841301331e-01 1.983433693114145246e-01
1.920478352750775997e-01 1.920769162150391396e-01 1.921082909753587531e-01 1.921081397428151816e-01 1.920767442563667826e-01
1.978243105100897237e-01 1.979340437556276755e-01 1.980803761009991004e-01 1.980802837259531823e-01 1.979340101083659487e-01
1.990137530310226166e-01 1.991112190463220077e-01 1.992913041087359116e-01 1.992912581051311804e-01 1.991112256648011059e-01
1.997910582582766437e-01 1.997400536531400983e-01 1.998008558591196637e-01 1.998008459506809276e-01 1.997400579459050751e-01
1.996158341326466357e-01 1.995768512468014955e-01 1.995142433731318110e-01 1.995139252985703993e-01 1.995765183045480062e-01
1.940839286721786905e-01 1.956400517556624030e-01 1.963390585107081809e-01 1.963390006213420746e-01 1.956398307240693191e-01
1.513724540980399547e-01 1.628289345024473145e-01 1.738171781547734884e-01 1.738170667054795837e-01 1.628287308076053208e-01
5.498503738649716810e-02 7.708670974421757971e-02 9.767030815098558250e-02 9.767039290179754807e-02 7.708623751332477347e-02
1.513741973857661294e-01 1.628821550284613173e-01 1.739297858401941121e-01 1.739290370816857778e-01 1.628815805990446175e-01
1.945477168446816396e-01 1.961100885376752812e-01 1.968083534132238077e-01 1.968082226217272579e-01 1.961106731712952411e-01
1.997043376450087504e-01 1.996634715718408337e-01 1.996002537097917584e-01 1.996002397503996162e-01 1.996634710588771067e-01
1.997884454277422395e-01 1.997362982494552963e-01 1.997973477801298914e-01 1.997973051876448525e-01 1.997363156734537626e-01
1.990922578322338876e-01 1.991931272470181535e-01 1.993736029036699275e-01 1.993736077125269346e-01 1.991932539887270315e-01
1.996071247573198149e-01 1.997122474694914274e-01 1.998429315833698816e-01 1.998430069483847771e-01 1.997130924153652232e-01
1.997937653952540360e-01 1.998128180594186676e-01 1.998258742496655804e-01 1.998258273939057250e-01 1.998127854033161510e-01
1.999985581944223323e-01 1.999991404280196394e-01 1.999995211230795877e-01 1.999994956422569969e-01 1.999991291240990621e-01
2.002249286564521391e-01 2.002248870186746632e-01 2.002259973377862046e-01 2.002259989748552960e-01 2.002249100658795300e-01
2.005794425281040294e-01 2.005820672868978971e-01 2.005857711342029503e-01 2.005857911624957246e-01 2.005821040192470595e-01
1.714360672476624714e-01 1.714381921440608914e-01 1.714412556200719251e-01 1.714412839757715468e-01 1.714382399022867376e-01
2.794936199878524791e-02 2.794953302941401499e-02 2.794982950739174216e-02 2.794983922469769511e-02 2.794954953743105167e-02
