6.130809164017517426e-05 1.813598384257775588e-03 2.761650254208063929e-03 1.813598366148983778e-03
8.853486851582601999e-03 1.708557791214436114e-02 2.329348066303975687e-02 1.708557764542392027e-02
6.849006828839392103e-02 8.314925439153020292e-02 9.449903855069054226e-02 8.314925204743583986e-02
1.403295881523732858e-01 1.455570930892787218e-01 1.478204143855742780e-01 1.455570850393720639e-01
2.005921148069327031e-01 2.014671882077242460e-01 2.014965280488628108e-01 2.014671845748143564e-01
2.118550496224315127e-01 2.108126846054513004e-01 2.102682904058707225e-01 2.108126842234230025e-01
1.939207131101472470e-01 1.911933163217285070e-01 1.889424864931667225e-01 1.911933156599695260e-01
1.326686682135637119e-01 1.293736625885981151e-01 1.260855952571688643e-01 1.293736585195746913e-01
1.335960862131580218e-01 1.328901587744986401e-01 1.320544717012640534e-01 1.328901460955519420e-01
1.997934998185796618e-01 1.998107186360094378e-01 1.997941961812755851e-01 1.998107129590946385e-01
2.118946891152232725e-01 2.118810376568676934e-01 2.118961386794755986e-01 2.118810370821487821e-01
2.012482636444969386e-01 2.009492093411993363e-01 2.006617851846420053e-01 2.009492086205254269e-01
1.520147602205363657e-01 1.513657157911702800e-01 1.507037715097051256e-01 1.513657123834920293e-01
1.517653205873751299e-01 1.515955669266413619e-01 1.514171138331036615e-01 1.515955573285069358e-01
2.014931787354250214e-01 2.014854605239087826e-01 2.014786201628992746e-01 2.014854558501862902e-01
2.119284704250645190e-01 2.119412576051965535e-01 2.119572340519327303e-01 2.119412566866016312e-01
1.996347048896438547e-01 1.997569296416783213e-01 1.998798836998765260e-01 1.997569294685902219e-01
1.326316550917285009e-01 1.328954778464811193e-01 1.331583277807832644e-01 1.328954864058126684e-01
1.330795990714866428e-01 1.331458165180860742e-01 1.332114109610715302e-01 1.331458522925013654e-01
1.998959373781979687e-01 1.998976557042345392e-01 1.998993904475267758e-01 1.998976704880647548e-01
2.118459765235956582e-01 2.118466947191657290e-01 2.118476918609272230e-01 2.118466942719762769e-01
2.014165069526262508e-01 2.014705418765375400e-01 2.015248368687164171e-01 2.014705423953788710e-01
1.499211206565659871e-01 1.500498996412516495e-01 1.501787832786373456e-01 1.500499295606244621e-01
1.491849054028766552e-01 1.492230576495369998e-01 1.492612884732011092e-01 1.492231774428101343e-01
1.629030572195565574e-01 1.629075000875422896e-01 1.629119790150848901e-01 1.629075537586483213e-01
1.871131533847988568e-02 1.871162582380800354e-02 1.871193883485626833e-02 1.871162956359872717e-02
