2.139570092424624148e-01 2.010998677117272759e-01 1.985657660710605510e-01 2.010998676922945982e-01
2.310197511593345132e-01 2.296935698673318316e-01 2.305994006614643654e-01 2.296935698314968022e-01
1.994868075911636895e-01 1.998712346227837222e-01 2.002416399015154724e-01 1.998712345542493773e-01
1.949336790924035279e-01 1.950073946890504839e-01 1.950300454912848036e-01 1.950073946357258337e-01
2.083521585067674153e-01 2.083236552988758650e-01 2.083130421417911382e-01 2.083236552524043439e-01
2.143736728987132301e-01 2.143497624231702758e-01 2.143220515306125395e-01 2.143497623878049263e-01
2.141114404772570812e-01 2.141145490803093854e-01 2.140732308950886453e-01 2.141145490412057761e-01
2.097801069439004240e-01 2.098245711450229534e-01 2.098415440689517519e-01 2.098245710952449661e-01
2.083005847842190339e-01 2.082890039182547781e-01 2.082910089847209434e-01 2.082890039565643281e-01
2.155054258208031759e-01 2.154861965719272743e-01 2.154776050417759881e-01 2.154861965583931838e-01
2.165064323408440183e-01 2.164977671047433605e-01 2.164873745212724243e-01 2.164977670779660857e-01
2.184487697481386215e-01 2.184469023157742940e-01 2.184350789225385503e-01 2.184469022770125501e-01
2.161177309662952184e-01 2.161307668343908917e-01 2.161381195498703889e-01 2.161307668082592393e-01
2.161374786917151236e-01 2.161343215999028400e-01 2.161341029331904917e-01 2.161343217255516369e-01
2.184442743420266786e-01 2.184386109332416559e-01 2.184351148994030378e-01 2.184386108780647651e-01
2.164918942189887063e-01 2.164892767407075869e-01 2.164863455088416322e-01 2.164892766688810977e-01
2.154523028395618489e-01 2.154513388172897836e-01 2.154487827932340116e-01 2.154513386915953843e-01
2.082088205092022803e-01 2.082117557494404803e-01 2.082138313815919684e-01 2.082117556286565141e-01
2.097429459215932879e-01 2.097422585786863081e-01 2.097420306984046079e-01 2.097422587198049526e-01
2.140630148182938175e-01 2.140617671637009833e-01 2.140608358470013350e-01 2.140617669399910716e-01
2.143352877636005016e-01 2.143347506686175685e-01 2.143341719909996612e-01 2.143347505316993418e-01
2.082918081541549615e-01 2.082916128712843096e-01 2.082912548103608430e-01 2.082916125468415591e-01
1.949623406412341886e-01 1.949627687024539091e-01 1.949631218876011207e-01 1.949627687892049599e-01
2.001099901990782692e-01 2.001098447369339395e-01 2.001097332241836280e-01 2.001098453782282627e-01
2.313309564526981610e-01 2.313308204125658352e-01 2.313306929609227625e-01 2.313308201831895117e-01
2.021951916619377787e-01 2.021951642602975996e-01 2.021951326429355378e-01 2.021951641841195357e-01
