5.655585510558164622e-03 2.081374786496205387e-02 2.919435090727546048e-02 2.081374785856672863e-02
1.461329181015237066e-01 1.674829934185946279e-01 1.816405057229908693e-01 1.674829933365972190e-01
1.865003399299633713e-01 1.906845555976946216e-01 1.920403419076610330e-01 1.906845554122940101e-01
1.894486682170502534e-01 1.897585304238020854e-01 1.896222506009606068e-01 1.897585303671128765e-01
2.046534765942370493e-01 2.045909114280830554e-01 2.045909094486464408e-01 2.045909114058327150e-01
2.119655356499478838e-01 2.119191838411784989e-01 2.119182840699065651e-01 2.119191838150681073e-01
2.043636828486375401e-01 2.043761501371671174e-01 2.043930344599789728e-01 2.043761500254114849e-01
1.874965522188155320e-01 1.875031151222347758e-01 1.875081414895133913e-01 1.875031148932789493e-01
1.876843104708775523e-01 1.876855214487334333e-01 1.876861141374460140e-01 1.876855213457022387e-01
2.044264140872089908e-01 2.044264673473386862e-01 2.044264715644326103e-01 2.044264673053935166e-01
2.112512987797734443e-01 2.112511817168189476e-01 2.112513462189973268e-01 2.112511817050939378e-01
1.920434887149556624e-01 1.920443614379583885e-01 1.920458641892071883e-01 1.920443613415898920e-01
8.174265802835986583e-02 8.174512932579217073e-02 8.174806551379897035e-02 8.174512915991237472e-02
8.174452849253704967e-02 8.174517358588061222e-02 8.174587892871566785e-02 8.174517358947985812e-02
1.920444421536442181e-01 1.920444668844053515e-01 1.920444512889165345e-01 1.920444669204460497e-01
2.112511365147862474e-01 2.112511203431083617e-01 2.112510873490434649e-01 2.112511203722199638e-01
2.044264833704189377e-01 2.044264942831617582e-01 2.044265138436056062e-01 2.044264943304804627e-01
1.876859480821509163e-01 1.876860070409919479e-01 1.876860747412671393e-01 1.876860071560936261e-01
1.875025883550217320e-01 1.875026064743699483e-01 1.875026260069818929e-01 1.875026066771991740e-01
2.043604108493838056e-01 2.043604129666095059e-01 2.043604141515034944e-01 2.043604130574668831e-01
2.118611906571720438e-01 2.118611907120836191e-01 2.118611902980720996e-01 2.118611907245221693e-01
2.045909152540427156e-01 2.045909156321144839e-01 2.045909161761256811e-01 2.045909156560309639e-01
1.895694955041870300e-01 1.895694970640917631e-01 1.895694988716137841e-01 1.895694971419225883e-01
1.895421763501967394e-01 1.895421768493982251e-01 1.895421775581862811e-01 1.895421770159004260e-01
1.665582269982468222e-01 1.665582270593992387e-01 1.665582271960662775e-01 1.665582271261477620e-01
1.886312896406341574e-02 1.886312896822674168e-02 1.886312897670930702e-02 1.886312897069831324e-02
