2.683193303125385176e-01 1.952234823585626555e-01 1.825500867835340157e-01 1.952234823570629385e-01
2.287116081960939573e-01 2.225492660238428122e-01 2.273898522593580385e-01 2.225492660198738482e-01
1.967046436338120985e-01 1.990199119462380539e-01 2.008768483051935616e-01 1.990199119203159284e-01
1.948947340550542806e-01 1.952181593335499676e-01 1.953364410614804869e-01 1.952181593049284181e-01
2.086847061651630475e-01 2.084460924839866558e-01 2.083740030894847273e-01 2.084460924763194278e-01
2.145636877680192900e-01 2.144060380238429764e-01 2.142226693937133164e-01 2.144060380189039272e-01
2.142655432359858725e-01 2.142876457418759206e-01 2.140079945819740315e-01 2.142876457383507682e-01
2.097244842392614050e-01 2.100244121729081537e-01 2.101369731882067882e-01 2.100244121651344276e-01
2.085458799566183297e-01 2.084681469405529619e-01 2.084810065009204683e-01 2.084681469335326054e-01
2.156788241782251481e-01 2.155491283864689189e-01 2.154914500271437050e-01 2.155491283898829935e-01
2.165620327238131082e-01 2.165037654284642787e-01 2.164342824206247629e-01 2.165037654297710945e-01
2.184084256728447138e-01 2.183959914947216641e-01 2.183169639878578538e-01 2.183959915002812446e-01
2.158713753303306282e-01 2.159585378439178027e-01 2.160075302529652075e-01 2.159585378526765465e-01
2.160031691595783176e-01 2.159820949017092484e-01 2.159805753573101061e-01 2.159820949085319852e-01
2.183784831556315476e-01 2.183406511017827456e-01 2.183173355536077997e-01 2.183406511027955466e-01
2.164645858775144094e-01 2.164471305842855797e-01 2.164276139548431677e-01 2.164471305872435192e-01
2.153230629628801740e-01 2.153166611086433924e-01 2.152996559349034666e-01 2.153166611143156051e-01
2.079323942138164016e-01 2.079519188451923739e-01 2.079657056839110396e-01 2.079519188512853056e-01
2.094773709043296628e-01 2.094727987205681485e-01 2.094712770575990202e-01 2.094727987364729260e-01
2.139397106150375816e-01 2.139314159094683199e-01 2.139252308397106284e-01 2.139314159090484890e-01
2.143050154050692713e-01 2.143014481477600874e-01 2.142976074095679639e-01 2.143014481492734602e-01
2.082321523688109577e-01 2.082308580915382124e-01 2.082284830675479315e-01 2.082308580943285081e-01
1.948712523496795856e-01 1.948740917108070236e-01 1.948764325523987540e-01 1.948740917182630594e-01
1.999999739507470620e-01 1.999990090334607951e-01 1.999982679571339350e-01 1.999990090480123495e-01
2.312908951449506312e-01 2.312899912894929022e-01 2.312891483767127720e-01 2.312899912880292119e-01
2.021916706989906887e-01 2.021914887488006629e-01 2.021912793914698026e-01 2.021914887488668877e-01
