9.790999781805911992e-04 2.387034292620612147e-02 3.768536640495758622e-02 2.387037471918436113e-02
1.302972212337537850e-01 1.663386295365553991e-01 1.907902194657792039e-01 1.663389104846183519e-01
1.798646829920334256e-01 1.877338407633032669e-01 1.909170752367248258e-01 1.877344805923708837e-01
1.864394059632489553e-01 1.872372787169283292e-01 1.872060418700432494e-01 1.872377163351858220e-01
2.044279047310608721e-01 2.043780255152620740e-01 2.043767093447092786e-01 2.043780934661912907e-01
2.112873311025904866e-01 2.112038990352244072e-01 2.112309913584539123e-01 2.112038204827455801e-01
1.921978450127193316e-01 1.923885028491028604e-01 1.927081783115757729e-01 1.923904324366056684e-01
8.203764260505369554e-02 8.255068468292800499e-02 8.315618384461033463e-02 8.255692688527467571e-02
8.227178601868653796e-02 8.241651427184164269e-02 8.257765755745501146e-02 8.242427215191160117e-02
1.921736933670668557e-01 1.921846777635274894e-01 1.921896789779265480e-01 1.921874019538139799e-01
2.112594460322550216e-01 2.112534723860131358e-01 2.112471536008053430e-01 2.112508078781468457e-01
2.036773042605595219e-01 2.036678311582641732e-01 2.036488712412821145e-01 2.036400350778100887e-01
1.791169106021123225e-01 1.791177536510215607e-01 1.790567803455593854e-01 1.790476175043527463e-01
1.783801438636935799e-01 1.783796470221261921e-01 1.783202500369878707e-01 1.783313562928137419e-01
2.015527911224075652e-01 2.015519707016668605e-01 2.015316535500789041e-01 2.015371066751152351e-01
2.112633529495266949e-01 2.112618792217969277e-01 2.112605574535356689e-01 2.112601323510744089e-01
1.939468503325969817e-01 1.939404634057043941e-01 1.939222647916165887e-01 1.939260186428066468e-01
8.750446019842489376e-02 8.749526576392770150e-02 8.745464154462290196e-02 8.746678866634330363e-02
7.147346402952675648e-02 7.147643625440050497e-02 7.148922427409057367e-02 7.149156301134465541e-02
1.560356587075223400e-01 1.560369903962588456e-01 1.560457660637614707e-01 1.560460005665355587e-01
2.065823202341583453e-01 2.065808625862874948e-01 2.065800229690532563e-01 2.065801993806012093e-01
2.042520015655284737e-01 2.042515874075464255e-01 2.042504467738267271e-01 2.042507070762285271e-01
1.826937027325279961e-01 1.827057929263859737e-01 1.827335047524475120e-01 1.827246293025235890e-01
1.333986138183772818e-01 1.334449750844192706e-01 1.335729713225120019e-01 1.335301182073437565e-01
4.982744143728740777e-02 4.984806555990915766e-02 4.990603039732010443e-02 4.988657297088820719e-02
5.145516945315908169e-03 5.146986730569556336e-03 5.151019544175922810e-03 5.149687700901025601e-03
