2.213197718194584163e-01 2.081494487776612834e-01 2.057899740822191903e-01 2.081494409300543580e-01
2.552452198355220081e-01 2.541221579067440284e-01 2.552487693528847634e-01 2.541221362690190277e-01
2.826111985275607807e-01 2.828373879300262184e-01 2.829443543095949143e-01 2.828373430475680239e-01
2.811230265911409676e-01 2.811614812727721846e-01 2.811363242168428145e-01 2.811613444704343934e-01
2.331739522013892563e-01 2.331812091429978362e-01 2.331826146805699718e-01 2.331811300030579293e-01
2.247587793612506601e-01 2.247643546332684927e-01 2.247675604535377958e-01 2.247642972077095735e-01
2.328607801831025781e-01 2.328620554411826304e-01 2.328630620939045048e-01 2.328619945623117693e-01
2.788869112950910778e-01 2.788861315297617161e-01 2.788852798776420561e-01 2.788859513847027349e-01
2.789188951222368873e-01 2.789188346502572968e-01 2.789178556195807679e-01 2.789179135418640709e-01
2.318613237203442645e-01 2.318613652374316714e-01 2.318609339822517712e-01 2.318609239700802349e-01
2.185481139253279137e-01 2.185481497128652917e-01 2.185480276173329961e-01 2.185480750440470521e-01
2.060276294221503046e-01 2.060276018874586945e-01 2.060276750818137159e-01 2.060276929144017610e-01
1.902126598369233146e-01 1.902126625235197876e-01 1.902127273658407169e-01 1.902127562749256207e-01
1.902155354077243732e-01 1.902155342523742243e-01 1.902155235015492440e-01 1.902155363765282992e-01
2.060285119567401013e-01 2.060284931057031477e-01 2.060284976172364335e-01 2.060285227406451480e-01
2.185509066297476599e-01 2.185508742695426998e-01 2.185508805723387626e-01 2.185509230878273368e-01
2.319007662314878926e-01 2.319006923920164664e-01 2.319007024650251714e-01 2.319008058583766074e-01
2.786133774983140521e-01 2.786131993390180694e-01 2.786132602612622633e-01 2.786134566757979547e-01
2.786084789050771171e-01 2.786084360632692380e-01 2.786084533677008479e-01 2.786085066000235644e-01
2.319088933463212543e-01 2.319088864597781130e-01 2.319088934135482560e-01 2.319089153995222419e-01
2.185373054436056117e-01 2.185373052726831411e-01 2.185373091495548814e-01 2.185373197847507165e-01
2.058822891716808046e-01 2.058822888067935730e-01 2.058822906394026098e-01 2.058822952575925513e-01
1.902077861803274927e-01 1.902077846552915896e-01 1.902077855220313252e-01 1.902077887909773557e-01
1.937883182403555282e-01 1.937883179296689407e-01 1.937883177199266338e-01 1.937883188621778441e-01
2.290095029622560840e-01 2.290095028857220549e-01 2.290095025906871973e-01 2.290095029608596733e-01
2.019991106780465728e-01 2.019991106350808863e-01 2.019991105655605523e-01 2.019991106591843000e-01
