1.882410102200064370e-02 1.882410104324094141e-02 1.882410088518341948e-02 1.882410086526962317e-02
1.656195744404527215e-01 1.656195747069517665e-01 1.656195724285986215e-01 1.656195721607533755e-01
1.792042853836013083e-01 1.792042859458667925e-01 1.792042808373015272e-01 1.792042802617648256e-01
1.795358531387502010e-01 1.795358531952532255e-01 1.795358518246469026e-01 1.795358517576258195e-01
2.038521243214598822e-01 2.038521242882773421e-01 2.038521241936052664e-01 2.038521242222722796e-01
2.118472729225619189e-01 2.118472729117504560e-01 2.118472728696038088e-01 2.118472728490720103e-01
2.020891628550932628e-01 2.020891629452466753e-01 2.020891618860017613e-01 2.020891617296779463e-01
1.605615822926222402e-01 1.605615825327089685e-01 1.605615800433279061e-01 1.605615797427145108e-01
1.608608601662828708e-01 1.608608601744005440e-01 1.608608595050758094e-01 1.608608594800229052e-01
2.023416216756366848e-01 2.023416216618068031e-01 2.023416216166867843e-01 2.023416216333497608e-01
2.120670373943770726e-01 2.120670373963353394e-01 2.120670373979556267e-01 2.120670373885453486e-01
2.015056920615830027e-01 2.015056920387913175e-01 2.015056917514009283e-01 2.015056917664494185e-01
1.516908476476761525e-01 1.516908475855465455e-01 1.516908469161602768e-01 1.516908469655132985e-01
1.516908473939164448e-01 1.516908473173757821e-01 1.516908472693087595e-01 1.516908473057052564e-01
2.015056919394104251e-01 2.015056919004282743e-01 2.015056919639580946e-01 2.015056919501989896e-01
2.120670373828165145e-01 2.120670373949130327e-01 2.120670373966844213e-01 2.120670373982755930e-01
2.023416214251763656e-01 2.023416213446974365e-01 2.023416213240835371e-01 2.023416214764673371e-01
1.608608567776064202e-01 1.608608565020555325e-01 1.608608565984888106e-01 1.608608569293899226e-01
1.605615779118331476e-01 1.605615777386926735e-01 1.605615782473751862e-01 1.605615784019905901e-01
2.020891620377280318e-01 2.020891619786669702e-01 2.020891622185977399e-01 2.020891622418642120e-01
2.118472728571976493e-01 2.118472728697063656e-01 2.118472728680379502e-01 2.118472728948060102e-01
2.038521238225063370e-01 2.038521237748862902e-01 2.038521238150794168e-01 2.038521239303311972e-01
1.795358474891871614e-01 1.795358472852358611e-01 1.795358477085813864e-01 1.795358479592669976e-01
1.792042776282209149e-01 1.792042773995790594e-01 1.792042786736795512e-01 1.792042789230094690e-01
1.656195727156831443e-01 1.656195726324077300e-01 1.656195731839859575e-01 1.656195732778642793e-01
1.882410093357490474e-02 1.882410092921044803e-02 1.882410096314363415e-02 1.882410097029538903e-02
