1.744440226920807580e-01 1.744440181727377748e-01 1.744440239890297228e-01 1.744440324869115100e-01 1.744440345323989838e-01
2.213574576872829047e-01 2.213574540835397397e-01 2.213574624538993119e-01 2.213574719294351401e-01 2.213574750462062590e-01
2.037791009056473812e-01 2.037791001315096828e-01 2.037791050636035550e-01 2.037791064547460340e-01 2.037791131190228588e-01
2.004192676782922677e-01 2.004192391795235062e-01 2.004192182647494547e-01 2.004192090347666488e-01 2.004192435417662121e-01
2.000156702787345697e-01 2.000156200966462516e-01 2.000155135085773250e-01 2.000155180403773159e-01 2.000156446060257220e-01
2.000303913117446319e-01 2.000305001338604227e-01 2.000302692519944636e-01 2.000303228029588209e-01 2.000305749909828679e-01
2.000325642506464441e-01 2.000331843621503403e-01 2.000335102229365836e-01 2.000334911592590026e-01 2.000332159234744223e-01
2.000150219480063274e-01 2.000117593379090453e-01 2.000134100943361803e-01 2.000135187657427482e-01 2.000120191587233254e-01
2.000252546004478993e-01 2.000043722131377433e-01 1.999912541474487548e-01 1.999913565382457348e-01 2.000044801957886476e-01
1.999762936500353860e-01 2.000105291636238014e-01 1.999567672809524077e-01 1.999563717692005305e-01 2.000100309131806475e-01
1.993164350035175059e-01 1.998670401498552074e-01 1.998558969013461972e-01 1.998557318086930379e-01 1.998665633733758273e-01
1.951445397476350707e-01 1.973473212937906229e-01 1.994622705249801398e-01 1.994618186474309274e-01 1.973476273387584357e-01
1.963934861534527010e-01 1.870975058084911324e-01 1.975371564829524473e-01 1.975369723735549976e-01 1.871005273985455741e-01
3.361817604658984271e-01 1.912356968114618250e-01 1.869188006437091654e-01 1.869187038965322845e-01 1.912384024136741523e-01
1.963462154852551322e-01 1.871187461758698489e-01 1.976016819409932013e-01 1.976013522855193383e-01 1.871181961424186746e-01
1.951133403360956475e-01 1.973697213526426630e-01 1.995237014441575418e-01 1.995242053814716143e-01 1.973702600297038978e-01
1.993090503542263581e-01 1.998824804356248708e-01 1.998935536006333225e-01 1.998936554010765365e-01 1.998823802610954770e-01
1.999801379288247138e-01 2.000208164229599350e-01 1.999761729616120198e-01 1.999761574028561528e-01 2.000204241500921909e-01
2.000313874618522003e-01 2.000116463235125652e-01 2.000010963021248422e-01 2.000011073355240643e-01 2.000113175637039942e-01
2.000294720812075822e-01 2.000267467891512774e-01 2.000291782040083954e-01 2.000292284576089819e-01 2.000264648510561571e-01
2.000271221532237964e-01 2.000278228452550544e-01 2.000281755626684976e-01 2.000280844804362135e-01 2.000273708342278078e-01
2.000145319005182387e-01 2.000146723569461993e-01 2.000143614859707097e-01 2.000142952392290063e-01 2.000146599288928628e-01
2.004188445428798093e-01 2.004189600849330399e-01 2.004190500610462666e-01 2.004191949395959793e-01 2.004190007856997136e-01
2.037790275860418832e-01 2.037789802461109634e-01 2.037788992246444830e-01 2.037789213776364794e-01 2.037789238135693237e-01
2.213574317082521170e-01 2.213574303149725697e-01 2.213574225713572652e-01 2.213574198614997046e-01 2.213574246030831083e-01
1.744440471913522306e-01 1.744440477689532254e-01 1.744440473231017585e-01 1.744440446295005831e-01 1.744440453143011605e-01
