3.110578193133908299e-03 3.753481473957022418e-03 4.066842557268282934e-03 3.753481504227962253e-03
3.349909673037205354e-02 3.565675567981788086e-02 3.731392949297823725e-02 3.565675469898046956e-02
8.865001286101521771e-02 9.212553000332403264e-02 9.500445320321464215e-02 9.212552024641461335e-02
1.455058682621611366e-01 1.465398428163257050e-01 1.471393830970692262e-01 1.465398081970676336e-01
2.014227593970474295e-01 2.014650644374779975e-01 2.014751919364958788e-01 2.014650478431841141e-01
2.093300518773393848e-01 2.090174678369709493e-01 2.089007351773013998e-01 2.090174651477206269e-01
1.764266599609399244e-01 1.758095189644248435e-01 1.753206807008609314e-01 1.758095167819381244e-01
1.230620708552715298e-01 1.223698986015777646e-01 1.216426066248227217e-01 1.223698920860879086e-01
1.324178679649414547e-01 1.323022234927394847e-01 1.321134385267209721e-01 1.323022055964157007e-01
1.997841262132480089e-01 1.997945738899992163e-01 1.997974062590382183e-01 1.997945646388877838e-01
2.114471808383000251e-01 2.114146066946439306e-01 2.114172664089434550e-01 2.114146045490965520e-01
1.971924262824991947e-01 1.969821128874374994e-01 1.967908756740223419e-01 1.969821091761085607e-01
1.500899681687683229e-01 1.496693418864798175e-01 1.492355414017794146e-01 1.496693349328691580e-01
1.516726370986662964e-01 1.515746943638555666e-01 1.514598797815849551e-01 1.515746924718311961e-01
2.014942030738564593e-01 2.014937100192605302e-01 2.014924097282334015e-01 2.014937089739650689e-01
2.118471596479143959e-01 2.118511877182553960e-01 2.118631322359445512e-01 2.118511873223531128e-01
1.989422535560790850e-01 1.989845947266828396e-01 1.990297841008141777e-01 1.989845927923227231e-01
1.324329785320790265e-01 1.325253917312288754e-01 1.326120365900617937e-01 1.325254041755653256e-01
1.330770488043694910e-01 1.331014263430304601e-01 1.331197824278521069e-01 1.331014907318980589e-01
1.998952343927757058e-01 1.998956160018377504e-01 1.998955900269256680e-01 1.998956438348630793e-01
2.118342526426792716e-01 2.118344491004256480e-01 2.118370173068213624e-01 2.118344519275879856e-01
2.013309462928197235e-01 2.013671988148899861e-01 2.014038283924005357e-01 2.013672044227751701e-01
1.499380928053385131e-01 1.500246735756145811e-01 1.501079184542955525e-01 1.500247249438563246e-01
1.492160464175939505e-01 1.492424546901343074e-01 1.492654467719682354e-01 1.492426505602730824e-01
1.629061409168916230e-01 1.629094423947207160e-01 1.629116227971147690e-01 1.629095299832347965e-01
1.871144635999301420e-02 1.871170588177992894e-02 1.871182861325345129e-02 1.871171199968880289e-02
