3.610289154131848810e-01 1.902429817342358997e-01 1.684065039490533766e-01 1.902429793221973031e-01
2.450800549598598499e-01 2.368148530668325868e-01 2.498082156788547226e-01 2.368148438372625064e-01
2.783046733662504768e-01 2.806068545131156777e-01 2.809718529341429516e-01 2.806068156745824549e-01
2.793973513885917304e-01 2.799081337042843565e-01 2.798166471188693882e-01 2.799079513639265437e-01
2.330217015357620436e-01 2.331581746497665697e-01 2.332639049484054872e-01 2.331580717822436810e-01
2.247053235236574631e-01 2.247804716235126676e-01 2.248339574084998460e-01 2.247804176741293181e-01
2.328692960939358625e-01 2.328884025703934768e-01 2.329050589952141870e-01 2.328883748932928655e-01
2.789001240415809879e-01 2.788892073678878591e-01 2.788800071202361397e-01 2.788891590143731114e-01
2.789194996027105078e-01 2.789180932707087668e-01 2.789168497889550902e-01 2.789176223546693811e-01
2.318621370822814831e-01 2.318623648004644044e-01 2.318625245808785817e-01 2.318621746380122861e-01
2.185474816942191700e-01 2.185475485945076179e-01 2.185474602812471911e-01 2.185475636751635919e-01
2.060261718440868917e-01 2.060261315977969798e-01 2.060261058562849745e-01 2.060262130132312908e-01
1.902085068431974835e-01 1.902083491112110392e-01 1.902083196569749057e-01 1.902085095256268177e-01
1.902115750797372662e-01 1.902115497016930168e-01 1.902115184407963400e-01 1.902115702807639641e-01
2.060273878504121636e-01 2.060273853673541822e-01 2.060273725944352929e-01 2.060273849565535942e-01
2.185506006229349651e-01 2.185506047281371156e-01 2.185506033149846317e-01 2.185506009129781768e-01
2.319005339607140559e-01 2.319005635759614214e-01 2.319005853543174012e-01 2.319005647001657067e-01
2.786130444561377151e-01 2.786131094879206738e-01 2.786131649593538984e-01 2.786131116000240548e-01
2.786082304844313962e-01 2.786082527613171766e-01 2.786082670975300601e-01 2.786082543202192396e-01
2.319087602597989239e-01 2.319087683641098685e-01 2.319087742433896260e-01 2.319087724046223764e-01
2.185372961040923934e-01 2.185372988793376492e-01 2.185373011432112655e-01 2.185373019149107199e-01
2.058823142654390703e-01 2.058823154699840619e-01 2.058823164643908410e-01 2.058823170256349477e-01
1.902078744859573289e-01 1.902078749078273678e-01 1.902078755634444285e-01 1.902078758633017064e-01
1.937884087943145262e-01 1.937884088506541258e-01 1.937884087799619515e-01 1.937884089191112269e-01
2.290095302757216567e-01 2.290095302745250305e-01 2.290095301382780169e-01 2.290095301437251041e-01
2.019991152228807207e-01 2.019991152307156479e-01 2.019991151720447742e-01 2.019991151504104687e-01
