2.795061733438443732e-02 2.795061733467715803e-02 2.795061734103991211e-02 2.795061733436725315e-02 2.795061733904818241e-02
1.714457219703438562e-01 1.714457219710952551e-01 1.714457219703431345e-01 1.714457219452988346e-01 1.714457219525186982e-01
2.005916809048637617e-01 2.005916808854026623e-01 2.005916808772130744e-01 2.005916808498174608e-01 2.005916808349046954e-01
2.002266611339971192e-01 2.002266610910851397e-01 2.002266610806097968e-01 2.002266610590196505e-01 2.002266610238952194e-01
2.000000000711512071e-01 2.000000000257164678e-01 2.000000000115002841e-01 1.999999999917183580e-01 1.999999999606411338e-01
1.998321364631238384e-01 1.998321364395659328e-01 1.998321364456446536e-01 1.998321364415723556e-01 1.998321364327356742e-01
1.999548728483980797e-01 1.999548728463715341e-01 1.999548728575724355e-01 1.999548728490487537e-01 1.999548728615673232e-01
1.999985417852485348e-01 1.999985417805439369e-01 1.999985417816949607e-01 1.999985417655154585e-01 1.999985417704576440e-01
2.000000398019955439e-01 2.000000397956438192e-01 2.000000397963094256e-01 2.000000397971597177e-01 2.000000397936775032e-01
1.999999999151241825e-01 1.999999999121180039e-01 1.999999999142453855e-01 1.999999999215453239e-01 1.999999999210733681e-01
1.999997927333378722e-01 1.999997927366762573e-01 1.999997927567280787e-01 1.999997927689080024e-01 1.999997927718497048e-01
1.999999381868239334e-01 1.999999381945281596e-01 1.999999382151937954e-01 1.999999382220103428e-01 1.999999382366851874e-01
1.999999970495510149e-01 1.999999970568226704e-01 1.999999970649636305e-01 1.999999970589832199e-01 1.999999970776846769e-01
1.999999970541012639e-01 1.999999970592973297e-01 1.999999970674099514e-01 1.999999970622795276e-01 1.999999970743174260e-01
1.999999382047170926e-01 1.999999382097074063e-01 1.999999382140113524e-01 1.999999382059943209e-01 1.999999382157143790e-01
1.999997927181419721e-01 1.999997927254396346e-01 1.999997927307468060e-01 1.999997927198899628e-01 1.999997927303335532e-01
1.999999999059894895e-01 1.999999999139889240e-01 1.999999999229807035e-01 1.999999999175291754e-01 1.999999999305358545e-01
2.000000398130366841e-01 2.000000398187453399e-01 2.000000398262101742e-01 2.000000398214927255e-01 2.000000398357874853e-01
1.999985418027397654e-01 1.999985418086322464e-01 1.999985418106931812e-01 1.999985418066609066e-01 1.999985418195581732e-01
1.999548728700475675e-01 1.999548728760344174e-01 1.999548728696063926e-01 1.999548728686461607e-01 1.999548728757503391e-01
1.998321364385519938e-01 1.998321364505124820e-01 1.998321364471720152e-01 1.998321364487641305e-01 1.998321364579548898e-01
1.999999999757355873e-01 1.999999999911798443e-01 2.000000000015552115e-01 2.000000000098997588e-01 2.000000000226773433e-01
2.002266610117017509e-01 2.002266610284864912e-01 2.002266610340503461e-01 2.002266610390164847e-01 2.002266610524274237e-01
2.005916807729381524e-01 2.005916807870816165e-01 2.005916807933249002e-01 2.005916807988385175e-01 2.005916808057705558e-01
1.714457218693033747e-01 1.714457218791669846e-01 1.714457218823359497e-01 1.714457218878483458e-01 1.714457218871119626e-01
2.795061734899600275e-02 2.795061735227591382e-02 2.795061735183461751e-02 2.795061735214904308e-02 2.795061735140731349e-02
