3.531868708303126936e-01 1.840198577671169344e-01 1.597963300500336026e-01 1.840198577612316422e-01
2.231139049793327278e-01 2.131081170911551526e-01 2.227628900628452757e-01 2.131081170767252231e-01
1.927578223521998202e-01 1.991382239041307178e-01 2.027134140924219952e-01 1.991382238819136841e-01
1.956877512003330488e-01 1.960325642297062188e-01 1.962909759610340366e-01 1.960325642009563551e-01
2.098724590346981445e-01 2.088005306771731073e-01 2.085413939906571035e-01 2.088005306710659092e-01
2.151383189962126630e-01 2.145845457307870852e-01 2.139597162516039819e-01 2.145845457244819898e-01
2.146992563866706449e-01 2.147826840485751176e-01 2.137949672551700264e-01 2.147826840419360117e-01
2.095048883961488362e-01 2.105651369175205456e-01 2.109460036488319257e-01 2.105651369094451997e-01
2.092114091777174112e-01 2.089418903863582977e-01 2.089807104810789407e-01 2.089418903805440875e-01
2.161581487315564765e-01 2.157008776519079296e-01 2.155001453454184757e-01 2.157008776508873293e-01
2.167129807276582110e-01 2.165091991317244779e-01 2.162702308651097416e-01 2.165091991298565000e-01
2.182558587343423895e-01 2.182136095201832604e-01 2.179420335573153122e-01 2.182136095233954409e-01
2.150968743167353259e-01 2.153967328886868537e-01 2.155635614233715192e-01 2.153967328926270075e-01
2.155478039837191440e-01 2.154756585446234440e-01 2.154698594837187453e-01 2.154756585556775739e-01
2.181540150126779765e-01 2.180242257767207592e-01 2.179446166773414129e-01 2.180242257692595331e-01
2.163753203021197558e-01 2.163157340755905433e-01 2.162494155217553060e-01 2.163157340803456563e-01
2.149287665191914609e-01 2.149071841546917327e-01 2.148495290880516329e-01 2.149071841817188355e-01
2.071026889061699239e-01 2.071688481876350074e-01 2.072153624117386850e-01 2.071688482277790899e-01
2.086732408005669559e-01 2.086577450017246260e-01 2.086525393767583447e-01 2.086577449638442605e-01
2.135665681579882458e-01 2.135385114452743593e-01 2.135176430638366374e-01 2.135385113933391532e-01
2.142137293760158767e-01 2.142016985503148452e-01 2.141887657940849954e-01 2.142016985477245838e-01
2.080546837715172848e-01 2.080503492554918454e-01 2.080423638791540630e-01 2.080503492733883075e-01
1.946021425833386331e-01 1.946116784397682875e-01 1.946195220752685584e-01 1.946116784667850375e-01
1.996736934661377527e-01 1.996704525223407523e-01 1.996679632228845480e-01 1.996704525387517914e-01
2.311720843559641192e-01 2.311690509356551237e-01 2.311662246411428923e-01 2.311690509407116068e-01
2.021812148677875620e-01 2.021806047066493084e-01 2.021799027784492442e-01 2.021806047080313695e-01
