1.564456602833671703e-02 1.862644472878802193e-02 2.039023569055326349e-02 1.862600087927609310e-02
1.530421894861618837e-01 1.604248285979499866e-01 1.669651064726888068e-01 1.604185312090715965e-01
1.177292147242532255e-01 1.273703344539962867e-01 1.368184106449445159e-01 1.273563778789318368e-01
1.261440605229054435e-01 1.284884009252433845e-01 1.307716354814223714e-01 1.284853815813366829e-01
1.995649942298686474e-01 1.996445532169584813e-01 1.996720371227374835e-01 1.996447043961193379e-01
2.118741173285547952e-01 2.118543558828638040e-01 2.118421979709436964e-01 2.118543759037593011e-01
1.988850447778791330e-01 2.001815350272637406e-01 2.015455518665399404e-01 2.001793048925764040e-01
1.333280478686355575e-01 1.364888678732142646e-01 1.396970510689284628e-01 1.364838406548336269e-01
1.347597439394187246e-01 1.355830518394680051e-01 1.364072259123956798e-01 1.355826122623916830e-01
1.995736586146911740e-01 1.996037623749206402e-01 1.996211542656400051e-01 1.996041824956795996e-01
2.109387140743016198e-01 2.108921445418726615e-01 2.108392279794763235e-01 2.108926207724230728e-01
1.915083125212554693e-01 1.913563454968139066e-01 1.912026285561921057e-01 1.913564326184208353e-01
8.029963142195395420e-02 8.004530920537551719e-02 7.978821852505345313e-02 8.004409311637322721e-02
8.008910775155893280e-02 8.005386283446012941e-02 8.001149858151317129e-02 8.004652237520086533e-02
1.913671407462806118e-01 1.913747918667292047e-01 1.913789690809588606e-01 1.913704916997958916e-01
2.108927796885144423e-01 2.108888448741357835e-01 2.108880795613506387e-01 2.108891096100166673e-01
1.995467820127281300e-01 1.995556364017649076e-01 1.995619349417677713e-01 1.995546614120467521e-01
1.349781849917431054e-01 1.350830255986517903e-01 1.352026219337067181e-01 1.350992685979852670e-01
1.356580380980959288e-01 1.360309792355415270e-01 1.364581730378097157e-01 1.360939768076653567e-01
2.000973153754369294e-01 2.002499219960799104e-01 2.004296170411314360e-01 2.002769311102657879e-01
2.118582810126216076e-01 2.118570365320252002e-01 2.118554130716079897e-01 2.118567498591050757e-01
1.996174359620174477e-01 1.996210553566801216e-01 1.996245816670560724e-01 1.996209920614477606e-01
1.281207220562168292e-01 1.283370399704581166e-01 1.285886045994428240e-01 1.283725455313287078e-01
1.264205675140008811e-01 1.272756686636577761e-01 1.282753430968680830e-01 1.274205336348126494e-01
1.605075965250747083e-01 1.608908049520734462e-01 1.613389653154046754e-01 1.609558293973993859e-01
1.859949743421532645e-02 1.862638126441223951e-02 1.865779512019433845e-02 1.863092221747918512e-02
