1.775045589928621881e-01 1.775052159844776878e-01 1.774852585714674358e-01 1.774722360108317021e-01 1.774841055341978557e-01
2.333933105516964868e-01 2.333961052970781602e-01 2.333132388107889421e-01 2.332591554766025588e-01 2.333084892562359847e-01
2.449408546764557104e-01 2.449497675078957382e-01 2.446887430145394116e-01 2.445184308575595877e-01 2.446737712830509559e-01
2.876563950614424159e-01 2.876854149043865383e-01 2.868007096716204130e-01 2.862242692978267389e-01 2.867504632337486425e-01
2.421950580545044751e-01 2.422223029954722884e-01 2.413230015074122881e-01 2.407386336717592668e-01 2.412728183955943906e-01
2.123232294550635169e-01 2.123302959090787034e-01 2.120494423019992081e-01 2.118680302640019719e-01 2.120347012048480750e-01
2.029414534342639242e-01 2.029441158397953249e-01 2.028513015280991594e-01 2.027911914669640048e-01 2.028464318377684039e-01
2.005901641588627160e-01 2.005907217221255257e-01 2.005602659951092326e-01 2.005402658778988045e-01 2.005581245225766529e-01
2.002035907705139450e-01 2.002025188790186871e-01 2.001906174246363135e-01 2.001829514480733818e-01 2.001899904836389466e-01
2.000778078991824749e-01 2.000860532745848408e-01 2.000816365169660327e-01 2.000784835954026730e-01 2.000809591895602590e-01
1.999960918694938805e-01 2.000660919492281975e-01 2.000810562013304594e-01 2.000792786595603778e-01 2.000633360798980132e-01
1.997201996906722843e-01 1.999415788326608379e-01 2.001813137376775575e-01 2.001789274028003551e-01 1.999379314043828459e-01
2.004678840015677310e-01 1.995068512499013902e-01 2.004520401110107264e-01 2.004454303921448521e-01 1.994967553973370222e-01
2.137926242162661306e-01 2.025441916219553051e-01 2.019375338695592881e-01 2.019135830093749528e-01 2.025076497713640955e-01
2.121705171930828304e-01 2.112265521219275632e-01 2.120789654161787108e-01 2.119973752067670358e-01 2.111065819616837202e-01
2.412265052895927187e-01 2.414591521529284857e-01 2.412668086141130652e-01 2.410032909026082470e-01 2.410492813450978711e-01
2.851688682964403365e-01 2.852209659439761125e-01 2.849597331270976586e-01 2.847779271165055692e-01 2.849347632227160476e-01
2.412968592298606330e-01 2.413055229465475016e-01 2.413760969955076607e-01 2.414065601375340597e-01 2.413593550897046025e-01
2.122071726904266320e-01 2.122105645961376019e-01 2.122469380582440723e-01 2.122679153537019303e-01 2.122450708348544990e-01
2.029674107253487403e-01 2.029681172385847665e-01 2.029873975586745372e-01 2.029989108882246929e-01 2.029873287726673692e-01
2.006050183487159966e-01 2.006050690681695503e-01 2.006125538327183377e-01 2.006171752281349363e-01 2.006128462003225199e-01
2.001873999851317421e-01 2.001873395273498779e-01 2.001894620461538710e-01 2.001908039392764349e-01 2.001896584720827821e-01
2.004663403903098606e-01 2.004662030568161446e-01 2.004671030976017398e-01 2.004677362595249923e-01 2.004672708262321412e-01
2.037854054386653846e-01 2.037853770961613187e-01 2.037855588041926624e-01 2.037856889239204050e-01 2.037855911914485674e-01
2.213538047540579146e-01 2.213538011113260484e-01 2.213538356647176131e-01 2.213538582474166017e-01 2.213538383521944930e-01
1.744451506632423432e-01 1.744451525245473145e-01 1.744451505897023358e-01 1.744451471498982276e-01 1.744451470971428442e-01
