1.885058393243655428e-01 1.885044519728615031e-01 1.885050572979634076e-01 1.885066588877518934e-01 1.885067501718818983e-01
2.624413816974201508e-01 2.624360479010519054e-01 2.624362782571226238e-01 2.624446142962298945e-01 2.624419545266987730e-01
2.955172670560605175e-01 2.955047442652776191e-01 2.954842185256647547e-01 2.955169785188621612e-01 2.954874345700254645e-01
2.535276030523003210e-01 2.534989439510403897e-01 2.534620468572753027e-01 2.535532285832750587e-01 2.534697602360474478e-01
2.524625536271239978e-01 2.524043732962702458e-01 2.523964350616916819e-01 2.525541198969157297e-01 2.524480011145648350e-01
2.903102115630385449e-01 2.900836384765289044e-01 2.902870906880890001e-01 2.907238398195922113e-01 2.906166542820086685e-01
2.422015209323173657e-01 2.420118113389361503e-01 2.422044446412086605e-01 2.425536583969367388e-01 2.424966984404352821e-01
2.143064484924513402e-01 2.145293639503190464e-01 2.142420183201609873e-01 2.138825174909745885e-01 2.139057416133843814e-01
2.127778491454724030e-01 2.137997971234737726e-01 2.125144077543036636e-01 2.107573044154549824e-01 2.109080520463210984e-01
2.353616277749240315e-01 2.391142669013351929e-01 2.344645559633090903e-01 2.282874416992083377e-01 2.287909236806645596e-01
2.810003151284325984e-01 2.912494156549707558e-01 2.775738734631988391e-01 2.604056453856765652e-01 2.622765615057931488e-01
2.594372064708305725e-01 2.688883521666139420e-01 2.554881604918621818e-01 2.394710739325507931e-01 2.415032535543780168e-01
2.219483479283314020e-01 2.247480014719998309e-01 2.204563316127453876e-01 2.157217094310760475e-01 2.164615577019285142e-01
2.061352932231777790e-01 2.069084292759308941e-01 2.057672066713926440e-01 2.044826739371923552e-01 2.046975120642419155e-01
2.017074184762606692e-01 2.019518054671713414e-01 2.016096759350602396e-01 2.012878075567623437e-01 2.013465426111923362e-01
2.009184426212972108e-01 2.010640764947091985e-01 2.008937809644466832e-01 2.007369393718987927e-01 2.007637777712664162e-01
2.004436378891409076e-01 2.005183078660453533e-01 2.004429449589341938e-01 2.003747548475773854e-01 2.003850931642649214e-01
2.000213944200711080e-01 2.000332255270557413e-01 2.000232240258391081e-01 2.000166021197773425e-01 2.000186471117718079e-01
1.996401173530070183e-01 1.996416776214084976e-01 1.996408168406984818e-01 1.996406114321523650e-01 1.996413198497922203e-01
1.994832634743268773e-01 1.994835856053920609e-01 1.994840084106361544e-01 1.994852697661205210e-01 1.994852961072600961e-01
1.995935857137077496e-01 1.995935486436439810e-01 1.995938507807099027e-01 1.995946114285886142e-01 1.995946435692197429e-01
2.000409007436189934e-01 2.000409660790924971e-01 2.000410275020486073e-01 2.000411362020508566e-01 2.000411167373806753e-01
2.003969580585530375e-01 2.003969923087115801e-01 2.003970245251630034e-01 2.003970458496707463e-01 2.003970442051042355e-01
2.007712868220659641e-01 2.007713080028557251e-01 2.007713171596358925e-01 2.007713144039133812e-01 2.007713140683372033e-01
1.716041808172220351e-01 1.716041852050080585e-01 1.716041960305678404e-01 1.716041987813181069e-01 1.716041949198565952e-01
2.800168499832223629e-02 2.800168650864356262e-02 2.800168906337982891e-02 2.800168899214745127e-02 2.800168724950512916e-02
