1.616296361235527307e-02 1.898564880027135693e-02 2.041435539416052922e-02 1.898564879012683629e-02
1.633374807291099462e-01 1.668746388050402207e-01 1.691825980513412542e-01 1.668746386452620023e-01
1.891874900993309738e-01 1.898312831124168154e-01 1.900148529674834108e-01 1.898312827237517986e-01
1.895754927646537413e-01 1.896088180958831193e-01 1.895787109895160916e-01 1.896088178726252904e-01
2.046059058315136681e-01 2.045909239250374712e-01 2.045909152724927904e-01 2.045909238355136384e-01
2.118792841244296621e-01 2.118711515829884429e-01 2.118713561275301083e-01 2.118711514962568210e-01
2.043602601268110774e-01 2.043633454198504618e-01 2.043668918120743194e-01 2.043633450642417249e-01
1.875016383560701994e-01 1.875028726943593349e-01 1.875036790863541802e-01 1.875028720435158447e-01
1.876857674369613593e-01 1.876859569221230595e-01 1.876860204547796951e-01 1.876859563979952628e-01
2.044264907123975183e-01 2.044264899306237615e-01 2.044264902983479737e-01 2.044264895846853447e-01
2.112511389169774711e-01 2.112511171582854286e-01 2.112511412885130502e-01 2.112511170286335560e-01
1.920441793221032145e-01 1.920443057713613622e-01 1.920445242127087337e-01 1.920443056543084670e-01
8.174375398126641767e-02 8.174410810152910045e-02 8.174453046970120429e-02 8.174410898848648299e-02
8.174402294360876009e-02 8.174411311700155447e-02 8.174421547974515534e-02 8.174411687160879070e-02
1.920443171008236194e-01 1.920443192926901965e-01 1.920443179787202359e-01 1.920443210527750244e-01
2.112511060356352388e-01 2.112511036095080785e-01 2.112510992491671291e-01 2.112511039030417204e-01
2.044264932215975883e-01 2.044264951328132185e-01 2.044264979522396330e-01 2.044264950308058992e-01
1.876859964342585119e-01 1.876860053418467345e-01 1.876860150709461772e-01 1.876860050867487639e-01
1.875025978686530315e-01 1.875026005154894482e-01 1.875026037096551856e-01 1.875026008894446206e-01
2.043604110884892355e-01 2.043604113888178031e-01 2.043604117219805782e-01 2.043604116073012567e-01
2.118611902554795312e-01 2.118611902821320447e-01 2.118611902412617931e-01 2.118611903143833297e-01
2.045909157111740484e-01 2.045909157707428427e-01 2.045909158777993175e-01 2.045909158105308767e-01
1.895694987425711742e-01 1.895694989603751712e-01 1.895694993333990053e-01 1.895694991016626529e-01
1.895421786210985393e-01 1.895421786446953305e-01 1.895421790234827764e-01 1.895421790037974952e-01
1.665582271681946003e-01 1.665582271564721162e-01 1.665582272923858131e-01 1.665582273094395882e-01
1.886312894577390001e-02 1.886312894585431832e-02 1.886312895296027303e-02 1.886312895486212324e-02
