5.000895625944182764e-03 1.877400898873419002e-02 2.714312784615519406e-02 1.877400700388319812e-02
1.261862295180091187e-01 1.522589981272127746e-01 1.735108889836285417e-01 1.522589736166198304e-01
1.513113979294873623e-01 1.719794191317972343e-01 1.911790654345928986e-01 1.719793651246461774e-01
1.725722444587922677e-01 1.774849360034852774e-01 1.818673753053457465e-01 1.774849230493778240e-01
2.034430183872125431e-01 2.037605794142537119e-01 2.038388321319610508e-01 2.037605788684133667e-01
2.118480084501379035e-01 2.117513562841598918e-01 2.118392818358562635e-01 2.117513552424591106e-01
1.981406334547673731e-01 2.009904097780548515e-01 2.043880209227645628e-01 2.009903996699954065e-01
1.540641197595105927e-01 1.613659053613900607e-01 1.690504605278374817e-01 1.613658837312657857e-01
1.601866241927306367e-01 1.621621636963947177e-01 1.641487488355857227e-01 1.621621592697972125e-01
2.023136342955045019e-01 2.024518758000608543e-01 2.025115871034084414e-01 2.024518762016176143e-01
2.120575582103522150e-01 2.120563952030206922e-01 2.120643890222188854e-01 2.120563951646400325e-01
2.008599840349232779e-01 2.017961081270677470e-01 2.028334559165787809e-01 2.017961055207173893e-01
1.541183658246819410e-01 1.564427455798445832e-01 1.588436667100923683e-01 1.564427397174780743e-01
1.558390532779889703e-01 1.564643046846846686e-01 1.570936190414428113e-01 1.564643047030100931e-01
2.018542200542368659e-01 2.018939356145668385e-01 2.019182022647051933e-01 2.018939361848977876e-01
2.120687101662510343e-01 2.120660059039739254e-01 2.120624593556584558e-01 2.120660058289577099e-01
2.024816844775805813e-01 2.027108335400340799e-01 2.029549191627459392e-01 2.027108328524201419e-01
1.650182159802050519e-01 1.655874726584449785e-01 1.661684348544966439e-01 1.655874717631392323e-01
1.651741948437973340e-01 1.653284597546798851e-01 1.654835023259732807e-01 1.653284613096087097e-01
2.024828658639144519e-01 2.024927895998688554e-01 2.025004176349054219e-01 2.024927908265212462e-01
2.118517546464235568e-01 2.118501568558434911e-01 2.118480821946169268e-01 2.118501570142411472e-01
2.039547710971455208e-01 2.039897141637179168e-01 2.040261199606608344e-01 2.039897142074186265e-01
1.813082022640871149e-01 1.813983713747622795e-01 1.814897824452361697e-01 1.813983721095353274e-01
1.810942981418556808e-01 1.811213553787552055e-01 1.811487431762354994e-01 1.811213587580315365e-01
1.657903975008684361e-01 1.657935621852271169e-01 1.657968098145947977e-01 1.657935637958929953e-01
1.883111150644162929e-02 1.883132766768295940e-02 1.883156278932120870e-02 1.883132802829434044e-02
