2.795402711922809202e-02 2.795402744156008298e-02 2.795402685905108014e-02 2.795402686130065567e-02 2.795402744290951397e-02
1.714555175921022301e-01 1.714555186889078209e-01 1.714555175766874495e-01 1.714555175783108176e-01 1.714555186878870263e-01
2.006030150749169849e-01 2.006030189030530431e-01 2.006030198497834593e-01 2.006030198403198628e-01 2.006030188811600556e-01
2.002406302252145998e-01 2.002406451726080339e-01 2.002406611935356739e-01 2.002406611934650915e-01 2.002406451170753166e-01
2.000168742694244939e-01 2.000168783119887772e-01 2.000169329068808011e-01 2.000169328935371693e-01 2.000168782532776857e-01
1.998521495088654565e-01 1.998520468544206508e-01 1.998521556670812549e-01 1.998521556720175563e-01 1.998520468111672221e-01
1.999798165487865487e-01 1.999796283898369609e-01 1.999795133923109869e-01 1.999795133665943636e-01 1.999796282681215731e-01
2.000258410151091459e-01 2.000283309082181715e-01 2.000282997120139128e-01 2.000282996126003521e-01 2.000283306658924287e-01
2.000149095543254096e-01 2.000258182983135347e-01 2.000356833813380086e-01 2.000356832530097995e-01 2.000258178278860599e-01
2.000295069534413217e-01 2.000072669712772699e-01 2.000407669658925136e-01 2.000407668048704291e-01 2.000072662891250741e-01
2.002970551479463512e-01 2.000634615318117870e-01 2.000730603506310767e-01 2.000730600269929049e-01 2.000634607632046369e-01
2.017411881781733807e-01 2.012075119955483438e-01 2.002580828005059710e-01 2.002580826036596817e-01 2.012075113580067409e-01
1.987115624217205279e-01 2.047507690869910801e-01 2.011192934274695365e-01 2.011192933654866177e-01 2.047507687170622426e-01
1.532093845847789793e-01 2.010313011625691204e-01 2.055339225100736300e-01 2.055339225596238273e-01 2.010313011360282676e-01
1.987994050679285085e-01 2.047907244740626853e-01 2.011272421095129104e-01 2.011272422282053274e-01 2.047907246848618135e-01
2.018145938492102442e-01 2.012476249516160220e-01 2.002757778208493211e-01 2.002757780449097025e-01 2.012476254365468675e-01
2.003403130775026075e-01 2.000934889710304088e-01 2.000897106488539190e-01 2.000897108657402890e-01 2.000934894658834007e-01
2.000475578303324287e-01 2.000214176029534996e-01 2.000491837775160708e-01 2.000491839421567331e-01 2.000214180094290473e-01
2.000171962526155478e-01 2.000273182951947393e-01 2.000354847209857567e-01 2.000354848421616594e-01 2.000273185921042640e-01
1.999797998597045434e-01 1.999820439739349309e-01 1.999814851854865294e-01 1.999814852347334693e-01 1.999820441053568321e-01
1.998531427349910794e-01 1.998528859404506142e-01 1.998526364456060800e-01 1.998526364788568432e-01 1.998528860431569021e-01
2.000169793002968821e-01 2.000168555877333831e-01 2.000169247634731584e-01 2.000169247804919337e-01 2.000168556629831618e-01
2.002404912501964673e-01 2.002404870590056007e-01 2.002405273817176867e-01 2.002405273941314234e-01 2.002404871125165464e-01
2.006028470970463440e-01 2.006028622216957935e-01 2.006028720895851047e-01 2.006028721023934425e-01 2.006028622515570459e-01
1.714553641003221940e-01 1.714553752766337924e-01 1.714553746321155481e-01 1.714553746454626770e-01 1.714553752950671861e-01
2.795397672406878600e-02 2.795398131450761020e-02 2.795398235765092151e-02 2.795398236206274312e-02 2.795398131937449834e-02
