1.776756593795372485e-01 1.776911796799907906e-01 1.776870009699478281e-01 1.776662453919331808e-01 1.776512219891447364e-01
2.336240766857292928e-01 2.336816764511047972e-01 2.335853446679232170e-01 2.334729869979188244e-01 2.334565561308430404e-01
2.454033068071356793e-01 2.455975193093273556e-01 2.452214416927017693e-01 2.448536285262455647e-01 2.448545074794144238e-01
2.875100132421278820e-01 2.880356040952522512e-01 2.873830233504711673e-01 2.865013364856385802e-01 2.864743288587796033e-01
2.415832235788307469e-01 2.420843237179396701e-01 2.416300756464891675e-01 2.407106886103729526e-01 2.406368477396229610e-01
2.118135034306039277e-01 2.118870625732559299e-01 2.118088752893304005e-01 2.113697797615944340e-01 2.114141193018315434e-01
2.026399065524487897e-01 2.026616695711950522e-01 2.027332590087160546e-01 2.027485787618569513e-01 2.028302311215424703e-01
2.007265204710016737e-01 2.007553254901960071e-01 2.007621105691532182e-01 2.007486717577127711e-01 2.007695885604792729e-01
2.003260572800894812e-01 2.003051782134800674e-01 2.002766701884150513e-01 2.002723742185451572e-01 2.002806373098819648e-01
2.001053035726410023e-01 2.000876139837995116e-01 1.999807613120189453e-01 1.999862889630293350e-01 2.000633508387822945e-01
1.994185470458670617e-01 1.997815788340074339e-01 1.996111461139823962e-01 1.996188026808911054e-01 1.997755445866218615e-01
1.954611586568489046e-01 1.971823827075680491e-01 1.989543047665940090e-01 1.989640395757527602e-01 1.971952734014047748e-01
1.971230296207306665e-01 1.869902030238238533e-01 1.969028606020621908e-01 1.969247133386351489e-01 1.870029524940439725e-01
3.374460108032432126e-01 1.912723223362378100e-01 1.864686232124391774e-01 1.864468598018187706e-01 1.912121457916709233e-01
1.968168838325177472e-01 1.873103738673798369e-01 1.976357704706845353e-01 1.975509506557656392e-01 1.871693997935706677e-01
1.953836294112300531e-01 1.976557558965042483e-01 1.996474430415187129e-01 1.996123099863397199e-01 1.974717965366937500e-01
1.994963823083496235e-01 2.001292712560075737e-01 2.000024007533192094e-01 2.000976707711900060e-01 1.999833377719896221e-01
1.996882806118994436e-01 1.996822636169328091e-01 1.999165530156704063e-01 1.999092116862544177e-01 1.997927977956916457e-01
2.000844258802005615e-01 1.998681107489305997e-01 2.000931147390683229e-01 2.002309146899775016e-01 2.003124448289574089e-01
2.001826594759947564e-01 2.002563930170121187e-01 2.003241787499503157e-01 2.003548159569906451e-01 2.003491582291806739e-01
1.993262331275870991e-01 1.993510020086855239e-01 1.993412593421916290e-01 1.993269234071093077e-01 1.993307828102004187e-01
1.992270306911174405e-01 1.992303614797902300e-01 1.992253436554251855e-01 1.992207232407842976e-01 1.992232046854706118e-01
1.999436098116466887e-01 1.999436273426377642e-01 1.999433926937777550e-01 1.999432857469930214e-01 1.999441919114460786e-01
2.008548770467019906e-01 2.008548061085501379e-01 2.008548722207997572e-01 2.008551370658262503e-01 2.008555598428974076e-01
1.719786070774612929e-01 1.719787761775509183e-01 1.719788298651350189e-01 1.719788412511666920e-01 1.719788186421631337e-01
2.810458452526255757e-02 2.810465329743004614e-02 2.810475228529737621e-02 2.810476776476890717e-02 2.810469049813540260e-02
