2.795402712521621175e-02 2.795402744696634523e-02 2.795402686467602857e-02 2.795402686788065957e-02 2.795402745011235646e-02
1.714555176064984365e-01 1.714555187037022366e-01 1.714555175913402285e-01 1.714555175939990739e-01 1.714555187049047191e-01
2.006030150820576063e-01 2.006030189121922325e-01 2.006030198576424228e-01 2.006030198481783822e-01 2.006030188907861334e-01
2.002406302185125719e-01 2.002406451680248389e-01 2.002406611862740105e-01 2.002406611903847777e-01 2.002406451160448630e-01
2.000168742393951815e-01 2.000168782881530383e-01 2.000169328814181691e-01 2.000169328719776374e-01 2.000168782345889962e-01
1.998521494564235723e-01 1.998520468098008152e-01 1.998521556192127679e-01 1.998521556046864434e-01 1.998520467622598717e-01
1.999798164698857739e-01 1.999796283225700744e-01 1.999795133123234148e-01 1.999795132853446344e-01 1.999796281924836883e-01
2.000258408862858328e-01 2.000283308054797149e-01 2.000282995911283335e-01 2.000282995014300014e-01 2.000283305885573737e-01
2.000149094451028620e-01 2.000258181663087387e-01 2.000356832382077510e-01 2.000356831232203147e-01 2.000258177592515729e-01
2.000295068200675652e-01 2.000072668298189249e-01 2.000407668533114303e-01 2.000407666804903672e-01 2.000072662009261260e-01
2.002970551814660660e-01 2.000634615093633828e-01 2.000730602790445900e-01 2.000730599900452378e-01 2.000634608140380855e-01
2.017411885787173953e-01 2.012075122051374398e-01 2.002580827967583577e-01 2.002580825772999618e-01 2.012075115240547218e-01
1.987115632698298051e-01 2.047507694200157158e-01 2.011192933208323930e-01 2.011192932112690623e-01 2.047507689532027941e-01
1.532093854940989319e-01 2.010313014731657522e-01 2.055339221802383320e-01 2.055339222284759959e-01 2.010313013812841110e-01
1.987994055594103637e-01 2.047907245783680552e-01 2.011272419902740693e-01 2.011272421267465971e-01 2.047907248017789561e-01
2.018145939819087631e-01 2.012476249800295713e-01 2.002757777634389114e-01 2.002757779645909508e-01 2.012476253964540773e-01
2.003403130841873436e-01 2.000934889472647527e-01 2.000897105933979736e-01 2.000897107952345766e-01 2.000934893994067432e-01
2.000475578060207926e-01 2.000214175747645207e-01 2.000491837276614226e-01 2.000491838817075596e-01 2.000214179525038050e-01
2.000171962250084645e-01 2.000273182712243025e-01 2.000354846771682238e-01 2.000354847756996013e-01 2.000273185279397292e-01
1.999797998371056484e-01 1.999820439561751650e-01 1.999814851672259697e-01 1.999814852121697129e-01 1.999820440828108392e-01
1.998531427293717966e-01 1.998528859336320684e-01 1.998526364342569916e-01 1.998526364601535266e-01 1.998528860206540414e-01
2.000169792889160969e-01 2.000168555757350919e-01 2.000169247513368109e-01 2.000169247687809404e-01 2.000168556466676573e-01
2.002404912498968181e-01 2.002404870583741059e-01 2.002405273810362041e-01 2.002405273933681451e-01 2.002404871094925487e-01
2.006028471038222294e-01 2.006028622283746732e-01 2.006028720971252399e-01 2.006028721082627475e-01 2.006028622568904740e-01
1.714553641120196981e-01 1.714553752892063743e-01 1.714553746455728944e-01 1.714553746563590719e-01 1.714553753051420160e-01
2.795397672950122522e-02 2.795398132079792222e-02 2.795398236396354208e-02 2.795398236721990254e-02 2.795398132412168363e-02
