1.886805507002042859e-02 1.886809359271813050e-02 1.886790038512161857e-02 1.886790510521294678e-02
1.664904330861416148e-01 1.664907258957977754e-01 1.664885208555799967e-01 1.664883002725623118e-01
1.884151833475957438e-01 1.884179300727767126e-01 1.884113054764060824e-01 1.884079828336155948e-01
1.884570131559126227e-01 1.884659618628613253e-01 1.884568816693013016e-01 1.884449183695414143e-01
2.045168902303111658e-01 2.045189361593742761e-01 2.045167415941628597e-01 2.045118180105520989e-01
2.118597266326932571e-01 2.118608748383969120e-01 2.118583794938810605e-01 2.118604542779342625e-01
2.029646576506109745e-01 2.029726142773772557e-01 2.029539470442413562e-01 2.029525735145972787e-01
1.723744791972073309e-01 1.724243529738794523e-01 1.723701186062218116e-01 1.723094462863941079e-01
1.728222483913861296e-01 1.729786691216314842e-01 1.728869718964735624e-01 1.726609638858124240e-01
2.032882589032614096e-01 2.033258386252049799e-01 2.033186796422448150e-01 2.032056670025249312e-01
2.119742390554893996e-01 2.119979591683269771e-01 2.119703002851866247e-01 2.119739104989176448e-01
1.983949884220227167e-01 1.985718447526691466e-01 1.982533434632780256e-01 1.981080116413587722e-01
1.214948150366717411e-01 1.220053932855809653e-01 1.214400331814291661e-01 1.209273740108072481e-01
1.212761403507460756e-01 1.227846310394309776e-01 1.217015611933496694e-01 1.205078392155370659e-01
1.984145533862880229e-01 1.988474038056970150e-01 1.984412157322886505e-01 1.979444143000740342e-01
2.119109126921152886e-01 2.119129636156009966e-01 2.120445475269598645e-01 2.119831308872716369e-01
2.023441736203519248e-01 2.023885628733618769e-01 2.023148923871596339e-01 2.024951938937531171e-01
1.634583680708590336e-01 1.635457841541800295e-01 1.634937510827355334e-01 1.634804419121321239e-01
1.631063774677855849e-01 1.632051253676534142e-01 1.630971783556809385e-01 1.628777653009989834e-01
2.020776018128627449e-01 2.021581401440445125e-01 2.021378034284143921e-01 2.020691684903133944e-01
2.118308216961726775e-01 2.118463364882782474e-01 2.118365143418807217e-01 2.118337925448303405e-01
2.044067399442648925e-01 2.044101411561793646e-01 2.044056891455802716e-01 2.044112753277102235e-01
1.869132436644597162e-01 1.869241185926145410e-01 1.869161936837962779e-01 1.869137913701888198e-01
1.867998525905239515e-01 1.868259397007585310e-01 1.868087288935022239e-01 1.867847439801832432e-01
1.663329817460230953e-01 1.663445789956074505e-01 1.663367330512844078e-01 1.663256267336317984e-01
1.885981890709146833e-02 1.886066843083935435e-02 1.886006702728939416e-02 1.885932777057156007e-02
