3.087541501173446563e-03 3.087541494821894033e-03 3.087541497529277396e-03 3.087541535496661840e-03 3.087541548588089955e-03
4.010983522396616846e-02 4.010983482823855806e-02 4.010983506942533000e-02 4.010983589876632865e-02 4.010983607474741253e-02
1.701706066499555914e-01 1.701706062526473218e-01 1.701706061419040461e-01 1.701706070676421989e-01 1.701706071354073813e-01
1.987467593481674344e-01 1.987467592669443783e-01 1.987467580235725007e-01 1.987467577013594944e-01 1.987467574705435447e-01
1.999985537340996378e-01 1.999985537117246748e-01 1.999985525785034635e-01 1.999985520568182962e-01 1.999985520009555928e-01
1.983523467808890051e-01 1.983523463703641965e-01 1.983523463983183077e-01 1.983523469291960384e-01 1.983523469612613610e-01
1.921394827779806802e-01 1.921394819041977453e-01 1.921394832055263457e-01 1.921394851723188246e-01 1.921394850021765632e-01
1.981879622511430461e-01 1.981879616595845217e-01 1.981879625515518828e-01 1.981879640582546453e-01 1.981879637627706192e-01
1.999056287092408069e-01 1.999056281973583538e-01 1.999056264086024881e-01 1.999056259107766242e-01 1.999056261879403051e-01
1.999725389966974798e-01 1.999725384372648129e-01 1.999725362272671281e-01 1.999725352719771698e-01 1.999725362690984998e-01
1.999065988497970847e-01 1.999065981106642742e-01 1.999065978865407212e-01 1.999065983281189118e-01 1.999065989534004328e-01
1.995350669807156863e-01 1.995350660028379075e-01 1.995350672912966361e-01 1.995350691023166090e-01 1.995350693507005613e-01
1.998870750955154263e-01 1.998870744801668486e-01 1.998870752408144214e-01 1.998870765903150715e-01 1.998870768053231106e-01
1.998870757222699912e-01 1.998870752945371143e-01 1.998870733287488877e-01 1.998870727013256632e-01 1.998870735299731194e-01
1.995350620810558140e-01 1.995350617983314423e-01 1.995350593115130244e-01 1.995350581899567322e-01 1.995350595630630275e-01
1.999065986781669302e-01 1.999065981503891920e-01 1.999065977631485913e-01 1.999065980131844444e-01 1.999065985921895106e-01
1.999725431616861948e-01 1.999725424088507619e-01 1.999725429930486464e-01 1.999725442088938210e-01 1.999725444498419713e-01
1.999056286747768474e-01 1.999056281937441892e-01 1.999056283593375616e-01 1.999056293221973257e-01 1.999056292767340814e-01
1.981879636236072995e-01 1.981879633914100380e-01 1.981879613904819204e-01 1.981879606997200838e-01 1.981879611325361445e-01
1.921394806267393285e-01 1.921394804573859083e-01 1.921394780093154397e-01 1.921394767351114752e-01 1.921394778793586167e-01
1.983523455436050353e-01 1.983523453775756507e-01 1.983523448127308686e-01 1.983523445779309669e-01 1.983523450377051300e-01
1.999985505619141790e-01 1.999985505355628690e-01 1.999985507617099978e-01 1.999985510510175202e-01 1.999985510028459701e-01
1.987467577793812779e-01 1.987467577289311338e-01 1.987467576581712358e-01 1.987467580580014881e-01 1.987467577776972361e-01
1.701706115124447527e-01 1.701706113028778888e-01 1.701706093885983206e-01 1.701706088363786062e-01 1.701706091310710434e-01
4.010985356767848148e-02 4.010985349091667623e-02 4.010985170679822603e-02 4.010985085595135391e-02 4.010985149673954725e-02
3.087544781230226135e-03 3.087544786564841263e-03 3.087544656196664072e-03 3.087544598173729959e-03 3.087544627700103059e-03
