9.407193082907038331e-03 1.962959135712991077e-02 2.522368013539286191e-02 1.962959081979532422e-02
1.508252342926004463e-01 1.657809705724974103e-01 1.764373136377812012e-01 1.657809639943539359e-01
1.734200513840818692e-01 1.792413584348669930e-01 1.835313363257894126e-01 1.792413440008820968e-01
1.780726881956550822e-01 1.791134146057072607e-01 1.798958304237560646e-01 1.791134110827621029e-01
2.038009250498330482e-01 2.038213676374724115e-01 2.038369588865724114e-01 2.038213675499812305e-01
2.119011532367569284e-01 2.118757108880624240e-01 2.119026131441110183e-01 2.118757107681638607e-01
2.013854576267758434e-01 2.020144797815035254e-01 2.027530128098360418e-01 2.020144766476953124e-01
1.587908900796809464e-01 1.603357017883435820e-01 1.619602964226505570e-01 1.603356945565036218e-01
1.602473703895749835e-01 1.606626081054836896e-01 1.610822723285638414e-01 1.606626062504062646e-01
2.022985290077222997e-01 2.023270616853140857e-01 2.023396667865740017e-01 2.023270615846805009e-01
2.120656698886272951e-01 2.120666665020267683e-01 2.120691368131110977e-01 2.120666664685663949e-01
2.013249618598307866e-01 2.015321412694910386e-01 2.017607055676313155e-01 2.015321403221374819e-01
1.515736796047018609e-01 1.520840496647404561e-01 1.526110630759180964e-01 1.520840474086331551e-01
1.519446429732410064e-01 1.520816408021321842e-01 1.522197254514308928e-01 1.520816404234822672e-01
2.015283810602488679e-01 2.015369906028132707e-01 2.015422932428652392e-01 2.015369906588082016e-01
2.120674058169442489e-01 2.120669236124516910e-01 2.120662175088396662e-01 2.120669236185368511e-01
2.023335063934069422e-01 2.023851415832712830e-01 2.024400305497740526e-01 2.023851415256720521e-01
1.612787908960121308e-01 1.614066512966395583e-01 1.615371039245801499e-01 1.614066513151132531e-01
1.610757922832767586e-01 1.611104018760192991e-01 1.611452025856233428e-01 1.611104025704012399e-01
2.021332584464061166e-01 2.021354688692476309e-01 2.021371757940109981e-01 2.021354691895398958e-01
2.118479103343396952e-01 2.118475572656317307e-01 2.118470945203232980e-01 2.118475572901831472e-01
2.038618069650667552e-01 2.038697764371028565e-01 2.038780695491092254e-01 2.038697765512173521e-01
1.797519080959762983e-01 1.797724321958712734e-01 1.797932365203550875e-01 1.797724328228380297e-01
1.794413126698763128e-01 1.794474683867860465e-01 1.794537023652942875e-01 1.794474700780737120e-01
1.656409148410789844e-01 1.656416342335641778e-01 1.656423738237519094e-01 1.656416349625559337e-01
1.882496774742392284e-02 1.882501672555365879e-02 1.882507017089718460e-02 1.882501677261657139e-02
