2.790882540659108541e-02 2.790899059608080782e-02 2.790933414869132059e-02 2.790933029868274476e-02 2.790898418042539117e-02
1.712226115579146279e-01 1.712258887600204560e-01 1.712287311637162579e-01 1.712287231900312401e-01 1.712258622164136435e-01
2.005361777186875916e-01 2.005407445433194102e-01 2.005429598753589171e-01 2.005429630836956245e-01 2.005407138246474152e-01
2.002240617115756960e-01 2.002233466089104463e-01 2.002237167845935251e-01 2.002237330446896002e-01 2.002233370672780177e-01
1.999990980070701363e-01 1.999989351863855624e-01 1.999985179240876820e-01 1.999985325064655151e-01 1.999989211911734066e-01
1.998235742766962253e-01 1.998295338928246512e-01 1.998289455237379775e-01 1.998289210504473612e-01 1.998295511756030540e-01
1.999064533959000467e-01 1.999283671836023235e-01 1.999420296254219298e-01 1.999420312690245727e-01 1.999283425898374378e-01
1.998818297376590558e-01 1.999230634456641564e-01 1.999893770972271390e-01 1.999893969995383824e-01 1.999230303104132522e-01
1.999429080651860258e-01 1.998672023789107854e-01 1.999294041840818659e-01 1.999294013139640280e-01 1.998671807581423876e-01
2.000219641768515855e-01 1.999120523466987598e-01 1.999656525111138394e-01 1.999656085648659487e-01 1.999120050357117706e-01
1.979813840060754282e-01 1.995569653455413206e-01 1.999936221956608862e-01 1.999935850700411688e-01 1.995569440625856172e-01
1.800150665071044431e-01 1.930940566546706372e-01 1.997027934015896400e-01 1.997027870922793991e-01 1.930940726540825991e-01
9.702838165636179513e-02 1.509355673650455421e-01 1.957592248080780584e-01 1.957593370844993852e-01 1.509356498024911897e-01
3.685786227811160051e-05 8.512480303656480563e-02 1.620506009036250528e-01 1.620508347025893248e-01 8.512494829528011175e-02
9.687999314219800095e-02 1.506803872660073262e-01 1.953242092315477796e-01 1.953243154613487631e-01 1.506804575656021383e-01
1.799952206949109179e-01 1.930507805213634021e-01 1.996223027971598674e-01 1.996222992021293441e-01 1.930507801874199181e-01
1.979912582092292761e-01 1.995571701025478095e-01 1.999993711908379934e-01 1.999993663552980250e-01 1.995571673333807472e-01
1.999760201575380425e-01 1.998307958132125028e-01 1.998989598842730309e-01 1.998989989247071108e-01 1.998307817705143319e-01
1.983456895619523930e-01 1.981088827676512343e-01 1.980418824764220709e-01 1.980420060662628490e-01 1.981089083918052829e-01
1.923563476875042033e-01 1.922494788573461399e-01 1.921391201665318127e-01 1.921392090500409766e-01 1.922495392797241298e-01
1.983804744773852713e-01 1.983802037343364022e-01 1.983575340599708359e-01 1.983575429799892542e-01 1.983802237700851567e-01
1.999963069877338517e-01 1.999991187980552920e-01 1.999999977318325517e-01 1.999999862014777974e-01 1.999990995002993155e-01
1.987751974535414412e-01 1.987367895833191955e-01 1.987398893257193710e-01 1.987398982567003536e-01 1.987367857836507545e-01
1.703640583926627483e-01 1.701965250720432477e-01 1.700602763226959080e-01 1.700603328581410945e-01 1.701965386576736738e-01
4.031410322254125322e-02 4.017867119620611993e-02 4.002471028496253774e-02 4.002475703616468344e-02 4.017870558521764029e-02
3.109581483854503055e-03 3.097279208576724559e-03 3.084031698713242311e-03 3.084040769534519139e-03 3.097289438473671032e-03
