2.213112408815204324e-01 2.081363444479646940e-01 2.057749352696045253e-01 2.081358223254397843e-01
2.550789690126211151e-01 2.539447209154149787e-01 2.550663991527738483e-01 2.539429198770640217e-01
2.821843927314681144e-01 2.823916409301207020e-01 2.824787209266621524e-01 2.823856387214918051e-01
2.807335344679757205e-01 2.807503773028514615e-01 2.806797657432810733e-01 2.807255483818902886e-01
2.319481868725641049e-01 2.319468530057602340e-01 2.319298585603710161e-01 2.319360366753468183e-01
2.184850108006068936e-01 2.184883277910602828e-01 2.184863437170797840e-01 2.184849561781981309e-01
2.058914606657269997e-01 2.058934387433034030e-01 2.058928160077221348e-01 2.058921895727775508e-01
1.898460953468601442e-01 1.898466248217439700e-01 1.898455996363187515e-01 1.898460438312800369e-01
1.897057393723015073e-01 1.897055058015377493e-01 1.897032090969990314e-01 1.897034771764347094e-01
2.047090876445591123e-01 2.047090931110925049e-01 2.047094901067834649e-01 2.047097696064488492e-01
2.121884898207091197e-01 2.121883397307654240e-01 2.121904622500994653e-01 2.121906790565306067e-01
2.047643102923943081e-01 2.047621220013666199e-01 2.047600122240408882e-01 2.047595919606643722e-01
1.893886065213345460e-01 1.893987498360368837e-01 1.893987158577089824e-01 1.894001898463000821e-01
1.891373046040915606e-01 1.891536775143672078e-01 1.891567940918570667e-01 1.891570697997718153e-01
2.045427888093329372e-01 2.045513300677384572e-01 2.045559407296549947e-01 2.045562338206699249e-01
2.121829593108356671e-01 2.121843495838985905e-01 2.121850102571757601e-01 2.121866994316125299e-01
2.044842859522395528e-01 2.044846922018466462e-01 2.044841832359725331e-01 2.044843019330418732e-01
1.889045936416816340e-01 1.889047764956061359e-01 1.889048265990848630e-01 1.889049210737262785e-01
1.892383974912842104e-01 1.892385937248672600e-01 1.892387257169769188e-01 1.892389005075472419e-01
2.048254335150513084e-01 2.048256332894000387e-01 2.048254507774747435e-01 2.048253595688133422e-01
2.122540557779308557e-01 2.122543363655570170e-01 2.122542060082652227e-01 2.122538849885179657e-01
2.046226016312490126e-01 2.046225850834688387e-01 2.046226377996331058e-01 2.046226806410853249e-01
1.898328192768761746e-01 1.898328207055901828e-01 1.898328224694640631e-01 1.898328289020236037e-01
1.936226609854132252e-01 1.936226650335795274e-01 1.936226687058318907e-01 1.936226769182765040e-01
2.289885484398772597e-01 2.289885494842341385e-01 2.289885509618463100e-01 2.289885597831692599e-01
2.019817875561107090e-01 2.019817863271725078e-01 2.019817868490311474e-01 2.019817909313975368e-01
