1.840465770691815384e-01 1.814764873056260996e-01 1.831097080906737007e-01 1.831097089581516235e-01 1.814764868636899176e-01
2.242914123012895999e-01 2.240834510990626360e-01 2.240517781199282688e-01 2.240517787987834353e-01 2.240834507421935462e-01
2.050923123324578656e-01 2.076529465350203385e-01 2.060526897932552504e-01 2.060526894775538409e-01 2.076529466304812555e-01
2.086911115441231757e-01 2.096499560993259903e-01 2.081697772382053169e-01 2.081697756812191658e-01 2.096499569910050542e-01
2.026992306688433221e-01 2.007445917466710028e-01 2.007219674677067633e-01 2.007219676139777031e-01 2.007445918325760359e-01
2.188563844360497945e-01 2.071754288189121829e-01 2.127494092208386256e-01 2.127494129915044052e-01 2.071754274267188778e-01
2.030448809640659491e-01 2.091536767295061605e-01 2.034859408555633464e-01 2.034859420415389142e-01 2.091536760535400163e-01
2.030802270585523317e-01 2.107441395615096413e-01 2.049170389499049560e-01 2.049170376358835088e-01 2.107441401091655342e-01
2.273252937771862714e-01 2.110580358263786649e-01 2.127535780520793951e-01 2.127535754285584113e-01 2.110580381804922356e-01
2.201813078816160230e-01 2.038123158205114305e-01 2.033610613284848601e-01 2.033610617900407369e-01 2.038123162066991512e-01
2.310365434466612466e-01 2.319514693550649154e-01 2.187164732200104766e-01 2.187164785922136589e-01 2.319514682487289203e-01
2.028682572032868558e-01 2.509182442724247064e-01 2.105579857158837165e-01 2.105579869866922305e-01 2.509182434442147058e-01
2.221974461051793304e-01 2.215857183854358092e-01 2.160603087494472885e-01 2.160603069702660695e-01 2.215857187922632421e-01
4.315211311601757638e-01 2.083616114052927459e-01 2.485028284668552023e-01 2.485028261668228433e-01 2.083616144507576262e-01
2.226387196856378370e-01 2.104976826702218973e-01 2.117335538853845622e-01 2.117335544169987038e-01 2.104976832257623443e-01
2.310032542678576162e-01 2.569327101342904762e-01 2.301266329073746453e-01 2.301266377855296918e-01 2.569327096301917135e-01
2.059757470903455789e-01 2.284614098900391854e-01 2.021523899964520476e-01 2.021523907171922929e-01 2.284614090948032805e-01
2.283051391748939507e-01 2.215735089390629409e-01 2.151310015550759180e-01 2.151309998656167621e-01 2.215735094128442606e-01
2.259546647846670808e-01 2.100523650369596207e-01 2.116079236279507503e-01 2.116079224966036787e-01 2.100523676044269150e-01
2.088221245066189669e-01 2.072645816515604478e-01 2.068164236819095003e-01 2.068164242015241572e-01 2.072645820934617689e-01
2.292605990510876990e-01 2.204642732773131886e-01 2.239892551576388169e-01 2.239892583956824001e-01 2.204642731261505506e-01
2.008916791037815841e-01 2.034122243800896013e-01 2.003760536268029968e-01 2.003760538329532326e-01 2.034122240859019548e-01
2.200913506271327813e-01 2.222431775865573167e-01 2.196224600685267869e-01 2.196224593852025009e-01 2.222431779228177806e-01
2.107466053301871034e-01 2.113768462515012714e-01 2.101395871404300453e-01 2.101395872974838874e-01 2.113768474820630627e-01
2.285443384750658613e-01 2.277804460804426501e-01 2.280320954712818371e-01 2.280320958994976610e-01 2.277804464325381140e-01
1.975372878970368118e-01 1.948540555788009776e-01 1.964289006743868138e-01 1.964289013272906836e-01 1.948540557197910861e-01
