2.795391031598922285e-02 2.795391124366176580e-02 2.795390998519692305e-02 2.795390998825647913e-02 2.795391124642924649e-02
1.714551963248746036e-01 1.714551992083273857e-01 1.714551966640107672e-01 1.714551966656222559e-01 1.714551992082700704e-01
2.006025935531072502e-01 2.006026018159164093e-01 2.006026036289072223e-01 2.006026036182590733e-01 2.006026018021265511e-01
2.002400048591660708e-01 2.002400339747034963e-01 2.002400660033849256e-01 2.002400660017916167e-01 2.002400339282756903e-01
2.000160146483434265e-01 2.000160172125131364e-01 2.000161243393975552e-01 2.000161243344686923e-01 2.000160171490329708e-01
1.998512412699227081e-01 1.998510415871727341e-01 1.998512599955142854e-01 1.998512599909010035e-01 1.998510415123526396e-01
1.999794984382453622e-01 1.999792494528862263e-01 1.999790975448127450e-01 1.999790975372771618e-01 1.999792493291941975e-01
2.000243357935113098e-01 2.000298519689528987e-01 2.000303761177350537e-01 2.000303760206043335e-01 2.000298517491625461e-01
2.000044485116617976e-01 2.000262231922662615e-01 2.000476558619415923e-01 2.000476557434319458e-01 2.000262228936847964e-01
2.000526764866577822e-01 2.000077306164047830e-01 2.000770760341971100e-01 2.000770758539069660e-01 2.000077299757176963e-01
2.005875804811252383e-01 2.001660134167889682e-01 2.001908286470313048e-01 2.001908283752013573e-01 2.001660127544278300e-01
2.031217592248936166e-01 2.024006343109823747e-01 2.006475276808919461e-01 2.006475274588252478e-01 2.024006336381859450e-01
1.962538521711147121e-01 2.085224620076387425e-01 2.024119555586917085e-01 2.024119554579843494e-01 2.085224614465744641e-01
1.178620546974898931e-01 2.007134081096655642e-01 2.104988273832959500e-01 2.104988274173161811e-01 2.007134079734227972e-01
1.964123435682932073e-01 2.085721500654011962e-01 2.023849925656039106e-01 2.023849926901123419e-01 2.085721502922729120e-01
2.032285258500141634e-01 2.024360364415940527e-01 2.006364711817271440e-01 2.006364713971440228e-01 2.024360368379862773e-01
2.006447138681816400e-01 2.001960317875746409e-01 2.001928797332258869e-01 2.001928799397205694e-01 2.001960322164778872e-01
2.000756932057128068e-01 2.000225026650066795e-01 2.000795137196476337e-01 2.000795138794139449e-01 2.000225030468052723e-01
2.000079203663089056e-01 2.000278375388055974e-01 2.000455320802814740e-01 2.000455321747736936e-01 2.000278377945862995e-01
1.999786891807407430e-01 1.999836445394635454e-01 1.999830353510848313e-01 1.999830353962590290e-01 1.999836446702128734e-01
1.998529409008877877e-01 1.998525518028491932e-01 1.998521157200749410e-01 1.998521157407095461e-01 1.998525518787668820e-01
2.000160244826345302e-01 2.000157835331073664e-01 2.000159193750494779e-01 2.000159193916362654e-01 2.000157835985721111e-01
2.002395103982282376e-01 2.002394965445010167e-01 2.002395742938679057e-01 2.002395743050437715e-01 2.002394965946541205e-01
2.006020366142288180e-01 2.006020668279549501e-01 2.006020856418425646e-01 2.006020856519416251e-01 2.006020668584742594e-01
1.714546753546405677e-01 1.714547014977802486e-01 1.714547004347772019e-01 1.714547004480690140e-01 1.714547015176769162e-01
2.795373929202403518e-02 2.795375048912366808e-02 2.795375343028838264e-02 2.795375343437772608e-02 2.795375049359371741e-02
