2.800952106933605329e-02 2.801040258746258921e-02 2.801073507975202284e-02 2.800974944717619930e-02 2.800878396420344515e-02
1.716394686456712559e-01 1.716419207731856855e-01 1.716449558436796141e-01 1.716433108107483507e-01 1.716380542933022002e-01
2.008441318088598493e-01 2.008391212725694486e-01 2.008375801184120180e-01 2.008367786339555483e-01 2.008330329791784830e-01
2.005363391362098568e-01 2.005228148528574172e-01 2.005180687104372028e-01 2.005144432886089845e-01 2.004997191088024322e-01
2.002003075652442343e-01 2.001705026281580813e-01 2.001583663769782861e-01 2.001541597074920631e-01 2.001289476961938263e-01
1.996532429560018140e-01 1.996347488066787801e-01 1.995779847829518838e-01 1.995277813010103984e-01 1.995178286074353324e-01
1.993048744025088803e-01 1.993125350653201233e-01 1.992488139300290506e-01 1.991640408996151190e-01 1.991582238003691274e-01
1.989859110124754527e-01 1.991553168475592717e-01 1.993725472216903993e-01 1.992671530118639289e-01 1.989750648361154339e-01
1.989431297949386668e-01 1.990840159299235579e-01 1.994322404446371155e-01 1.993836497329151136e-01 1.989118662640978474e-01
2.001748469748615422e-01 1.997219652130637901e-01 1.999393809561601232e-01 1.999634773204416738e-01 1.996548035577375146e-01
1.990679202763375732e-01 1.995374968396105564e-01 2.000270559370264656e-01 2.000606869853366887e-01 1.995258255286193605e-01
1.816221147127797253e-01 1.930997983084212222e-01 1.994194857862274517e-01 1.994163245760413872e-01 1.928616627428552666e-01
9.924935554879429911e-02 1.509728658795667366e-01 1.948045386022127790e-01 1.947825699523865473e-01 1.506143740093122130e-01
3.365452701100197976e-03 8.548270866715425298e-02 1.597025194842267293e-01 1.598092597056737507e-01 8.546219382357275740e-02
1.021729635094960897e-01 1.525328580667027756e-01 1.945363505923097258e-01 1.946356001286263793e-01 1.525500759478871926e-01
1.820870611742994860e-01 1.933063823361119149e-01 1.994011872693582654e-01 1.994056566359813931e-01 1.932712915970882794e-01
1.984590685680871214e-01 1.990023177159422896e-01 1.996205388711258799e-01 1.996406804525245327e-01 1.990359374477000676e-01
1.962733682134444879e-01 1.956818674059490060e-01 1.960415566132123477e-01 1.960426863012035004e-01 1.957252622101183781e-01
1.659035876823851952e-01 1.650043500500127380e-01 1.644748225035497780e-01 1.645551268534602429e-01 1.651671046482986738e-01
8.178601667538486220e-02 8.112647949190256169e-02 8.043153272521827435e-02 8.053390436581359113e-02 8.129526422300231703e-02
1.657094791524554023e-01 1.657527938247343735e-01 1.658318193671134977e-01 1.658541467294850358e-01 1.657906364801637888e-01
1.961985261090765098e-01 1.962363985880017925e-01 1.962674680847352748e-01 1.962658132758214879e-01 1.962359679983622096e-01
1.998850130497531186e-01 1.998898325144040089e-01 1.998981873485294047e-01 1.998976854702301242e-01 1.998874773576318209e-01
1.999986153565516400e-01 1.999868150987899607e-01 1.999809812794906549e-01 1.999822429028715320e-01 1.999873672534990821e-01
1.687825815882924851e-01 1.687712021041041788e-01 1.687594872353393727e-01 1.687598997612947405e-01 1.687712063634932425e-01
2.742552277085434642e-02 2.742434607848069986e-02 2.742210465590809096e-02 2.742146209075415481e-02 2.742314969756390330e-02
