2.019814568925265563e-01 2.019814568904044205e-01 2.019814569075029653e-01 2.019814568907934704e-01
2.289595623286759807e-01 2.289595623182564266e-01 2.289595623313618600e-01 2.289595623226845233e-01
1.935842101990162545e-01 1.935842101907375434e-01 1.935842101836380003e-01 1.935842101683249161e-01
1.898360837327011386e-01 1.898360837176804872e-01 1.898360837128317546e-01 1.898360837033369886e-01
2.046033817623813533e-01 2.046033817534281263e-01 2.046033817618513051e-01 2.046033817347796546e-01
2.121529406159479714e-01 2.121529406115943150e-01 2.121529405912321586e-01 2.121529405745088415e-01
2.047033334088514123e-01 2.047033334130458626e-01 2.047033333704710856e-01 2.047033333702476532e-01
1.893694736889685593e-01 1.893694736675279600e-01 1.893694736465774409e-01 1.893694736408646495e-01
1.892524920527756394e-01 1.892524920492350826e-01 1.892524919862444144e-01 1.892524920110804643e-01
2.045929390502774781e-01 2.045929390594465880e-01 2.045929390430799022e-01 2.045929390290400496e-01
2.121925745648050865e-01 2.121925745472423019e-01 2.121925745353112902e-01 2.121925745329623358e-01
2.046301248689281205e-01 2.046301248730207911e-01 2.046301248819445417e-01 2.046301248724075872e-01
1.890563611980484726e-01 1.890563612096253787e-01 1.890563612231383472e-01 1.890563612201066057e-01
1.891420367363794985e-01 1.891420367487449683e-01 1.891420367578414974e-01 1.891420367621917953e-01
2.046921177427831195e-01 2.046921177603144848e-01 2.046921177788883772e-01 2.046921177802749625e-01
2.121942980614279772e-01 2.121942980785939126e-01 2.121942980959580505e-01 2.121942981060974398e-01
2.046050915926022618e-01 2.046050916073393899e-01 2.046050916286675514e-01 2.046050916365611816e-01
1.893024862785261109e-01 1.893024862918581408e-01 1.893024863053641982e-01 1.893024863134658009e-01
1.893806623307143777e-01 1.893806623423691937e-01 1.893806623531604227e-01 1.893806623626375363e-01
2.045999408982715484e-01 2.045999409053896323e-01 2.045999409109068023e-01 2.045999409147997716e-01
2.119036368737944043e-01 2.119036368820688965e-01 2.119036368877112997e-01 2.119036368929864134e-01
2.045992359210963007e-01 2.045992359322998111e-01 2.045992359428241425e-01 2.045992359515438064e-01
1.896185305034423230e-01 1.896185305142825683e-01 1.896185305165835888e-01 1.896185305244628694e-01
1.896077160076985457e-01 1.896077160170248355e-01 1.896077160181809107e-01 1.896077160238590353e-01
1.665732090321754566e-01 1.665732090338828131e-01 1.665732090346249694e-01 1.665732090373651109e-01
1.886610361477438977e-02 1.886610361477790085e-02 1.886610361444317208e-02 1.886610361483893883e-02
