3.191310913599749825e-03 3.195333974401021095e-03 3.204996198264122454e-03 3.204996252161003336e-03 3.195334054305916296e-03
4.062038816778302391e-02 4.066752575583001267e-02 4.077159304217484875e-02 4.077159366219972741e-02 4.066752666324460752e-02
1.702400136171001443e-01 1.702746272660542182e-01 1.703878441383983866e-01 1.703878447807515295e-01 1.702746281037615939e-01
1.987558995809295959e-01 1.987475250281138806e-01 1.987655700894789268e-01 1.987655701350890813e-01 1.987475249998397198e-01
2.000001168486977288e-01 1.999996505302668870e-01 1.999998722672310658e-01 1.999998722538316176e-01 1.999996504320249724e-01
1.982707787465324001e-01 1.982860795037050816e-01 1.982988036873078175e-01 1.982988037661294889e-01 1.982860794656221559e-01
1.917148710730385841e-01 1.917941625046278853e-01 1.919201669764187268e-01 1.919201676296615200e-01 1.917941633580082517e-01
1.977855053751189918e-01 1.979194953729985773e-01 1.981584708851947541e-01 1.981584714279670811e-01 1.979194959496464179e-01
1.994900030093233190e-01 1.994936541999560997e-01 1.996412768429045581e-01 1.996412766798341676e-01 1.994936537133459309e-01
2.000322062383693145e-01 1.998321145985750835e-01 1.998584547292903413e-01 1.998584545270579715e-01 1.998321142091937508e-01
1.994128335453854428e-01 1.996081064378295578e-01 1.995049700321451791e-01 1.995049702105834988e-01 1.996081062403610717e-01
1.897258869594672381e-01 1.950825696549746691e-01 1.970240161728993855e-01 1.970240171627326009e-01 1.950825704926202053e-01
1.270119189401597293e-01 1.588665984953272214e-01 1.842981705170604334e-01 1.842981714725407116e-01 1.588665991580824888e-01
2.043209601960692054e-02 7.838123699013510581e-02 1.243435974758226592e-01 1.243435976058557130e-01 7.838123713140091042e-02
1.271431002586665693e-01 1.590262857510761629e-01 1.843916970425283075e-01 1.843916970763664342e-01 1.590262863096756907e-01
1.905059656882572838e-01 1.958354373250655311e-01 1.976715854048037568e-01 1.976715856870469301e-01 1.958354380541918460e-01
1.995628774296702157e-01 1.997463930726565695e-01 1.996316013602381645e-01 1.996316016823238559e-01 1.997463938014968077e-01
2.000332960194231291e-01 1.998295227088500436e-01 1.998568772175816077e-01 1.998568774617114074e-01 1.998295234252330799e-01
1.995760735287577525e-01 1.995889876854265443e-01 1.997202139434518797e-01 1.997202142154577975e-01 1.995889882824909978e-01
1.996888721222090934e-01 1.997901933491529058e-01 1.999148642224104488e-01 1.999148643480304632e-01 1.997901939777593228e-01
1.997880932458190317e-01 1.998140747917746540e-01 1.998296451203277757e-01 1.998296451419794284e-01 1.998140749818345940e-01
1.999976121190841505e-01 2.000000570003369338e-01 2.000005637690925597e-01 2.000005637891888455e-01 2.000000571268697180e-01
2.002277050387829549e-01 2.002270548533562622e-01 2.002273846785108391e-01 2.002273847083855252e-01 2.002270550046481301e-01
2.005902983842172416e-01 2.005904721107946986e-01 2.005915028868994199e-01 2.005915029031127839e-01 2.005904722176115595e-01
1.714446738770436518e-01 1.714451069388867321e-01 1.714460244515839116e-01 1.714460244619377127e-01 1.714451069871944511e-01
2.795066588360970231e-02 2.795067527173340782e-02 2.795075729683943813e-02 2.795075729508867887e-02 2.795067527209415745e-02
