1.886312895704769788e-02 1.886312895560861985e-02 1.886312894756371830e-02 1.886312894989486053e-02
1.665582269162521056e-01 1.665582268964848345e-01 1.665582267999410893e-01 1.665582268218901429e-01
1.895421749450036109e-01 1.895421748981219734e-01 1.895421746786027650e-01 1.895421747266882451e-01
1.895694952373616904e-01 1.895694952224688534e-01 1.895694951446759147e-01 1.895694951608025147e-01
2.045909154832205590e-01 2.045909154795008678e-01 2.045909154594320323e-01 2.045909154561378063e-01
2.118611901259461749e-01 2.118611901215151083e-01 2.118611901019226973e-01 2.118611900954190663e-01
2.043604089013852654e-01 2.043604088692306253e-01 2.043604087543368364e-01 2.043604087658564827e-01
1.875025739138857506e-01 1.875025738689186650e-01 1.875025736635435036e-01 1.875025736796687159e-01
1.876859787172199256e-01 1.876859786982989220e-01 1.876859786314666045e-01 1.876859786086344795e-01
2.044264918182546464e-01 2.044264918184086344e-01 2.044264917925467939e-01 2.044264917821015659e-01
2.112511010439933057e-01 2.112511010367255915e-01 2.112511010039328507e-01 2.112511010089367647e-01
1.920443054543018724e-01 1.920443054543705119e-01 1.920443054116520720e-01 1.920443053815037160e-01
8.174400888426697209e-02 8.174400887502143720e-02 8.174400879431162337e-02 8.174400878348447863e-02
8.174400875917786635e-02 8.174400877845955371e-02 8.174400885662191918e-02 8.174400883959843933e-02
1.920443053557322755e-01 1.920443053755573060e-01 1.920443054275701167e-01 1.920443054223661128e-01
2.112511009726640021e-01 2.112511009849507293e-01 2.112511010013120583e-01 2.112511010038684578e-01
2.044264917694100792e-01 2.044264917776756618e-01 2.044264918149566179e-01 2.044264918190424607e-01
1.876859787831353654e-01 1.876859787875863883e-01 1.876859788888670666e-01 1.876859789052663374e-01
1.875025738816344656e-01 1.875025738861007540e-01 1.875025740666179663e-01 1.875025740978319977e-01
2.043604088012720144e-01 2.043604088120292706e-01 2.043604088861075974e-01 2.043604089056493822e-01
2.118611900938490999e-01 2.118611901006673959e-01 2.118611901078053528e-01 2.118611901145665832e-01
2.045909154599888369e-01 2.045909154647709838e-01 2.045909154791137330e-01 2.045909154838048971e-01
1.895694952431650482e-01 1.895694952406782596e-01 1.895694953013272732e-01 1.895694953144848593e-01
1.895421748329243761e-01 1.895421748215806168e-01 1.895421749827315150e-01 1.895421750043614906e-01
1.665582268373088926e-01 1.665582268333463956e-01 1.665582269000846216e-01 1.665582269098822843e-01
1.886312895204201104e-02 1.886312895215505256e-02 1.886312895466009734e-02 1.886312895599888753e-02
