2.039805427487693112e-01 2.039805801013114817e-01 2.039804932800405590e-01 2.039804286561219260e-01
2.505478952135970494e-01 2.505480459720823561e-01 2.505476956152609680e-01 2.505474787542960047e-01
2.489682489870457260e-01 2.489683267970810299e-01 2.489682294729462786e-01 2.489680625663467928e-01
2.403554663957268855e-01 2.403550460666201427e-01 2.403558293168223670e-01 2.403561168632403766e-01
2.306201013772729014e-01 2.306202882050325531e-01 2.306197506638765493e-01 2.306195222026341252e-01
2.198530371980666198e-01 2.198531758233722433e-01 2.198527681754824659e-01 2.198526059508130182e-01
2.257889099504426789e-01 2.257888989383513845e-01 2.257887858671269732e-01 2.257887115273959355e-01
2.299777678403825965e-01 2.299780179711833905e-01 2.299778257027111916e-01 2.299775737593665326e-01
2.312911867978055258e-01 2.312908799758101597e-01 2.312911793039186537e-01 2.312915791303294666e-01
2.246184769906061363e-01 2.246184843274467990e-01 2.246184909484695014e-01 2.246185427605361384e-01
2.188669699135595559e-01 2.188667849555186729e-01 2.188672513856358137e-01 2.188674539148836584e-01
2.304584226723366269e-01 2.304580565324988173e-01 2.304590248842634526e-01 2.304593754816920415e-01
2.446722092040113095e-01 2.446723168808437321e-01 2.446714294860018735e-01 2.446713112367829013e-01
2.446718120491737647e-01 2.446722116307893102e-01 2.446717534775350589e-01 2.446713629117102384e-01
2.304584630577476145e-01 2.304580994828121787e-01 2.304590267554601779e-01 2.304593795485700147e-01
2.188669903514689485e-01 2.188667887474568807e-01 2.188672952086092305e-01 2.188674970957682209e-01
2.246186001003737387e-01 2.246185567640687220e-01 2.246186792747559557e-01 2.246187767000571711e-01
2.312915002658824937e-01 2.312913498074987140e-01 2.312915427243120992e-01 2.312917401192483569e-01
2.299781304500896906e-01 2.299782988911976966e-01 2.299781712628506947e-01 2.299779656873050804e-01
2.257890103817188909e-01 2.257889954623229223e-01 2.257889669728924686e-01 2.257889478555168417e-01
2.198530110439067820e-01 2.198531026366335461e-01 2.198528244907217710e-01 2.198527549574291473e-01
2.306202507773909005e-01 2.306203914878745542e-01 2.306199709356605565e-01 2.306198533877997503e-01
2.403557763507115363e-01 2.403556746811756351e-01 2.403564006343169024e-01 2.403565005050539438e-01
2.489687488555388517e-01 2.489686926722617932e-01 2.489685175288450236e-01 2.489685815836607807e-01
2.505479832797955497e-01 2.505480944957449996e-01 2.505478228076138403e-01 2.505477224369028755e-01
2.039804588124125573e-01 2.039804845013956092e-01 2.039804207785124168e-01 2.039803925777432803e-01
