6.319850974429468062e-05 2.225531705036590084e-03 3.860207251569295391e-03 2.225531858842662129e-03
8.847005840068443427e-03 2.323613340947151482e-02 3.637992385035663384e-02 2.323613503039787670e-02
9.416056712948368823e-02 1.228214593996994203e-01 1.488030177555260125e-01 1.228214624281641493e-01
1.745275618820542329e-01 1.833693891257752728e-01 1.893050704825469388e-01 1.833693877970241914e-01
2.034150781914005612e-01 2.044725079226218378e-01 2.045532882754493575e-01 2.044725068476308527e-01
2.118761343562542698e-01 2.108614778826430058e-01 2.103415497807759882e-01 2.108614774122491431e-01
1.962333681568932398e-01 1.958235984254322049e-01 1.960563994406854804e-01 1.958236006159796427e-01
1.802100452353599946e-01 1.825010555618880315e-01 1.849414033571129268e-01 1.825010542920864620e-01
1.855572198613126278e-01 1.863079592171967280e-01 1.869454678112134338e-01 1.863079300681906025e-01
2.042364521599603078e-01 2.043188789693584917e-01 2.043374312427571338e-01 2.043188664159360513e-01
2.112029766697854638e-01 2.111483501828957388e-01 2.111061621128835497e-01 2.111483551594686425e-01
1.914552820527230526e-01 1.913067042474260737e-01 1.911735315759906240e-01 1.913067527185865480e-01
8.148963743843092022e-02 8.130643856695403404e-02 8.112242528624272198e-02 8.130644285766473744e-02
8.138785433876898068e-02 8.137169247292944108e-02 8.135455712059584676e-02 8.137138772689825328e-02
1.917464056636734027e-01 1.917591867318356458e-01 1.917717379628151864e-01 1.917590100787036067e-01
2.109376235461666027e-01 2.109405158930343915e-01 2.109434685470416015e-01 2.109405148875568292e-01
1.995005023749675810e-01 1.995079976405696454e-01 1.995150608844630524e-01 1.995076625976706097e-01
1.346101801385653773e-01 1.346376374120690500e-01 1.346652576469279661e-01 1.346375680632494187e-01
1.355523752837053397e-01 1.356091222233658800e-01 1.356685208496686557e-01 1.356121280865103251e-01
2.002017293906565854e-01 2.002240416252939470e-01 2.002470534675594160e-01 2.002252907181548691e-01
2.118587985754093184e-01 2.118570800702274937e-01 2.118564227932678290e-01 2.118570839701486297e-01
1.996701991111379526e-01 1.996733463663173669e-01 1.996767104075863053e-01 1.996732274387954809e-01
1.289069942372016719e-01 1.289488101855725266e-01 1.289921384455386677e-01 1.289502544491455405e-01
1.278009651716913997e-01 1.279453741685439294e-01 1.280965365176128246e-01 1.279522326333636939e-01
1.609218518063920134e-01 1.609859339286794089e-01 1.610530797820498294e-01 1.609890378074571304e-01
1.862752241173073683e-02 1.863200336833108553e-02 1.863669834808644524e-02 1.863222080721244414e-02
