1.611688064189122083e-02 1.894041628450129910e-02 2.039065287443648025e-02 1.894041619325174258e-02
1.622038305096811517e-01 1.659077800830991156e-01 1.684310670335070481e-01 1.659077788352905647e-01
1.783443827255698499e-01 1.794045551292634266e-01 1.800403673538538696e-01 1.794045523559509303e-01
1.793536284628536037e-01 1.794991958440688706e-01 1.795835955593967637e-01 1.794991951487653337e-01
2.038540078039406955e-01 2.038477472580323413e-01 2.038497730174964051e-01 2.038477472215574904e-01
2.118636200183849627e-01 2.118566382686598859e-01 2.118606173881394106e-01 2.118566382325362818e-01
2.019997188285547751e-01 2.020851357988148189e-01 2.021848862286109993e-01 2.020851352495977860e-01
1.603163177402096018e-01 1.605208492676650223e-01 1.607356136892530429e-01 1.605208480290708228e-01
1.607665545116220562e-01 1.608213766862924554e-01 1.608767783596458667e-01 1.608213764262172996e-01
2.023348895741733933e-01 2.023386322080268085e-01 2.023402966416997795e-01 2.023386322149346439e-01
2.120668918969761674e-01 2.120670527896778568e-01 2.120674016701904196e-01 2.120670527871196531e-01
2.014805821948020548e-01 2.015082158166553450e-01 2.015386743902171096e-01 2.015082157239905247e-01
1.516576271254982677e-01 1.517255857922621687e-01 1.517957558966166742e-01 1.517255855893194505e-01
1.517068328086611517e-01 1.517250666879265686e-01 1.517434507008076361e-01 1.517250667603348424e-01
2.015072538592035389e-01 2.015083971679516306e-01 2.015091025683949100e-01 2.015083972047541083e-01
2.120670865700652608e-01 2.120670254855569203e-01 2.120669335128833322e-01 2.120670254826347856e-01
2.023394877973950234e-01 2.023464003116484111e-01 2.023537455278268948e-01 2.023464005060222615e-01
1.609030960397597743e-01 1.609202016967448690e-01 1.609376536459984630e-01 1.609202022422068223e-01
1.606165392454615426e-01 1.606211683205334417e-01 1.606258238852849018e-01 1.606211688612882438e-01
2.020938862680249637e-01 2.020941814485491261e-01 2.020944097906856585e-01 2.020941816331977559e-01
2.118473483467347429e-01 2.118473012833131108e-01 2.118472394617970656e-01 2.118473012965919888e-01
2.038530647658555461e-01 2.038541343028131558e-01 2.038552470986347287e-01 2.038541344766910679e-01
1.795599281361612287e-01 1.795626813849088010e-01 1.795654726882215668e-01 1.795626820545266344e-01
1.792310200573244139e-01 1.792318456787944103e-01 1.792326829004134425e-01 1.792318469704093642e-01
1.656219766790512082e-01 1.656220731307200267e-01 1.656221727435626123e-01 1.656220736663178428e-01
1.882419813638494185e-02 1.882420470403445636e-02 1.882421189745645679e-02 1.882420473759256752e-02
