2.019814584653479572e-01 2.019814584784671019e-01 2.019814581204579240e-01 2.019814580891130806e-01
2.289595633329845059e-01 2.289595633154463683e-01 2.289595627948559919e-01 2.289595627146220613e-01
1.935842109234109931e-01 1.935842108896407288e-01 1.935842106628138382e-01 1.935842105741620578e-01
1.898360849411942219e-01 1.898360848859918237e-01 1.898360845820916964e-01 1.898360844912393985e-01
2.046033830868076442e-01 2.046033830898169315e-01 2.046033828747230998e-01 2.046033827529963600e-01
2.121529410958999107e-01 2.121529411051912561e-01 2.121529408460000043e-01 2.121529407347372553e-01
2.047033332722239529e-01 2.047033332579878684e-01 2.047033330924148131e-01 2.047033329896861542e-01
1.893694718665847876e-01 1.893694717356055324e-01 1.893694716436679359e-01 1.893694714904333998e-01
1.892524899232540248e-01 1.892524891656520991e-01 1.892524891488897854e-01 1.892524888653215887e-01
2.045929374623529085e-01 2.045929376021620727e-01 2.045929373404879181e-01 2.045929370916694801e-01
2.121925730210735273e-01 2.121925739015751156e-01 2.121925736499327697e-01 2.121925736010214225e-01
2.046301234955332782e-01 2.046301246222088643e-01 2.046301245156162962e-01 2.046301247653189159e-01
1.890563594747112219e-01 1.890563601520111325e-01 1.890563603066546805e-01 1.890563604555255961e-01
1.891420360171413295e-01 1.891420362315857084e-01 1.891420364022232126e-01 1.891420366730577618e-01
2.046921178517990825e-01 2.046921179960239090e-01 2.046921182499588654e-01 2.046921185539392340e-01
2.121942986569327338e-01 2.121942987223293386e-01 2.121942989463779239e-01 2.121942992434099895e-01
2.046050925533522691e-01 2.046050925553105915e-01 2.046050926341176357e-01 2.046050928682496550e-01
1.893024871574710277e-01 1.893024872364506561e-01 1.893024872686653315e-01 1.893024873142055697e-01
1.893806630303664362e-01 1.893806630978213390e-01 1.893806631316358735e-01 1.893806631519267536e-01
2.045999411560655845e-01 2.045999412015493402e-01 2.045999412211822466e-01 2.045999412427425002e-01
2.119036369971566969e-01 2.119036370227300736e-01 2.119036370388996116e-01 2.119036370636092903e-01
2.045992360353215134e-01 2.045992360493128215e-01 2.045992360585766334e-01 2.045992360851185687e-01
1.896185305861688430e-01 1.896185305982824587e-01 1.896185306004178339e-01 1.896185306181044361e-01
1.896077159904011045e-01 1.896077159982962890e-01 1.896077159996761297e-01 1.896077160065310907e-01
1.665732089823896422e-01 1.665732089807490102e-01 1.665732089772586910e-01 1.665732089816681638e-01
1.886610355371416345e-02 1.886610355247492557e-02 1.886610354931292019e-02 1.886610355066273628e-02
