1.746840074890588512e-01 1.746878261248646647e-01 1.746723425931728246e-01 1.746664234553886585e-01 1.746677205087890372e-01
2.216539283743288180e-01 2.216500205084789843e-01 2.216378177592009946e-01 2.216379526961564650e-01 2.216240447080934095e-01
2.038940221899673277e-01 2.038952109618161479e-01 2.038861592067721662e-01 2.038372586491009886e-01 2.038063084474001641e-01
2.001604296071403388e-01 2.001694036164453072e-01 2.001502814362113580e-01 2.000413903493029333e-01 2.000237370487980837e-01
1.995138439989738166e-01 1.994858932726883693e-01 1.995015031370875325e-01 1.994101727377659561e-01 1.994170483977989183e-01
1.996013872190346428e-01 1.995970990896039632e-01 1.996066210758976889e-01 1.996373233161264360e-01 1.996421217852330787e-01
2.000366582655318248e-01 2.000487705706296138e-01 2.000729468526417087e-01 2.000822083524367578e-01 2.000801413929368944e-01
2.003040127892515565e-01 2.002963266552048316e-01 2.003082554105134472e-01 2.002637203918832820e-01 2.002978582949455633e-01
2.002294585601012977e-01 2.001664076870721676e-01 2.001159250894630759e-01 2.000932055149213795e-01 2.001407143383671650e-01
1.993085920341109984e-01 1.993398862859148690e-01 1.993289847514179147e-01 1.993526556792037385e-01 1.993640712224732658e-01
1.974580204460822386e-01 1.976317183957079227e-01 1.976809184956818122e-01 1.977471605863378445e-01 1.977399598284049487e-01
1.994653600384672099e-01 1.995902173754267594e-01 1.996196471146450824e-01 1.996928171321944723e-01 1.996968830362587655e-01
1.997934030057796906e-01 1.998245409673479467e-01 1.998160794469349966e-01 1.998439231325177534e-01 1.998662126836046327e-01
1.963529995590642951e-01 1.963620308944012682e-01 1.963396898406761237e-01 1.963207686007293618e-01 1.963286256829661069e-01
1.660931725717635921e-01 1.661875148072876895e-01 1.661218995568639056e-01 1.659765031547084935e-01 1.659483581059281176e-01
8.107165373189233193e-02 8.155049862092700330e-02 8.173587205225510410e-02 8.136506622515536635e-02 8.095129681455924542e-02
1.656886641563106444e-01 1.661300351899542005e-01 1.663988768748185798e-01 1.661217225722143032e-01 1.656853617157082181e-01
1.961987961414771720e-01 1.962518639022138023e-01 1.962855557770210868e-01 1.962528366030689420e-01 1.962010499417209397e-01
1.996510208853427837e-01 1.996521672381408874e-01 1.996530384706789174e-01 1.996525500341017334e-01 1.996515030895182063e-01
1.996377463283825482e-01 1.996375592228533113e-01 1.996357437043315142e-01 1.996347197828609865e-01 1.996356610576791868e-01
1.985369656522488480e-01 1.985464829539590192e-01 1.985506984453420942e-01 1.985437015066287281e-01 1.985351193045481744e-01
1.996751599840135005e-01 1.996855930581998007e-01 1.996923190142078364e-01 1.996859721932719711e-01 1.996755417941886435e-01
2.002055160050488503e-01 2.002067484983856838e-01 2.002075584756965176e-01 2.002067997968516033e-01 2.002056476764513260e-01
2.005900839560458282e-01 2.005901690047983688e-01 2.005902287753713598e-01 2.005901842403055024e-01 2.005901186571436012e-01
1.714446346870527049e-01 1.714446467586814293e-01 1.714446791277813575e-01 1.714446894390318776e-01 1.714446688491987891e-01
2.794932369962546681e-02 2.794932815959290384e-02 2.794934480937231666e-02 2.794935119909730536e-02 2.794933978523798240e-02
