3.110620447694950261e-03 3.753537999630830301e-03 4.066895512628300111e-03 3.753537992171245268e-03
3.349951401777616355e-02 3.565723884523974013e-02 3.731435414028434761e-02 3.565723866006898640e-02
8.865020517945328138e-02 9.212589692909271821e-02 9.500463276636644805e-02 9.212589393338846411e-02
1.455058611520619050e-01 1.465400054662158724e-01 1.471393886972587606e-01 1.465399937458780610e-01
2.014227535143432446e-01 2.014650646817717494e-01 2.014751985241422516e-01 2.014650592421149689e-01
2.093300777924769762e-01 2.090174182575923467e-01 2.089007672343317912e-01 2.090174175923006361e-01
1.764265865292885538e-01 1.758094641137659397e-01 1.753206143106814385e-01 1.758094633192010536e-01
1.230619963637871600e-01 1.223700183708528316e-01 1.216425214052259812e-01 1.223700139129904885e-01
1.324178625873256021e-01 1.323023678378870971e-01 1.321133408283419464e-01 1.323023537566284935e-01
1.997841446440110635e-01 1.997945771074471633e-01 1.997973862913563214e-01 1.997945706594555504e-01
2.114472069650319419e-01 2.114145425734421380e-01 2.114172939785985972e-01 2.114145417617454281e-01
1.971922745144057409e-01 1.969819659219295693e-01 1.967907249395621783e-01 1.969819651205104438e-01
1.500897932882983010e-01 1.496693423070482587e-01 1.492353348590044204e-01 1.496693390211465691e-01
1.516725727882562158e-01 1.515747562837690965e-01 1.514596796897703102e-01 1.515747468724095437e-01
2.014942253076011103e-01 2.014937063338046452e-01 2.014923711533685435e-01 2.014937016178094953e-01
2.118471874239541419e-01 2.118511264837617536e-01 2.118631542502858733e-01 2.118511254152957435e-01
1.989421080696258948e-01 1.989844651781842444e-01 1.990296474116879655e-01 1.989844649768535145e-01
1.324328241744994750e-01 1.325254470116936090e-01 1.326119426988365824e-01 1.325254567985991172e-01
1.330768796181697466e-01 1.331015400307437591e-01 1.331198153727084776e-01 1.331015807261141104e-01
1.998951859325103497e-01 1.998956210761836660e-01 1.998956224555114014e-01 1.998956378948735790e-01
2.118342809052969899e-01 2.118344055679864391e-01 2.118370410240644763e-01 2.118344050563446268e-01
2.013308680368444403e-01 2.013671268660104097e-01 2.014037573496863243e-01 2.013671274352246687e-01
1.499377760807041882e-01 1.500246112244112140e-01 1.501078075030650438e-01 1.500246447268347716e-01
1.492154520187587707e-01 1.492424357062396012e-01 1.492656389898230074e-01 1.492425697884006142e-01
1.629059056192580512e-01 1.629094471622501983e-01 1.629117390801836096e-01 1.629095072423183965e-01
1.871142789148004526e-02 1.871170659142751616e-02 1.871183469110179048e-02 1.871171078222516604e-02
