2.729693069869373323e-01 1.974456412202894862e-01 1.829517556703872394e-01 1.974456410580595067e-01
2.504014486236084136e-01 2.444082395811703612e-01 2.416474996818129550e-01 2.444082387609655405e-01
2.399480204111386628e-01 2.502846582336317183e-01 2.533970847258749104e-01 2.502846626810654729e-01
2.408226324027448462e-01 2.412050971369643082e-01 2.433806257025064590e-01 2.412050914798359313e-01
2.356029364984833507e-01 2.302388494821704656e-01 2.279202772347180828e-01 2.302388483428267629e-01
2.223709901303556058e-01 2.198391815230184843e-01 2.178973249274984147e-01 2.198391799210560327e-01
2.261554644447667795e-01 2.257394249948960763e-01 2.243978109879569971e-01 2.257394223891009966e-01
2.288049736977633697e-01 2.300759306535928583e-01 2.299573343166115003e-01 2.300759315038806430e-01
2.306763859207946743e-01 2.308640274155375482e-01 2.306143497554348498e-01 2.308640296598671315e-01
2.246634606189588379e-01 2.243830823310118405e-01 2.245382957783597366e-01 2.243830791764063748e-01
2.180689030926419025e-01 2.188810691712536893e-01 2.202686821472135681e-01 2.188810674378448562e-01
2.283339627309744491e-01 2.302076551100178670e-01 2.325874878283881175e-01 2.302076553457472752e-01
2.466831688488986263e-01 2.442670572059183198e-01 2.415437615368308810e-01 2.442670468080767598e-01
2.445854570901641323e-01 2.444099175839685167e-01 2.436084263196746647e-01 2.444099279748179476e-01
2.283333118092213398e-01 2.301928787474247784e-01 2.320953067001874648e-01 2.301928788893697342e-01
2.180467832556551022e-01 2.187983073758405228e-01 2.198718303665352647e-01 2.187983097781362185e-01
2.244522355949302717e-01 2.245433563568734747e-01 2.247574465226675200e-01 2.245433600856643064e-01
2.311097296833590498e-01 2.314211675228318443e-01 2.314842686374758707e-01 2.314211642487263576e-01
2.298554954013513618e-01 2.299732297817888016e-01 2.298712011146179235e-01 2.299732292784415211e-01
2.260253892674886356e-01 2.257868109215635799e-01 2.256139320289266281e-01 2.257868135079857952e-01
2.204557743409706061e-01 2.198365390857446866e-01 2.193251003131671262e-01 2.198365404536218037e-01
2.310760386009625689e-01 2.302943346945215963e-01 2.295165066391100239e-01 2.302943354724084901e-01
2.381609553184305117e-01 2.395259265650876712e-01 2.408226758884186303e-01 2.395259294418350116e-01
2.484643421226950255e-01 2.481313456432414633e-01 2.477702279912651073e-01 2.481313434924317940e-01
2.506668806629809843e-01 2.501950071900978512e-01 2.497350467387915995e-01 2.501950077399155425e-01
2.040628434622241971e-01 2.039471846553188028e-01 2.038370095526303438e-01 2.039471847625710099e-01
