3.089993300775634080e-03 3.093996635941972159e-03 3.095096987929136373e-03 3.095096243119547803e-03 3.093995736919174545e-03
4.010548806787597037e-02 4.014515077049300024e-02 4.015788703515568020e-02 4.015787970994006556e-02 4.014514170737468191e-02
1.701283512995594993e-01 1.701926766715822215e-01 1.701903895060226379e-01 1.701903843394211857e-01 1.701926705993906386e-01
1.987314983398372759e-01 1.987570463186387193e-01 1.987457405902364194e-01 1.987457455590933564e-01 1.987570461196425942e-01
1.999986127646193601e-01 1.999976779333860200e-01 1.999985799707521827e-01 1.999985556999072933e-01 1.999976194356905268e-01
1.983503973566394241e-01 1.983467415386054866e-01 1.983520267470902931e-01 1.983520097663414028e-01 1.983466372096397146e-01
1.920907494669260585e-01 1.921298707755019208e-01 1.921454808954725368e-01 1.921455029698723449e-01 1.921297590490298191e-01
1.981211850878996650e-01 1.981972727016403368e-01 1.981978987926293345e-01 1.981978943098860191e-01 1.981971760014834549e-01
1.998534638720768364e-01 1.999020159161031263e-01 1.999078726469775691e-01 1.999078078293465011e-01 1.999019264388643968e-01
1.999539630708829507e-01 1.999521054948403265e-01 1.999708705188621982e-01 1.999707703858235319e-01 1.999519153961547557e-01
1.999947832543450543e-01 1.999116139708890794e-01 1.999061617767952381e-01 1.999060980563628631e-01 1.999115041846004914e-01
1.999239868068099224e-01 1.997730669288183269e-01 1.995552747833833351e-01 1.995552740476653764e-01 1.997730376166207411e-01
1.996923447210316449e-01 2.008984894299169210e-01 2.000444928773623676e-01 2.000445175915672447e-01 2.008984745019769258e-01
1.891591175149555659e-01 2.000188768690975283e-01 2.009708299425213285e-01 2.009707614565032219e-01 2.000186890933670636e-01
1.989352041038608132e-01 2.002274619110481491e-01 1.996443373830488754e-01 1.996442315158534764e-01 2.002272371532013706e-01
2.002549514394922903e-01 2.000890393892949537e-01 1.999097019289892141e-01 1.999096731760965362e-01 2.000889768745628683e-01
2.000618856650684674e-01 1.999877960993003134e-01 1.999728382417131911e-01 1.999728394874344950e-01 1.999877955204405200e-01
1.998646067591221820e-01 1.999150920307438684e-01 1.999160914935596556e-01 1.999160964240953020e-01 1.999150767492648972e-01
1.978479629639336157e-01 1.981106883656320317e-01 1.983270152334537517e-01 1.983269521599583529e-01 1.981105332430148636e-01
1.916767489995061247e-01 1.919016125128033545e-01 1.921691994875896203e-01 1.921691064131771098e-01 1.919014329560700394e-01
1.982698084181418463e-01 1.983010471161995858e-01 1.983508274422522699e-01 1.983508013009531723e-01 1.983010016557629207e-01
1.999986622584437601e-01 1.999983890582834878e-01 1.999985689564403313e-01 1.999985691582293890e-01 1.999983894732225431e-01
1.987140789341688418e-01 1.987672295951552759e-01 1.987662381547734003e-01 1.987662420237741034e-01 1.987672143274286374e-01
1.700389181617657786e-01 1.702870265838445918e-01 1.704970415688192575e-01 1.704969823206416712e-01 1.702868791774148627e-01
4.048934570355172680e-02 4.069149728612000277e-02 4.092636522620056450e-02 4.092629584626381045e-02 4.069136020581633206e-02
3.184614317935861773e-03 3.202662627354778153e-03 3.223039504717617118e-03 3.223034554507346345e-03 3.202652354161054059e-03
