9.212229066289261414e-01 1.696316295898124271e-01 3.105598205969580250e-01 1.696316288970153296e-01
1.828362312367967368e-01 2.772868504649060317e-01 2.856579399930549990e-01 2.772868481752283620e-01
2.488117662842050659e-01 2.631313714719480390e-01 2.179926524054247028e-01 2.631313685182318785e-01
2.214361980642143291e-01 2.176244914612980863e-01 2.088113578589208819e-01 2.176244925281926312e-01
2.206108340409997648e-01 2.173895699877103627e-01 2.188494433590754407e-01 2.173895662364808412e-01
2.164232126025432690e-01 2.180988600375838582e-01 2.217846504102188587e-01 2.180988586503012083e-01
2.245709279666681379e-01 2.251621398511647332e-01 2.290583331299323455e-01 2.251621403019071765e-01
2.352094986618322725e-01 2.314029240822306766e-01 2.292046727025431607e-01 2.314029239558194062e-01
2.314848516779801357e-01 2.324637290892804520e-01 2.320332082604149304e-01 2.324637301402992517e-01
2.236774428366802570e-01 2.254578195788501105e-01 2.264596880220097197e-01 2.254578211597152992e-01
2.171559012317830772e-01 2.177774123696465391e-01 2.185823932178530826e-01 2.177774145066345146e-01
2.188844845750640422e-01 2.189996957598770722e-01 2.194997281922633214e-01 2.189996974505889760e-01
2.171966420206166426e-01 2.168472492756778336e-01 2.166101864199873606e-01 2.168472466878428873e-01
2.170569588241511028e-01 2.171808196206143626e-01 2.171687513531294633e-01 2.171808161873199083e-01
2.187211712417668208e-01 2.188500303716032491e-01 2.189348195987233514e-01 2.188500315641818406e-01
2.175967365781898144e-01 2.175232851913717902e-01 2.174628440361694171e-01 2.175232864641062080e-01
2.247156987275710782e-01 2.245823275916396522e-01 2.243968893024096412e-01 2.245823291182763304e-01
2.310718589989377292e-01 2.313625939339410964e-01 2.316039723001858119e-01 2.313625894515639048e-01
2.301947046653289863e-01 2.301628687295098064e-01 2.301474410705316997e-01 2.301628685102697358e-01
2.257683318419044793e-01 2.256212660066092002e-01 2.254942378144294268e-01 2.256212665146705432e-01
2.185368215662177038e-01 2.184384234869218011e-01 2.183389223686473812e-01 2.184384240877936534e-01
2.192423859649284268e-01 2.191785594906065782e-01 2.190971138936920193e-01 2.191785606524176699e-01
2.135229167323949295e-01 2.136395846058204706e-01 2.137459504260670051e-01 2.136395762539925469e-01
2.217606820290053959e-01 2.217257922199981635e-01 2.216947280042624313e-01 2.217257988816045133e-01
2.395960680568500756e-01 2.395571845825910096e-01 2.395196428588669268e-01 2.395571844937259554e-01
2.029568783042264846e-01 2.029482244893242859e-01 2.029391038107559442e-01 2.029482245052655620e-01
