2.795143537047911630e-02 2.795160619543462371e-02 2.795158443724704220e-02 2.795158442887875350e-02 2.795160618489584206e-02
1.714458119880613585e-01 1.714461806730545601e-01 1.714460446746962352e-01 1.714460446500461754e-01 1.714461806279131972e-01
2.005916036554338810e-01 2.005918073087829823e-01 2.005916738715346204e-01 2.005916738583737868e-01 2.005918072495896098e-01
2.002266410814601827e-01 2.002266978851448276e-01 2.002266696198593265e-01 2.002266696087803555e-01 2.002266978196374780e-01
2.000002089297244767e-01 2.000000138458545018e-01 2.000000019617874936e-01 2.000000019451229072e-01 2.000000137921496834e-01
1.998334950323122361e-01 1.998325531907103325e-01 1.998321359931274355e-01 1.998321359889803639e-01 1.998325531733386173e-01
1.999617903392089391e-01 1.999595501006513065e-01 1.999551820201183328e-01 1.999551820182119966e-01 1.999595500915472279e-01
2.000070806992549632e-01 2.000148396880132295e-01 2.000008990132000064e-01 2.000008990158479161e-01 2.000148396726690314e-01
1.999897373054554395e-01 2.000133415660129976e-01 2.000162743018866762e-01 2.000162743070114657e-01 2.000133415739784870e-01
2.003107667876926901e-01 2.000162064364712222e-01 2.000023882460411073e-01 2.000023882482383497e-01 2.000162064572079679e-01
2.021773810586110220e-01 2.005433023677246906e-01 2.000001116675198531e-01 2.000001116684614055e-01 2.005433023821140415e-01
2.090439802287740456e-01 2.064451595761004898e-01 2.004510666245276906e-01 2.004510666210077841e-01 2.064451595595854783e-01
1.899834669343466176e-01 2.200094652757016989e-01 2.033763447604086116e-01 2.033763447631167509e-01 2.200094652465301448e-01
3.753885859472212011e-02 1.962325906709350698e-01 2.216185806155187843e-01 2.216185806133169622e-01 1.962325906538744669e-01
1.899818395886789801e-01 2.200096995528671995e-01 2.033767615509282367e-01 2.033767615409094454e-01 2.200096995058599125e-01
2.090423711267030138e-01 2.064445276091328441e-01 2.004511541199542335e-01 2.004511541014410703e-01 2.064445277783630572e-01
2.021777205023554125e-01 2.005434905099267306e-01 2.000003204822307090e-01 2.000003204594156814e-01 2.005434905415551528e-01
2.003109700903714374e-01 2.000163383471898482e-01 2.000023968629680016e-01 2.000023968490221571e-01 2.000163383548128337e-01
1.999879742857689768e-01 2.000122194454946045e-01 2.000146710218717039e-01 2.000146710164471542e-01 2.000122194581968604e-01
1.999617438710195039e-01 1.999715635444903050e-01 1.999576824259107211e-01 1.999576824141696130e-01 1.999715635407199044e-01
1.998375972401101597e-01 1.998363455433166402e-01 1.998327015817217556e-01 1.998327015800951123e-01 1.998363455357594909e-01
2.000015090899069092e-01 2.000003918204299180e-01 2.000000001859265075e-01 2.000000002007489563e-01 2.000003918657741742e-01
2.002270558208725793e-01 2.002267883479559862e-01 2.002266540788785187e-01 2.002266540999742828e-01 2.002267884069495185e-01
2.005917456414231803e-01 2.005924634105561433e-01 2.005919713866429754e-01 2.005919714073317595e-01 2.005924634625637915e-01
1.714497227181652206e-01 1.714520734656927725e-01 1.714521406135725290e-01 1.714521406359687250e-01 1.714520735054301526e-01
2.796641135894757657e-02 2.796768443920741309e-02 2.796822739321569787e-02 2.796822739974575908e-02 2.796768445057662769e-02
