2.795061663702798002e-02 2.795061813123658409e-02 2.795061784351944231e-02 2.795061784568502600e-02 2.795061813799370673e-02
1.714457217090732954e-01 1.714457245091253190e-01 1.714457220949466010e-01 1.714457220898485124e-01 1.714457244986655193e-01
2.005916834285502437e-01 2.005916863588070309e-01 2.005916811514416587e-01 2.005916811357189300e-01 2.005916863196765265e-01
2.002266584441395880e-01 2.002266660839108758e-01 2.002266653942879338e-01 2.002266653770211624e-01 2.002266660396275211e-01
2.000000607136681596e-01 2.000000046089865924e-01 2.000000006358659266e-01 2.000000006198573987e-01 2.000000045720360387e-01
1.998326315022645461e-01 1.998322575404056500e-01 1.998321365190928456e-01 1.998321365127862514e-01 1.998322575485073083e-01
1.999574152146582351e-01 1.999563670143312821e-01 1.999549713364563996e-01 1.999549713178855048e-01 1.999563670340679111e-01
2.000023646440291514e-01 2.000043689912029410e-01 1.999993451759748964e-01 1.999993451528599697e-01 2.000043689875779795e-01
1.999944317448719144e-01 2.000055054353546413e-01 2.000056628013957560e-01 2.000056627880993088e-01 2.000055054349530459e-01
2.000951632462157348e-01 2.000058261836439866e-01 2.000008036010540169e-01 2.000008035944436935e-01 2.000058261926108416e-01
2.008007763762659770e-01 2.001785720259619539e-01 1.999998912902058723e-01 1.999998912938198981e-01 2.001785720550671444e-01
2.038809505515353782e-01 2.023622181420920152e-01 2.001482989584709715e-01 2.001482989599830953e-01 2.023622181632217798e-01
1.988474681976922509e-01 2.087897950025354721e-01 2.012905474142656637e-01 2.012905474076480128e-01 2.087897950022296334e-01
1.211154999736440835e-01 2.014702349320696972e-01 2.087541526286905424e-01 2.087541526265412339e-01 2.014702349448413699e-01
1.988473932735339289e-01 2.087897395661579281e-01 2.012904933481207415e-01 2.012904933487761061e-01 2.087897395767196462e-01
2.038807894700465084e-01 2.023620676967980148e-01 2.001481557486936569e-01 2.001481557471084805e-01 2.023620677032324511e-01
2.008009842058034455e-01 2.001787788484445940e-01 2.000000984856632746e-01 2.000000984861367570e-01 2.001787788625006004e-01
2.000952041760772626e-01 2.000058670195191124e-01 2.000008431915245577e-01 2.000008431915927254e-01 2.000058670355449875e-01
1.999929306371539817e-01 2.000040114843906758e-01 2.000041635300401077e-01 2.000041635338958568e-01 2.000040114999554475e-01
1.999586787105088748e-01 1.999607044610116069e-01 1.999556807526876034e-01 1.999556807545750381e-01 1.999607044671730949e-01
1.998346631484164693e-01 1.998336256573844949e-01 1.998322372484231113e-01 1.998322372461785457e-01 1.998336256575032610e-01
2.000004958829247059e-01 2.000001206857429104e-01 2.000000000863552119e-01 2.000000000874639916e-01 2.000001206972674972e-01
2.002267227310398912e-01 2.002266665475852248e-01 2.002266613475350010e-01 2.002266613493257907e-01 2.002266665599812534e-01
2.005916749626224793e-01 2.005916899762734129e-01 2.005916841548128493e-01 2.005916841580520915e-01 2.005916899876612480e-01
1.714457090181462917e-01 1.714457342622433267e-01 1.714457306501927514e-01 1.714457306531019798e-01 1.714457342663243677e-01
2.795061172978728289e-02 2.795062439508842408e-02 2.795062890050022120e-02 2.795062890113217055e-02 2.795062439504848728e-02
