1.885468937288620195e-01 1.885471558949467774e-01 1.885438080659148918e-01 1.885390379359456470e-01 1.885405391609607795e-01
2.625455508352835809e-01 2.625489056245059460e-01 2.625311144089209070e-01 2.625122727711974302e-01 2.625147498591629547e-01
2.956810616383342416e-01 2.957005732668707143e-01 2.955905425997449321e-01 2.954927673357454210e-01 2.955135717966864695e-01
2.536296981592652267e-01 2.536295911339251918e-01 2.535092695918423900e-01 2.534126659123803749e-01 2.534103489902562178e-01
2.526075041668059962e-01 2.525778108564469826e-01 2.525489156246060185e-01 2.525502866321668871e-01 2.525239737895590975e-01
2.911555710956251763e-01 2.910950855426987505e-01 2.912462966532883835e-01 2.914077971075128004e-01 2.913158136387006825e-01
2.444846333161548591e-01 2.444928088959401891e-01 2.445767544609654121e-01 2.446400184790017696e-01 2.445327499058136400e-01
2.235846093830428094e-01 2.239036056391592588e-01 2.235490841205227119e-01 2.231206555528015001e-01 2.230014814980900151e-01
2.432602430788931847e-01 2.444533943944852128e-01 2.434753377530483043e-01 2.418048534184471243e-01 2.415391957565006242e-01
2.863500155406293879e-01 2.893966874419877100e-01 2.871848710158811935e-01 2.827718652344875516e-01 2.822621120202049583e-01
2.434278525816112315e-01 2.461583060627950403e-01 2.440593994513963194e-01 2.400261922833002992e-01 2.395987710034768181e-01
2.131445223564973346e-01 2.139385689209743757e-01 2.132948188721651983e-01 2.120821217370859324e-01 2.119573426308016817e-01
2.032386408642194997e-01 2.034797507292824825e-01 2.032826523849487199e-01 2.029274255826619966e-01 2.028860718462880686e-01
2.007271638657891211e-01 2.007829597387126297e-01 2.007307980881766762e-01 2.006452848985895432e-01 2.006303289396676737e-01
2.003044079567760372e-01 2.002976194935379983e-01 2.002720819318611067e-01 2.002559239974896765e-01 2.002579418423505730e-01
1.999800673165691434e-01 2.000935459711288000e-01 2.000912632182384188e-01 2.000596046777903259e-01 2.002773455701171157e-01
2.000741747408075477e-01 2.002302551691460819e-01 2.002903746174425348e-01 2.002680472947805657e-01 2.003924012918900377e-01
2.000826201933387227e-01 2.000977661213460546e-01 2.000950111255238029e-01 2.001022367928735057e-01 2.001764002001584219e-01
1.994223452626043003e-01 1.994353791713784907e-01 1.994314066458343360e-01 1.994185909188075367e-01 1.994193014299371070e-01
1.992495677629119166e-01 1.992510843795074205e-01 1.992501956427602527e-01 1.992487778050752723e-01 1.992469259768480661e-01
1.996495409248891795e-01 1.996495840775714126e-01 1.996496463573490254e-01 1.996503685844449871e-01 1.996506711609890294e-01
2.001720184372712819e-01 2.001722295740727131e-01 2.001726591707868319e-01 2.001732234318405190e-01 2.001735721604419038e-01
2.004784171534822190e-01 2.004785132308881668e-01 2.004788018839208097e-01 2.004790664040285997e-01 2.004792467234438602e-01
2.007973356251875063e-01 2.007973743264787891e-01 2.007975722247138939e-01 2.007976474797720234e-01 2.007976496807086231e-01
1.716068193332226655e-01 1.716068402923209002e-01 1.716069021238161019e-01 1.716068944099384541e-01 1.716068915124805416e-01
2.800492772191867305e-02 2.800493284933203153e-02 2.800495486754626603e-02 2.800495895579707337e-02 2.800495124003214015e-02
