2.795061730549913692e-02 2.795061728803451342e-02 2.795061731890773754e-02 2.795061734065485207e-02 2.795061733098579485e-02
1.714457218575835551e-01 1.714457217974071912e-01 1.714457218509522207e-01 1.714457218755922607e-01 1.714457218330225075e-01
2.005916798458000638e-01 2.005916797091533976e-01 2.005916797392739148e-01 2.005916797502239057e-01 2.005916796118728529e-01
2.002266412810815022e-01 2.002266411464720952e-01 2.002266410155099652e-01 2.002266409002799730e-01 2.002266407482990451e-01
1.999999147897931762e-01 1.999999147977381264e-01 1.999999145909557297e-01 1.999999144011408159e-01 1.999999144050497168e-01
1.998321205262977851e-01 1.998321206073689627e-01 1.998321205327003858e-01 1.998321204731340339e-01 1.998321205500319386e-01
1.999548728633621653e-01 1.999548728579839951e-01 1.999548728822410359e-01 1.999548728675230314e-01 1.999548728765576100e-01
1.999985233654065775e-01 1.999985232248391864e-01 1.999985232698533455e-01 1.999985232824365022e-01 1.999985231367248373e-01
1.999996615682691214e-01 1.999996614760435054e-01 1.999996613275074608e-01 1.999996611509635147e-01 1.999996609507337653e-01
1.999983672693063375e-01 1.999983673641588244e-01 1.999983671110006633e-01 1.999983668266589465e-01 1.999983668146989302e-01
1.999994841201116480e-01 1.999994842424520636e-01 1.999994841415188296e-01 1.999994840568460608e-01 1.999994841462917339e-01
1.999999381982782987e-01 1.999999382078092025e-01 1.999999382254564473e-01 1.999999382225569888e-01 1.999999382338721876e-01
1.999996854651662215e-01 1.999996853283312337e-01 1.999996853742880554e-01 1.999996854057435325e-01 1.999996852533006408e-01
1.999935927141321124e-01 1.999935926544452458e-01 1.999935924585509450e-01 1.999935922584910042e-01 1.999935920413421775e-01
1.999723385686998922e-01 1.999723387045150846e-01 1.999723383936826970e-01 1.999723380555109842e-01 1.999723380400594275e-01
1.999947632415261245e-01 1.999947633783117351e-01 1.999947632536465680e-01 1.999947631453705132e-01 1.999947632381267881e-01
1.999999999274087725e-01 1.999999999343109736e-01 1.999999999390133232e-01 1.999999999331700529e-01 1.999999999382746918e-01
1.999947605832021469e-01 1.999947604436049242e-01 1.999947604749342800e-01 1.999947605144589136e-01 1.999947603498731519e-01
1.998922729076830773e-01 1.998922728532640802e-01 1.998922725816114077e-01 1.998922723486851183e-01 1.998922721401213409e-01
1.995348638682910292e-01 1.995348640205417134e-01 1.995348636247542273e-01 1.995348632345664286e-01 1.995348632344393081e-01
1.999117504093381181e-01 1.999117505515021209e-01 1.999117504025423875e-01 1.999117502857382378e-01 1.999117503751502711e-01
1.999999999906534875e-01 2.000000000021782964e-01 1.999999999986797894e-01 1.999999999986167287e-01 2.000000000030732195e-01
1.999119941431368175e-01 1.999119940045553379e-01 1.999119940307137744e-01 1.999119940789351180e-01 1.999119939134856028e-01
1.981882483209673196e-01 1.981882482591622585e-01 1.981882479770809835e-01 1.981882477503990603e-01 1.981882475372937769e-01
1.921393479623506040e-01 1.921393481200393272e-01 1.921393477202945899e-01 1.921393473218596937e-01 1.921393473037524002e-01
1.983525868422739702e-01 1.983525869864311286e-01 1.983525868449210749e-01 1.983525867325725833e-01 1.983525867994938297e-01
2.000000000047697235e-01 2.000000000160659930e-01 2.000000000173556003e-01 2.000000000188300875e-01 2.000000000318783167e-01
1.987471084088882900e-01 1.987471083010476369e-01 1.987471083137875016e-01 1.987471083456923693e-01 1.987471082101891218e-01
1.701708142851368621e-01 1.701708143144939900e-01 1.701708139781406837e-01 1.701708136819606865e-01 1.701708134883066770e-01
4.011063980934445605e-02 4.011063993136862460e-02 4.011063958747595332e-02 4.011063921913103625e-02 4.011063916473552732e-02
3.087693401247261840e-03 3.087693404417271234e-03 3.087693379703734028e-03 3.087693350336174428e-03 3.087693340721166420e-03
