3.082881747963295890e-03 3.084046695241232650e-03 3.084773690041403647e-03 3.084773706005943233e-03 3.084046740468161189e-03
4.008763084992592735e-02 4.009256369838087863e-02 4.009256422354259830e-02 4.009256445521511281e-02 4.009256410795004888e-02
1.701610748564043041e-01 1.701691068734784984e-01 1.701659403950059601e-01 1.701659405854664964e-01 1.701691071972091518e-01
1.987427236503834238e-01 1.987486554849502707e-01 1.987466659458472507e-01 1.987466657354351185e-01 1.987486552180618149e-01
1.999986134656888959e-01 1.999991774024946489e-01 1.999998455071716474e-01 1.999998452805953619e-01 1.999991771311381283e-01
1.983623644571897993e-01 1.983536129011498617e-01 1.983472327934523716e-01 1.983472328416050756e-01 1.983536129878575582e-01
1.921532463214447595e-01 1.921485891415272429e-01 1.921390256059252177e-01 1.921390259442693760e-01 1.921485896575272634e-01
1.981769916306840851e-01 1.981903528148915294e-01 1.981883713471555286e-01 1.981883715670761104e-01 1.981903531789205863e-01
1.998248253962132681e-01 1.998812033437906699e-01 1.999099383357636484e-01 1.999099380694552841e-01 1.998812030096010495e-01
1.996326731409756583e-01 1.997936052261268247e-01 1.999790780043007032e-01 1.999790776918398405e-01 1.997936048588896396e-01
1.994770552453168921e-01 1.994954169354475892e-01 1.997421285585633532e-01 1.997421285886723796e-01 1.994954170674689553e-01
1.996431543731473079e-01 1.993415253135988330e-01 1.995167658418197099e-01 1.995167662046904156e-01 1.993415258860026795e-01
1.982479612001810110e-01 1.993553476261067381e-01 1.998909759599183933e-01 1.998909761557580156e-01 1.993553479826041808e-01
1.804866445907914452e-01 1.930306605604470982e-01 1.996927559060512614e-01 1.996927555368989693e-01 1.930306600890689672e-01
9.765321496154800995e-02 1.510976154593064169e-01 1.957571265367761826e-01 1.957571261388574291e-01 1.510976149903825172e-01
5.898389307437362870e-04 8.555539040270347673e-02 1.623492868603452766e-01 1.623492868369283137e-01 8.555539044922463865e-02
9.765321573182215997e-02 1.510976165993901110e-01 1.957571284327543071e-01 1.957571286727836923e-01 1.510976170333100665e-01
1.804866445465204416e-01 1.930306604987661323e-01 1.996927559700241717e-01 1.996927561271908402e-01 1.930306608583231553e-01
1.982479602615025149e-01 1.993553472136178339e-01 1.998909753321074789e-01 1.998909749007799774e-01 1.993553467045399430e-01
1.996431509710925034e-01 1.993415221069907151e-01 1.995167619914576251e-01 1.995167615166430486e-01 1.993415214672649149e-01
1.994770546649706766e-01 1.994954162802966835e-01 1.997421274892945131e-01 1.997421274221766185e-01 1.994954162310137169e-01
1.996326729216468809e-01 1.997936050935626984e-01 1.999790777282891008e-01 1.999790778576316375e-01 1.997936053067898843e-01
1.998248252633179622e-01 1.998812032434177932e-01 1.999099381256008168e-01 1.999099381850434620e-01 1.998812033805041910e-01
1.981769912732357641e-01 1.981903529771089911e-01 1.981883713464143992e-01 1.981883708767359642e-01 1.981903523996943473e-01
1.921532447429429857e-01 1.921485879306130684e-01 1.921390238645653281e-01 1.921390233250440671e-01 1.921485871987095861e-01
1.983623641036510454e-01 1.983536125785480830e-01 1.983472320224066998e-01 1.983472318894951569e-01 1.983536124482172536e-01
1.999986131014943602e-01 1.999991770575936523e-01 1.999998448951950392e-01 1.999998449730542582e-01 1.999991771596860146e-01
1.987427235405959947e-01 1.987486553539499767e-01 1.987466657529814440e-01 1.987466657693935379e-01 1.987486554047952214e-01
1.701610762755219053e-01 1.701691090033433662e-01 1.701659427625562548e-01 1.701659422402541089e-01 1.701691083788777203e-01
4.008763841782873177e-02 4.009257198104587000e-02 4.009257268013165926e-02 4.009257220492709606e-02 4.009257131719869832e-02
3.082883292989511363e-03 3.084048310652324435e-03 3.084775350927174576e-03 3.084775313177956762e-03 3.084048253346713658e-03
