3.082881012007941939e-03 3.084045945614500434e-03 3.084772922478131590e-03 3.084772932087132252e-03 3.084045971598000074e-03
4.008762670113867610e-02 4.009255955973425184e-02 4.009256008530098087e-02 4.009256026076008644e-02 4.009255985289907065e-02
1.701610739518466531e-01 1.701691059421688579e-01 1.701659395337997982e-01 1.701659396587445194e-01 1.701691061430244956e-01
1.987427238306584687e-01 1.987486556099757884e-01 1.987466662731843248e-01 1.987466659713690020e-01 1.987486552012192320e-01
1.999986139561220067e-01 1.999991779237267342e-01 1.999998464322091940e-01 1.999998461002059080e-01 1.999991775072482159e-01
1.983623647713823324e-01 1.983536133903007481e-01 1.983472336127431179e-01 1.983472336780003065e-01 1.983536134830222730e-01
1.921532476769465814e-01 1.921485905729288513e-01 1.921390270700921721e-01 1.921390274442268953e-01 1.921485911154500181e-01
1.981769921121285805e-01 1.981903531870964907e-01 1.981883716029496090e-01 1.981883717843800907e-01 1.981903535033867070e-01
1.998248257127223648e-01 1.998812035983607016e-01 1.999099388560822421e-01 1.999099384612434971e-01 1.998812031101797893e-01
1.996326741122202708e-01 1.997936063413945362e-01 1.999790798175416495e-01 1.999790793862494531e-01 1.997936058225688316e-01
1.994770557310877324e-01 1.994954177977781296e-01 1.997421299329781297e-01 1.997421299801691308e-01 1.994954178742745499e-01
1.996431556558962428e-01 1.993415268303160015e-01 1.995167673020841748e-01 1.995167676687115144e-01 1.993415273411850708e-01
1.982479616158823454e-01 1.993553480305145786e-01 1.998909762319866779e-01 1.998909763675415507e-01 1.993553482727820070e-01
1.804866449786833305e-01 1.930306608792156375e-01 1.996927566559367206e-01 1.996927561267992923e-01 1.930306601698611735e-01
9.765321567708488970e-02 1.510976166103199236e-01 1.957571291416942971e-01 1.957571285676317219e-01 1.510976159275545794e-01
5.898383065483711867e-04 8.555539033647137359e-02 1.623492881133744015e-01 1.623492880413626438e-01 8.555539038714556066e-02
9.765321584128591748e-02 1.510976170352085757e-01 1.957571293552397840e-01 1.957571295721990123e-01 1.510976175134840505e-01
1.804866446688316306e-01 1.930306605852612489e-01 1.996927561420026587e-01 1.996927562792534527e-01 1.930306609342215540e-01
1.982479604436371279e-01 1.993553477201839286e-01 1.998909762872462248e-01 1.998909757011216870e-01 1.993553469574734782e-01
1.996431528659689536e-01 1.993415246407273245e-01 1.995167652302517192e-01 1.995167645698822101e-01 1.993415237115552519e-01
1.994770551743456355e-01 1.994954171594323367e-01 1.997421287463454487e-01 1.997421286423931019e-01 1.994954170875545829e-01
1.996326735196744528e-01 1.997936056552263862e-01 1.999790783610686240e-01 1.999790785047005914e-01 1.997936059096473704e-01
1.998248254769920962e-01 1.998812033166098567e-01 1.999099382172800921e-01 1.999099383246713824e-01 1.998812034125929116e-01
1.981769911613049107e-01 1.981903531140802588e-01 1.981883719213486106e-01 1.981883714471001645e-01 1.981903523183509985e-01
1.921532453080763148e-01 1.921485889900205746e-01 1.921390256445301148e-01 1.921390250678512712e-01 1.921485880659696832e-01
1.983623640558126455e-01 1.983536128019443567e-01 1.983472326378879214e-01 1.983472325244091949e-01 1.983536126897566254e-01
1.999986131747916451e-01 1.999991771737029411e-01 1.999998450968921704e-01 1.999998451783147335e-01 1.999991773144514928e-01
1.987427234557390676e-01 1.987486552592983569e-01 1.987466656457035630e-01 1.987466657438642093e-01 1.987486553140584145e-01
1.701610740925607046e-01 1.701691070320538735e-01 1.701659410978337006e-01 1.701659408119239880e-01 1.701691064436579859e-01
4.008763021526343812e-02 4.009256394452701683e-02 4.009256496889481575e-02 4.009256463268595638e-02 4.009256332557228214e-02
3.082881743826782275e-03 3.084046750597444018e-03 3.084773784657391868e-03 3.084773752762100772e-03 3.084046679017132895e-03
