1.884194346297280928e-02 1.884192537799901992e-02 1.884194616070074615e-02 1.884197130179316240e-02
1.661333816633891458e-01 1.661335244318954685e-01 1.661339103045903764e-01 1.661337938992693830e-01
1.853703902683481453e-01 1.853710071471362797e-01 1.853720400214756703e-01 1.853721479851888898e-01
1.856445602535927164e-01 1.856437114675953681e-01 1.856440338501203768e-01 1.856437761662342589e-01
2.042354769907329948e-01 2.042352303828799120e-01 2.042351507496946994e-01 2.042351311182565854e-01
2.110788990924599429e-01 2.110790115534834366e-01 2.110790816904173084e-01 2.110788724932482763e-01
1.922114859022103495e-01 1.922123593006914710e-01 1.922165440483857290e-01 1.922161393736514234e-01
8.285491436966099799e-02 8.285523614556709882e-02 8.286642627397573790e-02 8.286599187329550531e-02
8.264808751070261417e-02 8.264442504742348927e-02 8.265500384615472040e-02 8.265731128954009743e-02
1.921447805091149041e-01 1.921422015205093425e-01 1.921450180124443796e-01 1.921465047692312578e-01
2.109749916936645431e-01 2.109733057273908141e-01 2.109727241887947025e-01 2.109725115128870954e-01
1.991496446157363931e-01 1.991401210810475053e-01 1.991185933203178660e-01 1.991237924481317201e-01
1.305962962022343410e-01 1.305869416401954919e-01 1.305435746716930856e-01 1.305510225628445931e-01
1.314767272303560552e-01 1.314964131585601714e-01 1.315138596184956821e-01 1.314920072347523783e-01
1.998517845624349365e-01 1.998646081810620534e-01 1.998756442590474136e-01 1.998661961773653961e-01
2.120312705364953698e-01 2.120368083340834209e-01 2.120289290715612618e-01 2.120332595849820090e-01
1.999707055153518431e-01 1.999417199216434460e-01 1.999049683733777061e-01 1.999319210277346048e-01
1.322562654240126145e-01 1.322076386890536637e-01 1.321332321166246160e-01 1.321839130056611245e-01
1.312306144937946395e-01 1.312553346113957131e-01 1.313065648874504610e-01 1.312794206328439239e-01
1.991819312002172382e-01 1.992035881797958319e-01 1.992278263887134748e-01 1.992064781900994563e-01
2.109802312147654735e-01 2.109776892228686362e-01 2.109753834908062176e-01 2.109638675886383319e-01
1.921066330499779373e-01 1.921081611796792710e-01 1.921189911426432473e-01 1.921076467970028179e-01
8.235976319498931886e-02 8.230503641782450919e-02 8.224254822701028422e-02 8.228039532215783436e-02
8.279292936165374983e-02 8.253392985372168256e-02 8.227332288222889700e-02 8.250303098728446749e-02
1.923360041441530000e-01 1.922021340197788142e-01 1.920983234035770482e-01 1.921910447719635540e-01
2.111280614646137144e-01 2.111197990514533385e-01 2.111490015361500716e-01 2.111119578275420239e-01
2.042741789989335199e-01 2.042777168604273386e-01 2.043224499059002053e-01 2.042752039894493166e-01
1.861048274408057535e-01 1.861374021211700536e-01 1.859046370948820026e-01 1.861346359194183120e-01
1.876939419790127628e-01 1.866008323872925811e-01 1.837572229226947518e-01 1.865968557785001591e-01
1.761815891687183999e-01 1.669863312846618097e-01 1.531807720590119271e-01 1.669846501022924923e-01
2.522766866411401201e-02 1.974937926808905883e-02 9.498088492278853115e-03 1.974923151275023367e-02
