2.093460245017575994e-01 2.093458331170802156e-01 2.093454978023449875e-01 2.093456342029587913e-01
2.557637454021856049e-01 2.557635171075212654e-01 2.557627936994162354e-01 2.557628240899837424e-01
2.831097449003823208e-01 2.831096613167531917e-01 2.831077952603231473e-01 2.831073462729156165e-01
2.813038581154377327e-01 2.813035726189040964e-01 2.812954758926271004e-01 2.812939865393320749e-01
2.331556289593690046e-01 2.331543162615085096e-01 2.331512097864038846e-01 2.331500639225915217e-01
2.247682167025508160e-01 2.247673809726243310e-01 2.247665071386868441e-01 2.247660616652899235e-01
2.328714029509647565e-01 2.328706977400963052e-01 2.328695249941524215e-01 2.328697858499277629e-01
2.788836705582627973e-01 2.788820009701559743e-01 2.788796344333946409e-01 2.788806660439672180e-01
2.789134719934047713e-01 2.789139975736403265e-01 2.789096553292105818e-01 2.789097097270534231e-01
2.318700971918308540e-01 2.318704992442740531e-01 2.318678556107806044e-01 2.318684782892133922e-01
2.185480908307124992e-01 2.185476419943501447e-01 2.185463938154992847e-01 2.185466853173149426e-01
2.059911377820658196e-01 2.059918221631764079e-01 2.059910331736940214e-01 2.059911315071084048e-01
1.899855446716631757e-01 1.899851103159364285e-01 1.899839746154738107e-01 1.899847301954574463e-01
1.897891752055282100e-01 1.897901657458392066e-01 1.897902272655705991e-01 1.897909897759975373e-01
2.047481441866265683e-01 2.047485975730981844e-01 2.047492415296369439e-01 2.047490929521349756e-01
2.122456346155335294e-01 2.122448998678680421e-01 2.122433383554101771e-01 2.122416623742296171e-01
2.047894365121707971e-01 2.047983340482477377e-01 2.047962789543549267e-01 2.048072416331891965e-01
1.892686015435553482e-01 1.892900622571839497e-01 1.892952730211736601e-01 1.892989582219720690e-01
1.889744733137503352e-01 1.889804717308315729e-01 1.889844971751896419e-01 1.889884012642913946e-01
2.044749556048142958e-01 2.044755964985745245e-01 2.044775595259304413e-01 2.044786443398885212e-01
2.121655965460673698e-01 2.121662333212588347e-01 2.121646208059417560e-01 2.121649629085933797e-01
2.045143787951377856e-01 2.045146033616545012e-01 2.045093871576793843e-01 2.045140327140364256e-01
1.891012948282020378e-01 1.890895171998547841e-01 1.890810332796622750e-01 1.890899805316839377e-01
1.892675039448077634e-01 1.892552620570683575e-01 1.892933992644548757e-01 1.892560674145798150e-01
2.041891423102225323e-01 2.044377743060133423e-01 2.047654426739143885e-01 2.044384881454406611e-01
2.115547067227107336e-01 2.116592038429125633e-01 2.115171316207120067e-01 2.116595523926613487e-01
2.046145315265262554e-01 2.046075107448268315e-01 2.036258097571374270e-01 2.046074807074764745e-01
1.893533223293585865e-01 1.874149348688668171e-01 1.855121196142321405e-01 1.874149436648225309e-01
1.692468785216286187e-01 1.671692551429201645e-01 1.750859835871007852e-01 1.671692629473719716e-01
8.318459825747291647e-02 1.329242582413103779e-01 2.191886375228853379e-01 1.329242589937693064e-01
3.695095173904241505e-03 4.534622423918333728e-02 1.719182577424950009e-01 4.534622404728400058e-02
