1.887474693304237033e-02 1.887474626066217714e-02 1.887474370500075854e-02 1.887474441701398123e-02
1.666080391637151381e-01 1.666080288176179924e-01 1.666079983421825395e-01 1.666080087838476276e-01
1.896466818647337405e-01 1.896466615248614818e-01 1.896465872116280538e-01 1.896466081644063439e-01
1.896095307023308030e-01 1.896095320558160158e-01 1.896094730682477136e-01 1.896094749159904780e-01
2.045956621038838574e-01 2.045956666648437727e-01 2.045956497247406747e-01 2.045956466981308508e-01
2.119542142327939527e-01 2.119541851438355162e-01 2.119541515549643873e-01 2.119541590795106234e-01
2.046158161894262306e-01 2.046154983917000680e-01 2.046148927288013453e-01 2.046151443237410605e-01
1.890122557403469128e-01 1.890116014669523670e-01 1.890099180626053366e-01 1.890104871824073995e-01
1.888937271598323531e-01 1.888935112433295094e-01 1.888916179186251043e-01 1.888919214769195221e-01
2.045662963836256398e-01 2.045659461643205834e-01 2.045656367408680010e-01 2.045663738820975575e-01
2.121651968724974080e-01 2.121635542642791306e-01 2.121649114606965481e-01 2.121656998614100120e-01
2.044912012344843044e-01 2.044862045531833372e-01 2.044828429511883483e-01 2.044781623793021919e-01
1.880392072409783066e-01 1.880474822602925533e-01 1.880145938694166019e-01 1.879680766297579242e-01
1.881027089833655630e-01 1.881221250990020577e-01 1.880711477645141128e-01 1.880299710687551307e-01
2.046022600816156112e-01 2.045837121959865057e-01 2.045816865728566913e-01 2.046192041585900567e-01
2.120748884513861954e-01 2.120649995982392122e-01 2.121112018700233859e-01 2.121137710544992172e-01
2.031389360743962591e-01 2.030485113543939180e-01 2.029761541511985179e-01 2.030154779394136855e-01
1.723086207562870842e-01 1.721370689583599511e-01 1.719176918183056568e-01 1.720005587137851677e-01
1.725490489666965943e-01 1.726450111812609933e-01 1.727273173479096646e-01 1.726441598819929146e-01
2.032137501792183054e-01 2.032997027899441644e-01 2.033480768775932923e-01 2.033093847466671544e-01
2.116961348197621828e-01 2.116998159636028776e-01 2.116958718369572889e-01 2.116965644551281611e-01
1.956510465405972843e-01 1.955809247732390732e-01 1.954978895714857001e-01 1.955518025711301400e-01
1.016601794550644755e-01 1.013262155496152117e-01 1.009565495160593268e-01 1.012603318969349242e-01
1.019450083866639684e-01 1.010731314517324259e-01 1.002742847415786648e-01 1.010569277186920412e-01
1.957782131720327556e-01 1.953610813616069863e-01 1.950627787807047708e-01 1.953607688987687996e-01
2.115236295731033611e-01 2.114942990464946659e-01 2.115465187720520224e-01 2.114946640766257047e-01
2.041366590309477702e-01 2.041367301245511356e-01 2.041713235882604560e-01 2.041353212310920706e-01
1.834278603429036758e-01 1.833065539203222183e-01 1.827489808531493620e-01 1.833025766607547513e-01
1.861880258612336747e-01 1.838105661060234763e-01 1.787934257521641146e-01 1.838100605193630221e-01
1.813920016983113781e-01 1.667166277971482702e-01 1.451106373771686442e-01 1.667168267792617231e-01
2.919666527494582317e-02 2.074933894343114482e-02 5.635961700802806507e-03 2.074935510565277877e-02
