1.744564429511995252e-01 1.744467371629838115e-01 1.744512353571345820e-01 1.744512353609413979e-01 1.744467371396901112e-01
2.213665094032454261e-01 2.213511992443694121e-01 2.213515821477452516e-01 2.213515821429747621e-01 2.213511991957171909e-01
2.037858039716837211e-01 2.037890656081240148e-01 2.037682688879206283e-01 2.037682688678662535e-01 2.037890655422403829e-01
2.004264440984020457e-01 2.004730137138839019e-01 2.004213752136075055e-01 2.004213751948157596e-01 2.004730136644594651e-01
2.000116076829081546e-01 2.000296399199421316e-01 2.000149637131621028e-01 2.000149637194496566e-01 2.000296398726236491e-01
2.003285808550272495e-01 2.000124353544303901e-01 2.001037828078756908e-01 2.001037828299399857e-01 2.000124353052462889e-01
2.004706889330114539e-01 2.000482185353271158e-01 2.000328632449440147e-01 2.000328632514858374e-01 2.000482185132366475e-01
2.003918817025839849e-01 2.006721850552373454e-01 2.000139609135897778e-01 2.000139609115847983e-01 2.006721850999917678e-01
2.004348110234508984e-01 2.018564775371328168e-01 2.003425841257735485e-01 2.003425841299077970e-01 2.018564776075538192e-01
2.003410764146864309e-01 2.008788365020388877e-01 2.004462782484165151e-01 2.004462783097519796e-01 2.008788365326249492e-01
2.088085866484652164e-01 2.000028394188336223e-01 2.024900412642375025e-01 2.024900413409982114e-01 2.000028394150589195e-01
2.125672930224241919e-01 2.008812148869227598e-01 2.004479642479621293e-01 2.004479642797537264e-01 2.008812149224487587e-01
2.098437611529898050e-01 2.185645474715355030e-01 2.003392764685576199e-01 2.003392764740681287e-01 2.185645475992935294e-01
2.065441413461070741e-01 2.490295591267939757e-01 2.093236371212790492e-01 2.093236371354317560e-01 2.490295592287476989e-01
2.046693522010241406e-01 2.118435419331159697e-01 2.109185306171189878e-01 2.109185306741537536e-01 2.118435419516763174e-01
5.785968189261559980e-01 1.916960399600717013e-01 2.578668510547616477e-01 2.578668510891292120e-01 1.916960399839808538e-01
2.046693523151076055e-01 2.118435420029695093e-01 2.109185306796940440e-01 2.109185306795842429e-01 2.118435420528031465e-01
2.065441413531970971e-01 2.490295597365520808e-01 2.093236372362315689e-01 2.093236372325262828e-01 2.490295597213526280e-01
2.098437613271194602e-01 2.185645480167131838e-01 2.003392764921173852e-01 2.003392764978190188e-01 2.185645479571304284e-01
2.125672936869491270e-01 2.008812150141913722e-01 2.004479643425422508e-01 2.004479643283786361e-01 2.008812150088110093e-01
2.088085877400618073e-01 2.000028394440458712e-01 2.024900416095764544e-01 2.024900415797081521e-01 2.000028394684826016e-01
2.003410765934026394e-01 2.008788366693383398e-01 2.004462783842014262e-01 2.004462783647065760e-01 2.008788366796151470e-01
2.004348110788035930e-01 2.018564782345694530e-01 2.003425842871440765e-01 2.003425842951170877e-01 2.018564782108485112e-01
2.003918818786336042e-01 2.006721855480764760e-01 2.000139609722614564e-01 2.000139609764836068e-01 2.006721855175939151e-01
2.004706894190833866e-01 2.000482186488032055e-01 2.000328633479596108e-01 2.000328633421419866e-01 2.000482186552993424e-01
2.003285815448781482e-01 2.000124353793613918e-01 2.001037830756415281e-01 2.001037830602728773e-01 2.000124353940655741e-01
2.000116077263126013e-01 2.000296399843121409e-01 2.000149637805146985e-01 2.000149637705122274e-01 2.000296399829800675e-01
2.004264440656709501e-01 2.004730139979595538e-01 2.004213752658139669e-01 2.004213752745950261e-01 2.004730140055812071e-01
2.037858039269470067e-01 2.037890656769121012e-01 2.037682688045993895e-01 2.037682688079406057e-01 2.037890656903780795e-01
2.213665094045034754e-01 2.213511991230483478e-01 2.213515820399057366e-01 2.213515820425359659e-01 2.213511991430349990e-01
1.744564430252654730e-01 1.744467370775334703e-01 1.744512353606227639e-01 1.744512353640511604e-01 1.744467370916530924e-01
