2.795019220570244683e-02 2.795056633419916794e-02 2.795035466027084858e-02 2.795025076279486487e-02 2.795058716551472935e-02
1.714417549472631030e-01 1.714453865640126473e-01 1.714447399685394002e-01 1.714439846817478186e-01 1.714456431393593661e-01
2.005708474453048451e-01 2.005854948922654313e-01 2.005906579133980572e-01 2.005870579236415929e-01 2.005822338124980952e-01
2.001092395657888823e-01 2.001644662475709768e-01 2.002206262906227885e-01 2.001936688428488098e-01 2.001251400894838439e-01
1.998368611779678394e-01 1.998321076127975715e-01 1.998607194040230295e-01 1.998345531113625839e-01 1.997956742732918678e-01
1.998319582091356017e-01 1.997815738892765314e-01 1.997757972137595706e-01 1.997773600012822948e-01 1.997806617018756947e-01
1.998912144935080792e-01 1.999459410990662711e-01 1.999479328792890254e-01 1.999471147802861781e-01 1.999500459613766656e-01
1.996469565339842878e-01 1.999023478067303572e-01 1.999872531745206239e-01 1.999538395200022023e-01 1.998646309729945336e-01
1.977818596406164808e-01 1.986627848682408770e-01 1.996445354359215052e-01 1.993177420949797940e-01 1.981796656711296845e-01
1.961394849672122298e-01 1.956819197330787741e-01 1.959100799936053794e-01 1.955854194990814532e-01 1.952269609783470472e-01
1.999411574447325091e-01 1.986274787882641724e-01 1.983028980722202350e-01 1.983312949288013882e-01 1.986168273866832090e-01
1.987243034951492182e-01 1.995981003682010813e-01 1.996841927357233260e-01 1.996913440523781780e-01 1.996494750536012552e-01
1.920183830970680905e-01 1.974234350588558451e-01 1.984859200255317258e-01 1.981576923875870977e-01 1.970778322638409574e-01
1.416604131449511472e-01 1.634905874614813737e-01 1.811156199776812470e-01 1.780011565910864790e-01 1.590502386415094671e-01
2.216437715633668218e-02 5.015728457997415540e-02 7.715663121045816808e-02 7.385892040472459563e-02 4.582021141868464903e-02
9.429466107188911293e-05 4.607958117983218527e-02 1.015101027272767298e-01 1.016598120214785017e-01 4.597307827812626563e-02
8.725027663025518299e-02 1.360034203585554491e-01 1.881796797227441032e-01 1.886015986299678093e-01 1.363900309444946168e-01
1.758211895542761416e-01 1.910943997711527231e-01 1.989012620290314670e-01 1.989060542899916129e-01 1.913057189736454000e-01
1.954347147079524838e-01 1.991233700542123508e-01 1.996259157682697127e-01 1.994724007806505939e-01 1.989788780004079216e-01
1.976107969578053125e-01 1.976819221579760588e-01 1.975375830103369146e-01 1.973518130649312696e-01 1.974423491333935909e-01
1.998631087568681908e-01 1.988857226961217861e-01 1.986787843665312747e-01 1.986859398400768195e-01 1.988814456966877531e-01
1.995463977079760531e-01 1.994947461781388931e-01 1.998755488215255283e-01 1.999010981030753253e-01 1.995194288896563195e-01
1.997228944638764214e-01 1.998351413917466568e-01 1.998971415966000476e-01 1.998959115643010598e-01 1.998516999364820801e-01
1.981068299702443414e-01 1.981738027540608238e-01 1.981832961916838720e-01 1.981795892490548772e-01 1.981805959872740830e-01
1.921223889159310860e-01 1.921258905008261242e-01 1.921311268145815820e-01 1.921218025392917306e-01 1.921183052974406447e-01
1.983554754991674607e-01 1.983313781394345499e-01 1.983327374561902889e-01 1.983313294186604125e-01 1.983314630977013326e-01
1.999871886555916745e-01 1.999840860935519771e-01 1.999958532842297243e-01 1.999972503866997986e-01 1.999855037884248343e-01
1.987447446698033526e-01 1.987396657280167678e-01 1.987419022937855773e-01 1.987435171252878441e-01 1.987430562532833123e-01
1.701637355863035161e-01 1.701295647568190073e-01 1.701116624754767659e-01 1.701248793513377433e-01 1.701529915779556867e-01
4.000051094082394260e-02 3.996901484754047246e-02 3.994801720332347844e-02 3.996120763932471676e-02 3.999084812930293192e-02
3.065183460490171572e-03 3.061606539957472534e-03 3.059032033674872076e-03 3.060372804316464565e-03 3.063673230135747095e-03
