2.034052770987022363e-01 2.034062049409801343e-01 2.034071223928962391e-01 2.034062048544640344e-01
2.444643428562884024e-01 2.444682124429332082e-01 2.444721083856227772e-01 2.444682120953197701e-01
2.340847922269960746e-01 2.340878627220441544e-01 2.340910138200009150e-01 2.340878628029100794e-01
2.253835971123691606e-01 2.253724836455476555e-01 2.253611702279148254e-01 2.253724839653336309e-01
2.246263106581648794e-01 2.246334041581735941e-01 2.246401660640079123e-01 2.246334036285045355e-01
2.193842761445620737e-01 2.193913798319007957e-01 2.193984581364623598e-01 2.193913795607269623e-01
2.261293075586544854e-01 2.261359792963470727e-01 2.261428387497637083e-01 2.261359792590792450e-01
2.298746458765940359e-01 2.298748728239308758e-01 2.298752072730236018e-01 2.298748726348333327e-01
2.319779679701068631e-01 2.319670105295706108e-01 2.319556713926337055e-01 2.319670106535259013e-01
2.242771692997359845e-01 2.242824181201592548e-01 2.242874465891958047e-01 2.242824180279206769e-01
2.177900617485058754e-01 2.177852591064677323e-01 2.177806034756210873e-01 2.177852593337436804e-01
2.238376686741710697e-01 2.238187685919347247e-01 2.237982572454138286e-01 2.238187692076634150e-01
2.306225777310841885e-01 2.306239118000855126e-01 2.306227816579002332e-01 2.306239104450078792e-01
2.289607776907265357e-01 2.289947855989127590e-01 2.290325258048952206e-01 2.289947862981517035e-01
2.252753632025554231e-01 2.252421689699534713e-01 2.252154939368458397e-01 2.252421693222522447e-01
2.190744755321561155e-01 2.190414557024740749e-01 2.190093587973269140e-01 2.190414561085484157e-01
2.253218720966442268e-01 2.252876363614958743e-01 2.252488084646899480e-01 2.252876369440846849e-01
2.290931507234125197e-01 2.290991722499215177e-01 2.291007631524558663e-01 2.290991714629845299e-01
2.306740413451719152e-01 2.307241331636050441e-01 2.307824427439520154e-01 2.307241336099681572e-01
2.238946164637820035e-01 2.238589470015684701e-01 2.238299676141253525e-01 2.238589473139134534e-01
2.177739777888019201e-01 2.177842161853232594e-01 2.177927067452399834e-01 2.177842163271106746e-01
2.241647729681441326e-01 2.242174553334702058e-01 2.243101103353739023e-01 2.242174553691790029e-01
2.318428669720156154e-01 2.318219209940540482e-01 2.318599799442572496e-01 2.318219216860131215e-01
2.298655477481490461e-01 2.297697599785332723e-01 2.295705475506993054e-01 2.297697596731285985e-01
2.259098663895676151e-01 2.261281770771532973e-01 2.261593202174950468e-01 2.261281770103587552e-01
2.192109742175462894e-01 2.194039560340312056e-01 2.195707620578698782e-01 2.194039558860761130e-01
2.245545043474618807e-01 2.246858882759422971e-01 2.250554764251040674e-01 2.246858880459510210e-01
2.257234354718601066e-01 2.255758029398229336e-01 2.256371157846399911e-01 2.255758038464792947e-01
2.346763766285667463e-01 2.341615210290517446e-01 2.331256301493506433e-01 2.341615205791187093e-01
2.433970102785852907e-01 2.431251176414772341e-01 2.443563742826976581e-01 2.431251175424972988e-01
1.996332730420756763e-01 2.023550408193442174e-01 2.153550250654881482e-01 2.023550407932787343e-01
