1.875706338733003700e-02 1.875699000420012058e-02 1.875692155656529317e-02 1.875699519073987034e-02
1.640033341091076680e-01 1.640022951035850773e-01 1.640013163140788266e-01 1.640023565907388070e-01
1.613514473678359096e-01 1.613416089159351863e-01 1.613318099460543942e-01 1.613416390766254649e-01
1.620574896005478882e-01 1.620233052701610388e-01 1.619887744957376474e-01 1.620228744065207171e-01
2.024822320394230324e-01 2.024679902775355644e-01 2.024536493907712342e-01 2.024677513356533121e-01
2.118478546571489485e-01 2.118477965583566158e-01 2.118478019395904910e-01 2.118477289758658733e-01
2.003012616511836985e-01 2.003003761999586074e-01 2.002994639734134164e-01 2.003002563936525648e-01
1.386087935688370687e-01 1.385837223958543973e-01 1.385584554516627875e-01 1.385835261229584892e-01
1.387057451218571547e-01 1.386073321145090687e-01 1.385089426706063720e-01 1.386072722411836045e-01
2.004069698560147217e-01 2.003624392174963575e-01 2.003183265944153690e-01 2.003624095496134017e-01
2.120246038528494914e-01 2.120207681701007929e-01 2.120176182681584032e-01 2.120207290242118736e-01
2.016502110716282270e-01 2.016514023743822825e-01 2.016526751213151836e-01 2.016512610988838439e-01
1.526917261580701957e-01 1.527106885574018580e-01 1.527280592916114010e-01 1.527104573322416448e-01
1.523515974113775207e-01 1.524147379320855145e-01 1.524758923944740108e-01 1.524149118776168266e-01
2.013548747802545724e-01 2.013737135653434207e-01 2.013939182680109519e-01 2.013738035578971630e-01
2.119640788135231380e-01 2.119527797073445796e-01 2.119468336462962121e-01 2.119527618773657807e-01
2.014646519052256946e-01 2.014725410667472238e-01 2.014805858159131047e-01 2.014724575765952652e-01
1.520288800900957693e-01 1.523034982277933769e-01 1.525634073664190737e-01 1.523033959167022777e-01
1.509870279876874555e-01 1.520401979858852504e-01 1.530772142328828411e-01 1.520404267376386787e-01
1.999563335124827368e-01 2.004368346348068819e-01 2.009385001540234250e-01 2.004369418569852679e-01
2.118649399439952452e-01 2.118805819369352084e-01 2.119398877806397408e-01 2.118805814727285353e-01
2.003903086299897163e-01 2.003960956538605453e-01 2.003677050436559470e-01 2.003960661596223825e-01
1.380820632237545753e-01 1.385087050921490481e-01 1.387839749396372058e-01 1.385086618280785831e-01
1.312599172127450198e-01 1.329207410330069394e-01 1.345590104708091206e-01 1.329208386254447094e-01
1.858904733494644856e-01 1.873013796654831309e-01 1.891447164774046619e-01 1.873014314662126978e-01
2.098680191130624095e-01 2.103290630112670812e-01 2.113164649984909105e-01 2.103290669755551734e-01
2.024931365005809558e-01 2.024539066265874931e-01 2.019440753618054474e-01 2.024539076367927459e-01
1.605203422275345848e-01 1.577688797618567729e-01 1.529450575285361269e-01 1.577688580659118711e-01
1.105538378189842713e-01 9.774897099224438834e-02 8.252592714129569629e-02 9.774889381726285797e-02
3.012636851368710386e-02 2.331677620808308635e-02 1.488521073842220127e-02 2.331674118759565276e-02
3.363993790836810986e-03 2.356971123130053268e-03 5.331639116215960462e-04 2.356968089622238534e-03
