2.019889057536634613e-01 2.019889042621187125e-01 2.019889038931248493e-01 2.019889053377905419e-01
2.289899398406930742e-01 2.289899364800581649e-01 2.289899361826997493e-01 2.289899385271418064e-01
1.935996551974349111e-01 1.935996527013240376e-01 1.935996529573148217e-01 1.935996535217167913e-01
1.897893205561298202e-01 1.897893156548322025e-01 1.897893191333297203e-01 1.897893157577839884e-01
2.045802456751107667e-01 2.045802267499819693e-01 2.045802446038426092e-01 2.045802425059492502e-01
2.121478014200136597e-01 2.121477778334086017e-01 2.121477962229435799e-01 2.121477884349477760e-01
2.046350191859337697e-01 2.046350055860581274e-01 2.046349629203688680e-01 2.046349757183312801e-01
1.892602277533979860e-01 1.892602252163415322e-01 1.892602601300759357e-01 1.892602332940790943e-01
1.892854108972388261e-01 1.892853658970677366e-01 1.892854779595841974e-01 1.892855315143004424e-01
2.046497056339978415e-01 2.046496544887481117e-01 2.046496736356834545e-01 2.046495990682801469e-01
2.121873390330593911e-01 2.121872665673095459e-01 2.121872695692991750e-01 2.121872147827606470e-01
2.048758558150365616e-01 2.048758441857139734e-01 2.048758230265116664e-01 2.048758506111177102e-01
1.903727681029755148e-01 1.903730084232653774e-01 1.903725714785241274e-01 1.903723130499120897e-01
1.905919455877755908e-01 1.905924376364643569e-01 1.905913376992938446e-01 1.905909988312558812e-01
2.061482409510694003e-01 2.061484418141616426e-01 2.061480767017541682e-01 2.061484377464112561e-01
2.185094845167402378e-01 2.185102665188715931e-01 2.185111349385908952e-01 2.185111267269711222e-01
2.313302294204400700e-01 2.313309294873787392e-01 2.313347166388174947e-01 2.313347725463008042e-01
2.776365035770277379e-01 2.776395439803308607e-01 2.776522534120401398e-01 2.776515322049533108e-01
2.776399262397883927e-01 2.776394131199234061e-01 2.776423859287935891e-01 2.776418805161309233e-01
2.313156322327387659e-01 2.313157847711609927e-01 2.313153195458087785e-01 2.313149568617311747e-01
2.184609923150687139e-01 2.184611421227234118e-01 2.184621747980830253e-01 2.184617392458243490e-01
2.059945631116170128e-01 2.059944813148736065e-01 2.059946721616213727e-01 2.059947162302294688e-01
1.901384891075580397e-01 1.901385217931060023e-01 1.901386550283271082e-01 1.901386233577280482e-01
1.899884836333620985e-01 1.899884959408491281e-01 1.899884827363520212e-01 1.899884670241385742e-01
2.047891133548480624e-01 2.047891086212410838e-01 2.047891150523859782e-01 2.047890948637520192e-01
2.121378692607124583e-01 2.121378780630152616e-01 2.121378670499393937e-01 2.121378093649865793e-01
2.046022208892254446e-01 2.046022237312253855e-01 2.046022253602863272e-01 2.046022289742135680e-01
1.898460595548377983e-01 1.898460582110475803e-01 1.898460605975144100e-01 1.898460609862853699e-01
1.935692065824733410e-01 1.935692062230006949e-01 1.935692065755890423e-01 1.935692067550134898e-01
2.289448153737456970e-01 2.289448154192012808e-01 2.289448154343916020e-01 2.289448153971473943e-01
2.019811688649693626e-01 2.019811689112253339e-01 2.019811688772332192e-01 2.019811688290287233e-01
