2.019807806208336054e-01 2.019807806183786525e-01 2.019807806161293684e-01 2.019807806147279339e-01
2.289430473751444262e-01 2.289430473671002497e-01 2.289430473654281983e-01 2.289430473579992242e-01
1.935637614663704986e-01 1.935637614556906805e-01 1.935637614550932972e-01 1.935637614441677312e-01
1.898398872450553776e-01 1.898398872364806533e-01 1.898398872305439300e-01 1.898398872266419402e-01
2.045926925446145128e-01 2.045926925414768560e-01 2.045926925389037476e-01 2.045926925362825388e-01
2.120927781721503036e-01 2.120927781682055979e-01 2.120927781658012712e-01 2.120927781615181418e-01
2.046133988565460304e-01 2.046133988503230638e-01 2.046133988487967015e-01 2.046133988423344541e-01
1.893732705425741625e-01 1.893732705380312409e-01 1.893732705396287408e-01 1.893732705357800139e-01
1.893706808244932926e-01 1.893706808215612769e-01 1.893706808185800505e-01 1.893706808202243741e-01
2.045946478045114758e-01 2.045946478074038011e-01 2.045946478062249385e-01 2.045946478070932162e-01
2.120700495143563735e-01 2.120700495182224199e-01 2.120700495198970803e-01 2.120700495211978176e-01
2.045946644900587530e-01 2.045946644905491663e-01 2.045946644939228842e-01 2.045946644946732285e-01
1.893703402430569616e-01 1.893703402402766856e-01 1.893703402438748351e-01 1.893703402471456076e-01
1.893703380563728222e-01 1.893703380557975879e-01 1.893703380535871617e-01 1.893703380563708516e-01
2.045946485819386818e-01 2.045946485841159679e-01 2.045946485830226480e-01 2.045946485819799265e-01
2.120700268334363980e-01 2.120700268363260588e-01 2.120700268357325891e-01 2.120700268367863017e-01
2.045946486934478448e-01 2.045946486951206456e-01 2.045946486958522548e-01 2.045946486985083246e-01
1.893703377179907776e-01 1.893703377183048320e-01 1.893703377208245942e-01 1.893703377242302033e-01
1.893703342529593492e-01 1.893703342545401680e-01 1.893703342550145108e-01 1.893703342571798343e-01
2.045945703950231009e-01 2.045945703973783836e-01 2.045945703949970662e-01 2.045945703956922601e-01
2.120697732938377211e-01 2.120697732964709759e-01 2.120697732951506431e-01 2.120697732966515536e-01
2.045946478092853793e-01 2.045946478114500922e-01 2.045946478117614542e-01 2.045946478141494884e-01
1.893704046086741866e-01 1.893704046111323869e-01 1.893704046116136686e-01 1.893704046140685660e-01
1.893683939925231707e-01 1.893683939961101625e-01 1.893683939964854734e-01 1.893683939990128962e-01
2.045367838414779427e-01 2.045367838443351016e-01 2.045367838418274131e-01 2.045367838448046982e-01
2.118678738712090337e-01 2.118678738728494715e-01 2.118678738707674980e-01 2.118678738739379064e-01
2.045926925504522320e-01 2.045926925524652051e-01 2.045926925530184570e-01 2.045926925564006960e-01
1.896149829306503221e-01 1.896149829343049265e-01 1.896149829344971338e-01 1.896149829371937545e-01
1.895932531967587653e-01 1.895932532003577475e-01 1.895932532007159332e-01 1.895932532026536055e-01
1.665629667136702963e-01 1.665629667158338711e-01 1.665629667138553427e-01 1.665629667152999371e-01
1.886332297608099215e-02 1.886332297675467201e-02 1.886332297525091309e-02 1.886332297580758932e-02
