1.886330781164361620e-02 1.886330564289314532e-02 1.886330354624526917e-02 1.886330560991248545e-02
1.665625827762849953e-01 1.665625526950367807e-01 1.665625220489412861e-01 1.665625521801159525e-01
1.895889620745074555e-01 1.895887064234609842e-01 1.895884505293494449e-01 1.895887052541948004e-01
1.896114355506431925e-01 1.896105839459871767e-01 1.896097445283759786e-01 1.896105835873214129e-01
2.045926326851817967e-01 2.045923076734737778e-01 2.045920031386805893e-01 2.045923076144571806e-01
2.118677994723276448e-01 2.118678328755329021e-01 2.118678622559365121e-01 2.118678328334964445e-01
2.045348615814368554e-01 2.045347283470406730e-01 2.045345526476086695e-01 2.045347280136852464e-01
1.893469336163440542e-01 1.893446225390255644e-01 1.893423005241373358e-01 1.893446219715739787e-01
1.893550335958935349e-01 1.893465364174125587e-01 1.893382317246307400e-01 1.893465364201924739e-01
2.045946481135475503e-01 2.045912785760742036e-01 2.045882335886600178e-01 2.045912783204859864e-01
2.120692585491190385e-01 2.120695118553833358e-01 2.120697729480301996e-01 2.120695118234322551e-01
2.045880133366527187e-01 2.045871166643515593e-01 2.045856826991229171e-01 2.045871165380026835e-01
1.892998922226842573e-01 1.892817041938079092e-01 1.892632564593020594e-01 1.892817039354571518e-01
1.893389260849598354e-01 1.892710821037077995e-01 1.892054909007661878e-01 1.892710819645743447e-01
2.045859841759969378e-01 2.045592149730736942e-01 2.045367502086216371e-01 2.045592149226229395e-01
2.120644793561987096e-01 2.120665862218071573e-01 2.120695518765383369e-01 2.120665862463127216e-01
2.045759631298678383e-01 2.045703129370369244e-01 2.045580484463671855e-01 2.045703129198587766e-01
1.891954476111633310e-01 1.890593645588101446e-01 1.889176752255001257e-01 1.890593644670797158e-01
1.893665468149599851e-01 1.888521047663075103e-01 1.883620852454040429e-01 1.888521045611749882e-01
2.042676985267939671e-01 2.040803690076974652e-01 2.039497264095862239e-01 2.040803688972380181e-01
2.119868016622169227e-01 2.120114300784093631e-01 2.120582654000580936e-01 2.120114300772932281e-01
2.045533269359791351e-01 2.045238328016756868e-01 2.044112612490021352e-01 2.045238328084059976e-01
1.891539285720826302e-01 1.881707172173956444e-01 1.870770685726666493e-01 1.881707171356685193e-01
1.883715792812633849e-01 1.845909587854414891e-01 1.810598248375699937e-01 1.845909583895754547e-01
1.970228271069203729e-01 1.961530204272521616e-01 1.960591788123947909e-01 1.961530202538822321e-01
2.104106342276291786e-01 2.108830515749957890e-01 2.118815779067017846e-01 2.108830515727752042e-01
2.045452774967123077e-01 2.044533443732124700e-01 2.033466973766939467e-01 2.044533443822272312e-01
1.895532037791630153e-01 1.830487678936985330e-01 1.736793267480334080e-01 1.830487677296524507e-01
1.514014479505565169e-01 1.231717259560346778e-01 9.253650521451867172e-02 1.231717252307341359e-01
3.930296434816636653e-02 2.482649518952667611e-02 9.398652033342374396e-03 2.482649478490280004e-02
4.325757065975066075e-03 2.425784501177170351e-03 7.034527060046802274e-05 2.425784450871421635e-03
