1.871719220495862007e-02 1.871713846833153450e-02 1.871706498012267600e-02 1.871714132220483537e-02
1.630724930840158904e-01 1.630715875642936297e-01 1.630706911229569955e-01 1.630716635350938915e-01
1.512363223801303225e-01 1.512342055773454597e-01 1.512323311500024248e-01 1.512345026956775362e-01
1.519968287215855696e-01 1.519963701892073360e-01 1.519960136031192344e-01 1.519964178198769111e-01
2.015760775726377074e-01 2.015760623732917589e-01 2.015762390216588873e-01 2.015761537335034048e-01
2.117163271471202701e-01 2.117162886727213811e-01 2.117163402360793534e-01 2.117162764731983227e-01
1.984615174434060936e-01 1.984610652321605606e-01 1.984607603239652573e-01 1.984611073190331587e-01
1.223795219888250407e-01 1.223785543148030869e-01 1.223778967554995101e-01 1.223786907967268078e-01
1.219478957139549236e-01 1.219475905100302349e-01 1.219477896517141141e-01 1.219477773891300271e-01
1.981836844913327511e-01 1.981836121945556861e-01 1.981839126185015731e-01 1.981837420013866924e-01
2.114487948664928174e-01 2.114489248260469911e-01 2.114488610865566387e-01 2.114487623760165635e-01
1.977230024620274529e-01 1.977231843587832494e-01 1.977232535545847825e-01 1.977229502982817411e-01
1.232165929080013406e-01 1.232169321712489052e-01 1.232169146821969763e-01 1.232164802200760856e-01
1.232653998498963038e-01 1.232651087343331342e-01 1.232649270612259235e-01 1.232651197888692540e-01
1.977323835884080006e-01 1.977321946272646291e-01 1.977320917963784064e-01 1.977323096193116247e-01
2.113841068078607943e-01 2.113842188299144276e-01 2.113841082926942172e-01 2.113842093804965960e-01
1.978511869118845246e-01 1.978515779517585060e-01 1.978510710406121142e-01 1.978510373592224092e-01
1.243130230192956848e-01 1.243136367051022872e-01 1.243130930596820782e-01 1.243125757992048636e-01
1.242693886498834194e-01 1.242692688449486965e-01 1.242692603896838610e-01 1.242697798598084019e-01
1.978454773364797525e-01 1.978456308317369239e-01 1.978454426665909038e-01 1.978457293899904823e-01
2.114561408405075393e-01 2.114563875631104983e-01 2.114561053472633623e-01 2.114561788343158888e-01
1.981472094374748805e-01 1.981463487447452099e-01 1.981466310352591464e-01 1.981469103039737445e-01
1.216288049509921670e-01 1.216275227243358570e-01 1.216280988558272880e-01 1.216282130899738467e-01
1.220479766760027979e-01 1.220476423545735351e-01 1.220483056174478942e-01 1.220472866890164182e-01
1.984150815656761657e-01 1.984155832525448804e-01 1.984157162078739878e-01 1.984153200432951236e-01
2.117129656274375771e-01 2.117129861659298451e-01 2.117130013083963758e-01 2.117129962412255539e-01
2.016401408035784493e-01 2.016400610701455098e-01 2.016401690662036617e-01 2.016401951465078002e-01
1.527576085477977963e-01 1.527575741672836940e-01 1.527577730810251999e-01 1.527573929043070933e-01
1.520009277176311846e-01 1.520020654930439585e-01 1.520027422716767052e-01 1.520014945898789938e-01
1.631400251832259840e-01 1.631405599887784386e-01 1.631408697228948768e-01 1.631403081645732556e-01
1.871992658613474622e-02 1.871996180305966068e-02 1.871998555315729576e-02 1.871994426559228999e-02
