1.875706529106723267e-02 1.875700481178014037e-02 1.875694003967027026e-02 1.875699970001234659e-02
1.640034590415849758e-01 1.640025993057966369e-01 1.640016696854373901e-01 1.640025261295984804e-01
1.613522601688162639e-01 1.613444095250563259e-01 1.613364090663760020e-01 1.613442454540522653e-01
1.620530214698143734e-01 1.620260557551531089e-01 1.619991060645376291e-01 1.620260114289893694e-01
2.024798291108827197e-01 2.024686640730214704e-01 2.024575786279560474e-01 2.024686614281828445e-01
2.118478011946441919e-01 2.118478364527531799e-01 2.118478984088270067e-01 2.118478363177618840e-01
2.003011899431122456e-01 2.003003507113605142e-01 2.002994544037840774e-01 2.003003278909256113e-01
1.386059564921478526e-01 1.385838143349550078e-01 1.385615996497177316e-01 1.385837603474280866e-01
1.386968135815153935e-01 1.386107469561220773e-01 1.385248272320778185e-01 1.386107342559002031e-01
2.004086855855388427e-01 2.003701865280659300e-01 2.003320332522320335e-01 2.003701864774307395e-01
2.120244789391987628e-01 2.120217034538406098e-01 2.120193299599023862e-01 2.120217040318807533e-01
2.016516378277573573e-01 2.016523877762227412e-01 2.016533600157668915e-01 2.016523909328030717e-01
1.527181792095297919e-01 1.527241229358004826e-01 1.527294742326633648e-01 1.527241301857965861e-01
1.524473307953195800e-01 1.524618571908795961e-01 1.524748120410463481e-01 1.524618632357473968e-01
2.014547967334332224e-01 2.014536248933788687e-01 2.014523308126556778e-01 2.014536269040115846e-01
2.119719972756747006e-01 2.119619140282218706e-01 2.119548942439229422e-01 2.119619144546585066e-01
2.014624021913880569e-01 2.014705787454249553e-01 2.014802248164181964e-01 2.014705844558434822e-01
1.520586602187085079e-01 1.523023524585406518e-01 1.525374307443106980e-01 1.523023664583386672e-01
1.514001219428142697e-01 1.523294254377133283e-01 1.532436211128513359e-01 1.523294335928244425e-01
2.006977231595334921e-01 2.011177059672074330e-01 2.015459950933672362e-01 2.011177083562528944e-01
2.119515016405208174e-01 2.119599361756847877e-01 2.119948689218027760e-01 2.119599366645337768e-01
2.003856612981032292e-01 2.003991266545948891e-01 2.003773786720831340e-01 2.003991299894158640e-01
1.380768003184292547e-01 1.386637888468433832e-01 1.391213720589073166e-01 1.386637968186884562e-01
1.326073516846583145e-01 1.349165859318092464e-01 1.372370232739493767e-01 1.349165907082226779e-01
1.898405235587899975e-01 1.916871248970327679e-01 1.940143956750789433e-01 1.916871264458794299e-01
2.102655929936445289e-01 2.108242818146834618e-01 2.118761810092499864e-01 2.108242823317595105e-01
2.024994210183299614e-01 2.024634887023193663e-01 2.015694740209690583e-01 2.024634918189497090e-01
1.605996996421229783e-01 1.575228638675206239e-01 1.514837939701746128e-01 1.575228704630121657e-01
1.100919585735868067e-01 9.545433328007477125e-02 7.755234019370740861e-02 9.545433500227190615e-02
2.634744682571952407e-02 1.864178814986638608e-02 8.969636115391820680e-03 1.864178827467752667e-02
2.974396751916610383e-03 1.909245375307776129e-03 6.127113407857150455e-05 1.909245379999031976e-03
