2.795065933827183338e-02 2.795065865069291250e-02 2.795063011245422016e-02 2.795061319576918127e-02 2.795063043626034097e-02
1.714458693841266201e-01 1.714458654372837121e-01 1.714457946684572187e-01 1.714457611602008269e-01 1.714457970662559005e-01
2.005917843542514845e-01 2.005917786834148231e-01 2.005917048885943466e-01 2.005917058098782291e-01 2.005917026959968263e-01
2.002267245349769742e-01 2.002267170171738997e-01 2.002266192018423430e-01 2.002266373434763158e-01 2.002266060640755241e-01
1.999999853379833270e-01 1.999999732630714511e-01 1.999998935369260988e-01 1.999998760060298642e-01 1.999998688955608728e-01
1.998320891248804576e-01 1.998320738318187240e-01 1.998321313825556778e-01 1.998321040571511276e-01 1.998320972692419484e-01
1.999548837189616401e-01 1.999548668305463628e-01 1.999548684999985781e-01 1.999548384933850509e-01 1.999548407997346899e-01
1.999985174386317288e-01 1.999985005857898568e-01 1.999985047640663316e-01 1.999984828364447520e-01 1.999984779204109775e-01
1.999996666803741385e-01 1.999996536950183756e-01 1.999996605216238788e-01 1.999996430544399018e-01 1.999996400338178160e-01
1.999984368220927844e-01 1.999984329102801606e-01 1.999984417879636378e-01 1.999984281670565411e-01 1.999984238262846881e-01
1.999994863223113761e-01 1.999994814356516049e-01 1.999994773965192429e-01 1.999994901210803977e-01 1.999994836954281652e-01
1.999999347804368999e-01 1.999999344929034584e-01 1.999999331112270740e-01 1.999999349056817144e-01 1.999999300136994784e-01
1.999996848331223043e-01 1.999996823928556211e-01 1.999996826326809474e-01 1.999996850816221916e-01 1.999996781467077434e-01
1.999936218246337605e-01 1.999936215736582978e-01 1.999936190750036258e-01 1.999936191493097148e-01 1.999936109737713852e-01
1.999724733346322780e-01 1.999724752565321118e-01 1.999724714512269019e-01 1.999724679841796970e-01 1.999724637256656279e-01
1.999947901230454683e-01 1.999947909412843616e-01 1.999947888989045686e-01 1.999947873631043593e-01 1.999947869579518922e-01
1.999999973512706641e-01 1.999999972591822717e-01 1.999999975370971850e-01 1.999999974550363546e-01 1.999999982960392053e-01
1.999947588924340380e-01 1.999947574436339304e-01 1.999947574302405606e-01 1.999947580419528526e-01 1.999947566047085290e-01
1.998922995664540181e-01 1.998923023777110231e-01 1.998922992840841129e-01 1.998922974082894544e-01 1.998922946845999304e-01
1.995350013254007238e-01 1.995350068495155282e-01 1.995350025380295544e-01 1.995349980160477654e-01 1.995349968998666734e-01
1.999117787328789086e-01 1.999117818420986237e-01 1.999117805354839739e-01 1.999117787378079103e-01 1.999117788252197381e-01
2.000000001365379310e-01 2.000000010355029723e-01 2.000000016026153293e-01 2.000000020536449874e-01 2.000000023436947494e-01
1.999119943656531007e-01 1.999119943769307461e-01 1.999119945528775866e-01 1.999119955427044459e-01 1.999119945020271238e-01
1.981882711573918210e-01 1.981882729782778740e-01 1.981882699573266349e-01 1.981882677805828774e-01 1.981882648862176299e-01
1.921394510347987084e-01 1.921394556042536894e-01 1.921394507483011049e-01 1.921394445722705846e-01 1.921394430256578578e-01
1.983526098400507087e-01 1.983526121525388819e-01 1.983526101217654714e-01 1.983526071316825956e-01 1.983526068205526960e-01
2.000000004216800353e-01 2.000000005924055801e-01 2.000000005312057016e-01 2.000000008468440504e-01 2.000000010862635902e-01
1.987471021252655012e-01 1.987471023480375243e-01 1.987471017656578243e-01 1.987471026122098194e-01 1.987471019427873575e-01
1.701707000118320989e-01 1.701707024588486328e-01 1.701706989202854126e-01 1.701706966881521843e-01 1.701706943892190016e-01
4.011015072802662923e-02 4.011015311389255766e-02 4.011015035316947697e-02 4.011014752866429861e-02 4.011014634175268101e-02
3.087600540399429438e-03 3.087600624001421521e-03 3.087600549594408418e-03 3.087600594768548454e-03 3.087600495374532000e-03
