1.883814380512033315e-02 1.883813568343505052e-02 1.883812794356839668e-02 1.883813560598036896e-02
1.659574079027360816e-01 1.659572944843331344e-01 1.659571819365284195e-01 1.659572932998589490e-01
1.829268228135145502e-01 1.829258638147360783e-01 1.829249102604373067e-01 1.829258611594836437e-01
1.831581546629063306e-01 1.831549559182834575e-01 1.831517859209808308e-01 1.831549552827953786e-01
2.041237048617031702e-01 2.041224411934270400e-01 2.041212112371765808e-01 2.041224411679551098e-01
2.118517707566158204e-01 2.118518454931059003e-01 2.118519075150786524e-01 2.118518454719571786e-01
2.028298028998117009e-01 2.028295038232619529e-01 2.028291494704464459e-01 2.028295033527677538e-01
1.693477187508309334e-01 1.693420442524037339e-01 1.693363905610844600e-01 1.693420431613591182e-01
1.696149094496474941e-01 1.695937508232769619e-01 1.695728774070597578e-01 1.695937505058749406e-01
2.030591630893918142e-01 2.030503730249230143e-01 2.030419380982834976e-01 2.030503729880853148e-01
2.120646085974694506e-01 2.120647783912691930e-01 2.120649072373542998e-01 2.120647783893723770e-01
2.020691501018583025e-01 2.020680617141943913e-01 2.020665815721725544e-01 2.020680616561170984e-01
1.588444058850546625e-01 1.588197148245991397e-01 1.587951627183689929e-01 1.588197146853107256e-01
1.590259413873551797e-01 1.589324666688872179e-01 1.588409865623551243e-01 1.589324666890361282e-01
2.021810275949226798e-01 2.021412381132145497e-01 2.021039754672610267e-01 2.021412381314919016e-01
2.120699937568607807e-01 2.120700070658358138e-01 2.120700235815261847e-01 2.120700070625611278e-01
2.021217507651370260e-01 2.021183917498499683e-01 2.021128424841595606e-01 2.021183918131341517e-01
1.587551096254243010e-01 1.586676453297536649e-01 1.585809494734097269e-01 1.586676455277519215e-01
1.588939281009402460e-01 1.585598512087535161e-01 1.582370706568910768e-01 1.585598514558479999e-01
2.021898580627110864e-01 2.020441078017345682e-01 2.019128986900055045e-01 2.020441078878625063e-01
2.120671130265921744e-01 2.120646910332996127e-01 2.120636830540501561e-01 2.120646910340908409e-01
2.030112052306694281e-01 2.030035627792512454e-01 2.029860078241348120e-01 2.030035628587582852e-01
1.692477459367295878e-01 1.689958853583765908e-01 1.687468500442937669e-01 1.689958856104515073e-01
1.697006685597539088e-01 1.687252808039933216e-01 1.678001196753897695e-01 1.687252811312935641e-01
2.032011863071627178e-01 2.027517044588186823e-01 2.023725388937432090e-01 2.027517045715497013e-01
2.119015040151358276e-01 2.118840476053521216e-01 2.119114671583171294e-01 2.118840476040137755e-01
2.041003521245549901e-01 2.040910925406200505e-01 2.040978631330445381e-01 2.040910926496158628e-01
1.831983674295646070e-01 1.827790883070972983e-01 1.820981889281939603e-01 1.827790887342903847e-01
1.859988052567775607e-01 1.831442322675600198e-01 1.786537998585316367e-01 1.831442330588544665e-01
1.764249382591647486e-01 1.664256619521123914e-01 1.519763614180603128e-01 1.664256622827275933e-01
2.523452147785817945e-02 1.969261065623430923e-02 9.451806071700461637e-03 1.969261068029282830e-02
