2.795849768937108334e-02 2.795849949428432304e-02 2.795850554662044143e-02 2.795851006485010684e-02 2.795850234446838750e-02
1.714697014059458346e-01 1.714697048912765254e-01 1.714697123150577540e-01 1.714697256565353989e-01 1.714697086204256538e-01
2.006155120478572418e-01 2.006155269843310773e-01 2.006155230652801602e-01 2.006155191757069411e-01 2.006155175687379388e-01
2.002482528743306511e-01 2.002482729550089102e-01 2.002482592949932916e-01 2.002482191538767220e-01 2.002482340314763742e-01
2.000146891436539731e-01 2.000146946818976423e-01 2.000147562919775690e-01 2.000147272445916835e-01 2.000146934994760650e-01
1.998360743301669240e-01 1.998359794523430488e-01 1.998358522646733471e-01 1.998358235882460587e-01 1.998359433591631873e-01
1.999454863643731206e-01 1.999451864211276020e-01 1.999447841181105356e-01 1.999447802691882436e-01 1.999452123717598562e-01
1.999707241471269659e-01 1.999725989566408790e-01 1.999720321030500347e-01 1.999720193786422573e-01 1.999722599589399408e-01
1.999303181320608580e-01 1.999436854542576414e-01 1.999515176779728953e-01 1.999511966061208734e-01 1.999443165135060818e-01
1.998718516370125986e-01 1.998928476108315089e-01 1.999353621551008542e-01 1.999350196040056427e-01 1.998947227886498923e-01
1.999529431850113059e-01 1.998608805602289373e-01 1.998752224286845791e-01 1.998786713642474733e-01 1.998629949956603757e-01
2.000710314987260985e-01 1.999194708735076431e-01 1.998730067679501399e-01 1.998731435539941870e-01 1.999113919820051932e-01
1.980597109506612441e-01 1.993712034409641509e-01 1.994678102355697535e-01 1.994214872022188056e-01 1.992842674469836595e-01
1.800400054222420776e-01 1.921877195611271238e-01 1.977376095862791727e-01 1.976535570077236348e-01 1.920202500440942595e-01
9.860434833811071442e-02 1.513359897376616303e-01 1.943975851161077184e-01 1.943942176349222339e-01 1.512554261812139034e-01
2.720634276844274922e-04 8.468148080470433436e-02 1.589441369505384394e-01 1.590136792668796484e-01 8.470729171758079046e-02
9.902189423852507388e-02 1.518613153707339125e-01 1.945842835392059544e-01 1.945659498188169745e-01 1.517583839502102960e-01
1.736487102519974624e-01 1.864459823012164230e-01 1.914143327450085197e-01 1.908849501054612485e-01 1.854230913013403814e-01
1.648962271658875323e-01 1.657343425606477572e-01 1.649987345007695172e-01 1.651343971355309359e-01 1.659169438839435129e-01
1.927378822991291374e-01 1.915649455238763177e-01 1.911611220918081611e-01 1.918351948136267637e-01 1.927728302026365803e-01
1.996510841920282608e-01 1.994095194340027022e-01 1.994956837290356999e-01 1.995435729674743530e-01 1.995507687658602813e-01
1.986358135011790926e-01 1.989179062862756753e-01 1.987845244431361569e-01 1.987652155699591305e-01 1.987341381534995233e-01
1.801741456441196820e-01 1.810720120261109234e-01 1.800542852948046890e-01 1.793554240825811774e-01 1.796355634846870108e-01
1.145476006055561186e-01 1.147626928931338997e-01 1.137537143055656341e-01 1.132321012278638961e-01 1.138498365943317325e-01
1.708365248046856688e-01 1.703829463708713132e-01 1.700962915803468367e-01 1.703041751303989160e-01 1.707920988580376720e-01
1.967708800925275503e-01 1.967180824032637443e-01 1.967265183243031568e-01 1.967281311305660307e-01 1.967837036249265315e-01
1.998956820971272419e-01 1.999176769320560876e-01 1.999026571370727257e-01 1.998882376476670830e-01 1.998985944098814471e-01
1.956596012587192568e-01 1.958134759418430904e-01 1.956540473240385714e-01 1.955364778761382594e-01 1.955775847357331676e-01
1.555330022266817602e-01 1.557638954115726504e-01 1.556651443251468037e-01 1.554440278791942021e-01 1.553837916398722596e-01
3.839906516221906069e-02 3.852994963865808559e-02 3.855550573218461535e-02 3.844958282259543225e-02 3.835492457624802703e-02
3.248628242917755721e-03 3.260913992525183835e-03 3.263753129739642087e-03 3.254467578681465197e-03 3.245184372160735305e-03
