1.884038898949916968e-02 1.884035649413245625e-02 1.884032574351179185e-02 1.884035637536190730e-02
1.660111731671244650e-01 1.660107196222811998e-01 1.660102725986157546e-01 1.660107179598112048e-01
1.835180753380721563e-01 1.835142434135896006e-01 1.835104399284091248e-01 1.835142396227990302e-01
1.837386618140555983e-01 1.837258840913812141e-01 1.837132231624436507e-01 1.837258827873251843e-01
2.041694584729044915e-01 2.041644131602320389e-01 2.041595039459878080e-01 2.041644129556245690e-01
2.118526644689822935e-01 2.118529658811655059e-01 2.118532162483024450e-01 2.118529658651267522e-01
2.029671518283232834e-01 2.029659468444819093e-01 2.029645188702670633e-01 2.029659462302308426e-01
1.709714655490297552e-01 1.709486469235156070e-01 1.709259135415490960e-01 1.709486453758820856e-01
1.712694538747445705e-01 1.711843919879471043e-01 1.711004869509239745e-01 1.711843912808892476e-01
2.032113403293672738e-01 2.031760246494213051e-01 2.031421550111602581e-01 2.031760244903080825e-01
2.120640803772646243e-01 2.120647899348532539e-01 2.120653352336260566e-01 2.120647899312110563e-01
2.022351081128744010e-01 2.022306747021946349e-01 2.022246329532261244e-01 2.022306744451418670e-01
1.609080868682712384e-01 1.608077576618938132e-01 1.607079709165444292e-01 1.608077570835163561e-01
1.613014607059437555e-01 1.609217528086408222e-01 1.605502023108504039e-01 1.609217529035346650e-01
2.024629511846041674e-01 2.023014799990104917e-01 2.021504223855991045e-01 2.023014801031274290e-01
2.120694481572404921e-01 2.120696816259574624e-01 2.120699715734622182e-01 2.120696816231809056e-01
2.022246976173711630e-01 2.022107981730716098e-01 2.021877325531007130e-01 2.022107980485100820e-01
1.602070332967482913e-01 1.598458808968243605e-01 1.594875788499540425e-01 1.598458805780309522e-01
1.611189309514539925e-01 1.597398178575983874e-01 1.584075083572916154e-01 1.597398175973013812e-01
2.027069117910509921e-01 2.021067964724427291e-01 2.015679455257758101e-01 2.021067964014628404e-01
2.120698362292725292e-01 2.120611292290529304e-01 2.120590024296578058e-01 2.120611292347114318e-01
2.030162693471254387e-01 2.029838615360126386e-01 2.029082691957629081e-01 2.029838613385374357e-01
1.697848535875605691e-01 1.687163369542044045e-01 1.676568810790558250e-01 1.687163363453403342e-01
1.723920330423869274e-01 1.682590989642536450e-01 1.643434157159408271e-01 1.682590982691733461e-01
2.041389695967474882e-01 2.022876579323709401e-01 2.007424796798702726e-01 2.022876576914076352e-01
2.119053696160668465e-01 2.118467468960034128e-01 2.119073231125312706e-01 2.118467469064169995e-01
2.040727674184499851e-01 2.040317695555959598e-01 2.038974520278792335e-01 2.040317693686756195e-01
1.838249412992516429e-01 1.816265345280550780e-01 1.789631203893558287e-01 1.816265336403303787e-01
1.904568733008240311e-01 1.798877313851730553e-01 1.672363975759011689e-01 1.798877295174912683e-01
1.791335730934529580e-01 1.611450780005434236e-01 1.371866302532535054e-01 1.611450771862221187e-01
2.844605985626313255e-02 1.996783799854072797e-02 5.375987336326264188e-03 1.996783792450233797e-02
