3.082881726792829034e-03 3.084046678589919075e-03 3.084773665983248439e-03 3.084773672038545328e-03 3.084046697416519510e-03
4.008763054816474186e-02 4.009256348375719176e-02 4.009256394173080912e-02 4.009256404207323099e-02 4.009256365319730647e-02
1.701610748395236683e-01 1.701691069308990389e-01 1.701659404127013331e-01 1.701659404609324189e-01 1.701691070068723222e-01
1.987427237874983543e-01 1.987486556131821958e-01 1.987466661668410850e-01 1.987466658897745209e-01 1.987486552328674994e-01
1.999986137566579503e-01 1.999991777014909489e-01 1.999998460207011719e-01 1.999998457225606596e-01 1.999991773265103745e-01
1.983623646374969296e-01 1.983536131092546728e-01 1.983472330745263967e-01 1.983472331058172833e-01 1.983536131603598485e-01
1.921532468993450149e-01 1.921485896896052981e-01 1.921390259328401018e-01 1.921390262006049676e-01 1.921485900684260228e-01
1.981769919506383704e-01 1.981903530595842677e-01 1.981883713757600918e-01 1.981883714959410958e-01 1.981903532487361841e-01
1.998248255756590319e-01 1.998812035075256399e-01 1.999099386233139930e-01 1.999099382741675035e-01 1.998812030489769409e-01
1.996326736647000277e-01 1.997936058262404502e-01 1.999790789672077074e-01 1.999790785822347927e-01 1.997936053557299585e-01
1.994770554389511397e-01 1.994954172516074375e-01 1.997421290392665527e-01 1.997421290354279844e-01 1.994954172925427760e-01
1.996431544629680421e-01 1.993415254362729261e-01 1.995167656979315030e-01 1.995167659823792461e-01 1.993415258386267430e-01
1.982479613328035351e-01 1.993553477265151419e-01 1.998909759046089973e-01 1.998909759827110222e-01 1.993553479283909635e-01
1.804866448196598694e-01 1.930306607184938406e-01 1.996927562674317980e-01 1.996927557853857838e-01 1.930306601227738117e-01
9.765321537741838975e-02 1.510976160796723144e-01 1.957571278551549221e-01 1.957571273670712653e-01 1.510976155000019749e-01
5.898386141854928015e-04 8.555539027014014142e-02 1.623492872187930203e-01 1.623492871687438888e-01 8.555539029670493345e-02
9.765321551026011349e-02 1.510976164327753613e-01 1.957571282516769595e-01 1.957571284666958789e-01 1.510976168362206384e-01
1.804866445661703067e-01 1.930306604546641602e-01 1.996927559109058781e-01 1.996927560271622160e-01 1.930306607774525118e-01
1.982479604447422161e-01 1.993553475119918539e-01 1.998909757836253576e-01 1.998909752000228301e-01 1.993553468109882931e-01
1.996431519939374510e-01 1.993415234344989018e-01 1.995167635943168594e-01 1.995167629788794084e-01 1.993415225807428914e-01
1.994770549140192639e-01 1.994954166989908739e-01 1.997421280578293434e-01 1.997421279777105152e-01 1.994954166325568490e-01
1.996326731420489664e-01 1.997936052905245341e-01 1.999790778876492925e-01 1.999790780199081630e-01 1.997936055044780557e-01
1.998248253573951250e-01 1.998812032726345334e-01 1.999099381400911424e-01 1.999099381732684921e-01 1.998812033650253506e-01
1.981769913181521681e-01 1.981903531686037556e-01 1.981883716136910722e-01 1.981883709336094701e-01 1.981903522668183315e-01
1.921532450579148954e-01 1.921485885009648897e-01 1.921390246440028149e-01 1.921390239298231550e-01 1.921485874564429208e-01
1.983623640760489304e-01 1.983536126550849432e-01 1.983472322804736565e-01 1.983472321738269928e-01 1.983536125252380877e-01
1.999986131245408139e-01 1.999991771006602859e-01 1.999998449657605371e-01 1.999998450485006851e-01 1.999991772228272846e-01
1.987427234837234324e-01 1.987486553294423863e-01 1.987466656911924534e-01 1.987466657131990999e-01 1.987486553793469390e-01
1.701610752627426282e-01 1.701691081551749973e-01 1.701659418775499089e-01 1.701659413257279319e-01 1.701691073877810989e-01
4.008763436495775545e-02 4.009256804825483966e-02 4.009256872055816379e-02 4.009256818807552941e-02 4.009256722558655200e-02
3.082882516194775623e-03 3.084047535669880331e-03 3.084774550513730718e-03 3.084774504181926006e-03 3.084047449397779323e-03
