1.749874181902027759e-01 1.746308312736785384e-01 1.747870330173689202e-01 1.747870330113569792e-01 1.746308312296954157e-01
2.217792273324975805e-01 2.214068399716333235e-01 2.214468570532738545e-01 2.214468570404949377e-01 2.214068399036215051e-01
2.040609754204773807e-01 2.042108925447088941e-01 2.037898109376864719e-01 2.037898109101289879e-01 2.042108924690073657e-01
2.006882208869061879e-01 2.015769889022115124e-01 2.007814306371376589e-01 2.007814306170981888e-01 2.015769888476825478e-01
2.003263815792373503e-01 2.002067105257860635e-01 2.001427680813858689e-01 2.001427681064538722e-01 2.002067104830800026e-01
2.038743872144749558e-01 2.000439554650073060e-01 2.012388422796923537e-01 2.012388423386319569e-01 2.000439554261641550e-01
2.027842895586366712e-01 2.002983393098874132e-01 2.002503428480235104e-01 2.002503428791993223e-01 2.002983392883016522e-01
2.009749089276192668e-01 2.040510366591067881e-01 2.001570210854584364e-01 2.001570210852094966e-01 2.040510367524721591e-01
2.006867094666402174e-01 2.076243386736840169e-01 2.015004427091820760e-01 2.015004427198301140e-01 2.076243387643788851e-01
2.028399735691981676e-01 2.017969683904847211e-01 2.012430064045059031e-01 2.012430064865148305e-01 2.017969684014589427e-01
2.256394433658731602e-01 2.000139274646363374e-01 2.074982143151673231e-01 2.074982144133644124e-01 2.000139274623149999e-01
2.180593123562420133e-01 2.018650454832865704e-01 2.013218388867525632e-01 2.013218389457924473e-01 2.018650455386171438e-01
2.051563487128815477e-01 2.277346953467006552e-01 2.013215169480415401e-01 2.013215169567530993e-01 2.277346955381900628e-01
2.010888596592664279e-01 2.485963089877812615e-01 2.089426584836925616e-01 2.089426585124800895e-01 2.485963090916748497e-01
2.180156840278642538e-01 2.063093721769364841e-01 2.077182976234580314e-01 2.077182977106954431e-01 2.063093721697460414e-01
4.277021330297979818e-01 1.969923413774215259e-01 2.431817658056475706e-01 2.431817658376244640e-01 1.969923413878236218e-01
2.180156840851522337e-01 2.063093721456035201e-01 2.077182975823333166e-01 2.077182976072801113e-01 2.063093721965867100e-01
2.010888599030661861e-01 2.485963103346197356e-01 2.089426589592013050e-01 2.089426589549355506e-01 2.485963103862843526e-01
2.051563491103250148e-01 2.277346963725919715e-01 2.013215169114461467e-01 2.013215169231160062e-01 2.277346963273390312e-01
2.180593137058866593e-01 2.018650457394187414e-01 2.013218391370259208e-01 2.013218391345011071e-01 2.018650457265860343e-01
2.256394464947167056e-01 2.000139275256501425e-01 2.074982154046134675e-01 2.074982153701262211e-01 2.000139275553609597e-01
2.028399741392854505e-01 2.017969686064721713e-01 2.012430066044423593e-01 2.012430065978869365e-01 2.017969686032541898e-01
2.006867097215127571e-01 2.076243407148691822e-01 2.015004433132917827e-01 2.015004433014460639e-01 2.076243406326018781e-01
2.009749092973020512e-01 2.040510379819675812e-01 2.001570211395843624e-01 2.001570211537931909e-01 2.040510379291262666e-01
2.027842908574999659e-01 2.002983395479802919e-01 2.002503431204167295e-01 2.002503431164126546e-01 2.002983395510978260e-01
2.038743899531118842e-01 2.000439556257459783e-01 2.012388433831988899e-01 2.012388433540737709e-01 2.000439556496540761e-01
2.003263818475386204e-01 2.002067106430252819e-01 2.001427682106309280e-01 2.001427682006501896e-01 2.002067106530188989e-01
2.006882212205954585e-01 2.015769902882300069e-01 2.007814312123905875e-01 2.007814312137221058e-01 2.015769903051763123e-01
2.040609756737211955e-01 2.042108930262765687e-01 2.037898108933526298e-01 2.037898108944361797e-01 2.042108930400164668e-01
2.217792278184045618e-01 2.214068399276686583e-01 2.214468570979976347e-01 2.214468570965398564e-01 2.214068399449404256e-01
1.749874192338769785e-01 1.746308316602208921e-01 1.747870337196096857e-01 1.747870337200580493e-01 1.746308316756068069e-01
