1.886371112804425057e-02 1.886371113817038661e-02 1.886371109475454277e-02 1.886371109253704575e-02
1.665318900210059350e-01 1.665318900879961816e-01 1.665318894256679338e-01 1.665318893733245265e-01
1.891775666646305920e-01 1.891775667790954185e-01 1.891775652148008080e-01 1.891775650927957908e-01
1.892149457509594290e-01 1.892149457143571523e-01 1.892149449489174684e-01 1.892149449384217808e-01
2.045704319404496596e-01 2.045704318885773199e-01 2.045704316555411462e-01 2.045704316480421447e-01
2.118732741522805774e-01 2.118732740719605212e-01 2.118732740512244972e-01 2.118732739648769847e-01
2.041272884424999157e-01 2.041272881736495570e-01 2.041272879085621883e-01 2.041272877875751623e-01
1.845669096837011525e-01 1.845669094101293206e-01 1.845669082860814103e-01 1.845669080330232525e-01
1.847676764361882717e-01 1.847676765677913890e-01 1.847676748290479065e-01 1.847676741541778855e-01
2.042807717923647570e-01 2.042807715443187844e-01 2.042807705027656628e-01 2.042807699630050933e-01
2.118752180540099117e-01 2.118752175507256919e-01 2.118752170239578680e-01 2.118752164470730781e-01
1.993510796060022072e-01 1.993510786519265277e-01 1.993510789605069944e-01 1.993510778721769572e-01
1.374127541852610268e-01 1.374127531734572472e-01 1.374127561388331920e-01 1.374127548489008366e-01
1.378889608648087850e-01 1.378889599148926393e-01 1.378889670268020340e-01 1.378889655806741499e-01
1.996176769236601700e-01 1.996176763570229329e-01 1.996176794418921263e-01 1.996176793569568730e-01
2.117672633160525841e-01 2.117672629015291408e-01 2.117672636470571967e-01 2.117672640811744944e-01
1.996173453091149574e-01 1.996173446428585740e-01 1.996173514112035141e-01 1.996173522945718370e-01
1.378858942303516077e-01 1.378858926509562433e-01 1.378859108758573315e-01 1.378859129160875663e-01
1.374097064042790750e-01 1.374097049275291582e-01 1.374097244516493954e-01 1.374097261671883285e-01
1.993507539344172297e-01 1.993507533465725123e-01 1.993507610047980105e-01 1.993507614209152901e-01
2.118751984808900923e-01 2.118751980846791949e-01 2.118751996393179460e-01 2.118751997368163720e-01
2.042807453538057205e-01 2.042807457284982753e-01 2.042807461714996331e-01 2.042807464306208021e-01
1.847673621172642444e-01 1.847673623029153223e-01 1.847673639255947020e-01 1.847673645035901036e-01
1.845665836689734940e-01 1.845665840063697993e-01 1.845665860039805706e-01 1.845665867654546766e-01
2.041272565224196978e-01 2.041272568669442733e-01 2.041272577688779122e-01 2.041272580702029049e-01
2.118732716878996281e-01 2.118732717190192072e-01 2.118732718139748894e-01 2.118732718236815138e-01
2.045704282991378242e-01 2.045704283413302682e-01 2.045704284886244728e-01 2.045704285839485825e-01
1.892148976588438336e-01 1.892148976568754914e-01 1.892148982903668342e-01 1.892148983979184129e-01
1.891775147408605307e-01 1.891775146793741313e-01 1.891775159604359990e-01 1.891775160547884138e-01
1.665318841141753547e-01 1.665318840852491045e-01 1.665318846235877004e-01 1.665318846577916456e-01
1.886371070997596225e-02 1.886371070805974506e-02 1.886371074329932021e-02 1.886371074566522282e-02
