1.875724623954579465e-02 1.875712635216823798e-02 1.875698039053499272e-02 1.875712018240346252e-02
1.640072979567598899e-01 1.640055242372694400e-01 1.640034923920546950e-01 1.640054358016523606e-01
1.613940499106183146e-01 1.613761767507478073e-01 1.613576013688970412e-01 1.613759794021885630e-01
1.621120518815424572e-01 1.620486051464090915e-01 1.619846580700931016e-01 1.620485561215185277e-01
2.024782831261701666e-01 2.024510754285418490e-01 2.024239751996334269e-01 2.024510745429246583e-01
2.118463883713240792e-01 2.118454262384473208e-01 2.118448478297158544e-01 2.118454268700275256e-01
2.003027860294781526e-01 2.003022498466915935e-01 2.003016132374186298e-01 2.003022266320922118e-01
1.386305008908172987e-01 1.386053213152712293e-01 1.385791375695264727e-01 1.386052651164151328e-01
1.386739383205655152e-01 1.385704877010567326e-01 1.384661904498944163e-01 1.385704739619876558e-01
2.002736049118812311e-01 2.002239257856350263e-01 2.001748849865360447e-01 2.002239257719377052e-01
2.120119489713979122e-01 2.120044561800757399e-01 2.119984775497722740e-01 2.120044575176663892e-01
2.016493446873229012e-01 2.016504334806704934e-01 2.016515216547025979e-01 2.016504420387413288e-01
1.526121688441399726e-01 1.526771204815735861e-01 1.527390766844746728e-01 1.526771385129415681e-01
1.518206032502712743e-01 1.520696338480925502e-01 1.523158492272395637e-01 1.520696398091346546e-01
2.005353911280207957e-01 2.006355172767468609e-01 2.007386157317898878e-01 2.006355181373592755e-01
2.118740439212302151e-01 2.118663447870341443e-01 2.118654663952528605e-01 2.118663453570126254e-01
2.014800578911471463e-01 2.014818916908633628e-01 2.014833986448762992e-01 2.014819004324024942e-01
1.520803245067054721e-01 1.523167377809801215e-01 1.525394125091144304e-01 1.523167580122646581e-01
1.497116874462451064e-01 1.506537279138907837e-01 1.515849444881535724e-01 1.506537353704125726e-01
1.966854317611790304e-01 1.971176937370221760e-01 1.975682025712722778e-01 1.971176951321687576e-01
2.114600766476067706e-01 2.114888264284303931e-01 2.115511675082820120e-01 2.114888268163676033e-01
2.003838271981079888e-01 2.003802832695539271e-01 2.003693652448441942e-01 2.003802870591405716e-01
1.380787360114148210e-01 1.380510940165828038e-01 1.379533557651531350e-01 1.380511026598884028e-01
1.280118440445583983e-01 1.278868833285294326e-01 1.277292754415815801e-01 1.278868866029285456e-01
1.761456426675262477e-01 1.762954790301173857e-01 1.765728838116077948e-01 1.762954797682379227e-01
2.088849826629239070e-01 2.090277266898129538e-01 2.093637067327905332e-01 2.090277271202215514e-01
2.024744288553130822e-01 2.024624464112527167e-01 2.024161644493398804e-01 2.024624490656622422e-01
1.599892888324170870e-01 1.585448438762925849e-01 1.566685284198952588e-01 1.585448493663416392e-01
1.108225473719663401e-01 1.044913693884192835e-01 9.757264046335543950e-02 1.044913705511167773e-01
4.047059075163814135e-02 3.726118247845906783e-02 3.356042709275453007e-02 3.726118243429324406e-02
4.281525265786617976e-03 3.858103402914129024e-03 3.108403908658136615e-03 3.858103388254742472e-03
