1.883814751695757350e-02 1.883813882679732585e-02 1.883812865593986058e-02 1.883813687735129416e-02
1.659574826438756090e-01 1.659573610251573739e-01 1.659572138603353786e-01 1.659573333694903396e-01
1.829274531638290513e-01 1.829264756649630619e-01 1.829254420425170113e-01 1.829264112409063336e-01
1.831587455972819023e-01 1.831555415910834095e-01 1.831523393421815582e-01 1.831555134094683401e-01
2.041237589249622619e-01 2.041224942767211614e-01 2.041212566740856771e-01 2.041224867555150868e-01
2.118517771014297446e-01 2.118518515765469845e-01 2.118519104084920224e-01 2.118518471886594867e-01
2.028298526070279884e-01 2.028295509694630905e-01 2.028291772072531862e-01 2.028295303854276144e-01
1.693481808508105202e-01 1.693425001865021262e-01 1.693368047420517053e-01 1.693424583803654071e-01
1.696153594658447727e-01 1.695941987374059434e-01 1.695733132113645958e-01 1.695941849535196888e-01
2.030591986747954381e-01 2.030504084066413473e-01 2.030419700735545119e-01 2.030504075033422451e-01
2.120646061720584674e-01 2.120647759886918060e-01 2.120649046392734383e-01 2.120647754650194783e-01
2.020691368843580693e-01 2.020680477518482787e-01 2.020665617130906755e-01 2.020680426493900173e-01
1.588442613957619653e-01 1.588195692079319432e-01 1.587950035508378932e-01 1.588195571082610669e-01
1.590257997061115258e-01 1.589323273754499333e-01 1.588408450775930514e-01 1.589323231554262417e-01
2.021810159117984063e-01 2.021412277808452007e-01 2.021039654992991541e-01 2.021412272623447082e-01
2.120699939010910196e-01 2.120700072971013483e-01 2.120700238510561941e-01 2.120700074913527688e-01
2.021217090298871588e-01 2.021183499076991408e-01 2.021127991774276655e-01 2.021183485361702503e-01
1.587546154299013523e-01 1.586671527652779301e-01 1.585804556211852234e-01 1.586671497396136277e-01
1.588934272626341682e-01 1.585593583906821369e-01 1.582365876522951742e-01 1.585593602538058755e-01
2.021898142383595776e-01 2.020440674488931110e-01 2.019128626672666849e-01 2.020440682317375947e-01
2.120671147452178051e-01 2.120646927498652801e-01 2.120636842579107229e-01 2.120646927314421837e-01
2.030111799911624992e-01 2.030035377026338239e-01 2.029859827256226823e-01 2.030035379341312562e-01
1.692474066120455700e-01 1.689955518583504124e-01 1.687465243335660170e-01 1.689955537511642625e-01
1.697003046078575661e-01 1.687249402040659207e-01 1.677998101011380361e-01 1.687249490965967158e-01
2.032011468024099432e-01 2.027516760819363661e-01 2.023725233718260963e-01 2.027516799582645968e-01
2.119015034276415244e-01 2.118840482834374317e-01 2.119114679728507367e-01 2.118840484172523908e-01
2.041003477778791930e-01 2.040910890976403158e-01 2.040978608751143897e-01 2.040910892708790447e-01
1.831982910821144950e-01 1.827790253091314543e-01 1.820981440306964072e-01 1.827790298135760494e-01
1.859986903271212688e-01 1.831441686991217566e-01 1.786538034550186060e-01 1.831441871947777356e-01
1.764249271722493628e-01 1.664256734089464562e-01 1.519763997932951916e-01 1.664256819086838146e-01
2.523452154792153734e-02 1.969261259964114746e-02 9.451808161003596651e-03 1.969261347824903877e-02
