1.886330779069491162e-02 1.886330561921241086e-02 1.886330352692684384e-02 1.886330559314912739e-02
1.665625822933960165e-01 1.665625521759592220e-01 1.665625215921562319e-01 1.665625517572355274e-01
1.895889572868649231e-01 1.895887014545991345e-01 1.895884456023131659e-01 1.895887004989332270e-01
1.896114312528998369e-01 1.896105791764669535e-01 1.896097393583734136e-01 1.896105788683977167e-01
2.045926324925594619e-01 2.045923072907084583e-01 2.045920025881014515e-01 2.045923072345026683e-01
2.118677994506842355e-01 2.118678328637193242e-01 2.118678622527986055e-01 2.118678328304064162e-01
2.045348608532757961e-01 2.045347275758186700e-01 2.045345518551149600e-01 2.045347273149446810e-01
1.893469254480610875e-01 1.893446136895033938e-01 1.893422911028123101e-01 1.893446131311625480e-01
1.893550246580173180e-01 1.893465254065993253e-01 1.893382189587605180e-01 1.893465252177431446e-01
2.045946474951395866e-01 2.045912772965478577e-01 2.045882318882136230e-01 2.045912772061469764e-01
2.120692585196684576e-01 2.120695118464849260e-01 2.120697729741952142e-01 2.120695118230752074e-01
2.045880122880893992e-01 2.045871155172310774e-01 2.045856814484002251e-01 2.045871153992765978e-01
1.892998789292202055e-01 1.892816892751129076e-01 1.892632399316653558e-01 1.892816889746315734e-01
1.893389168164935354e-01 1.892710669184630989e-01 1.892054700293790137e-01 1.892710667364758681e-01
2.045859856131923560e-01 2.045592138024613371e-01 2.045367467336490774e-01 2.045592137459560367e-01
2.120644794731636473e-01 2.120665862600256690e-01 2.120695518778651922e-01 2.120665862663192458e-01
2.045759617666904895e-01 2.045703113281026886e-01 2.045580464551681743e-01 2.045703112764813147e-01
1.891954316678151615e-01 1.890593437645717301e-01 1.889176495974015935e-01 1.890593435650021747e-01
1.893665443171962948e-01 1.888520840522347199e-01 1.883620472258967782e-01 1.888520837445253897e-01
2.042677055788675589e-01 2.040803678691077150e-01 2.039497183272256930e-01 2.040803677330821908e-01
2.119868020358939009e-01 2.120114301537333046e-01 2.120582653527751660e-01 2.120114301415286229e-01
2.045533255149586394e-01 2.045238309303494262e-01 2.044112582442804971e-01 2.045238309104472352e-01
1.891539163236594934e-01 1.881706917183426642e-01 1.870770301759104304e-01 1.881706915647125000e-01
1.883716074127189943e-01 1.845909360257241283e-01 1.810597553143580563e-01 1.845909355808021957e-01
1.970228567534862418e-01 1.961530257082891304e-01 1.960591647826453732e-01 1.961530255064365125e-01
2.104106368050707998e-01 2.108830524035262555e-01 2.118815778079722878e-01 2.108830523878427177e-01
2.045452767203037037e-01 2.044533430825285492e-01 2.033466940368009179e-01 2.044533430756692582e-01
1.895532093388248851e-01 1.830487479385016492e-01 1.736792841453197178e-01 1.830487477761699733e-01
1.514015784449127544e-01 1.231717559779265253e-01 9.253644772506104677e-02 1.231717553720560188e-01
3.930314972894921599e-02 2.482661351858920368e-02 9.398714573638992931e-03 2.482661320531492216e-02
4.325789452155765109e-03 2.425800537761967426e-03 7.034588641726338015e-05 2.425800488999842446e-03
