2.795061735029395408e-02 2.795061734272498086e-02 2.795061734673061696e-02 2.795061734242037035e-02 2.795061734174352636e-02
1.714457223212690062e-01 1.714457222882574128e-01 1.714457222978637563e-01 1.714457222747796383e-01 1.714457222159444794e-01
2.005916803858384390e-01 2.005916801980372755e-01 2.005916801937161209e-01 2.005916802004628074e-01 2.005916799815866958e-01
2.002266427064522958e-01 2.002266424624588592e-01 2.002266421841119581e-01 2.002266419376040885e-01 2.002266416863780207e-01
1.999999192259959702e-01 1.999999191081863192e-01 1.999999187407834611e-01 1.999999183744956555e-01 1.999999183192334717e-01
1.998321213162017329e-01 1.998321212379638723e-01 1.998321211336442638e-01 1.998321210492245703e-01 1.998321210773933154e-01
1.999548728168568379e-01 1.999548727524051717e-01 1.999548727403576698e-01 1.999548727432430284e-01 1.999548727185952723e-01
1.999985233402736817e-01 1.999985231931050988e-01 1.999985231556079546e-01 1.999985232135607915e-01 1.999985229851465873e-01
1.999996636599660205e-01 1.999996635865350092e-01 1.999996631811052639e-01 1.999996628186533898e-01 1.999996625090847968e-01
1.999983762568725010e-01 1.999983764101776196e-01 1.999983758674121759e-01 1.999983753276043386e-01 1.999983753077686777e-01
1.999994860092236260e-01 1.999994860880223435e-01 1.999994859126511260e-01 1.999994857944058235e-01 1.999994859136487724e-01
1.999999381722330494e-01 1.999999381462580494e-01 1.999999381361792505e-01 1.999999381547834798e-01 1.999999381926398090e-01
1.999996855504389548e-01 1.999996853587068524e-01 1.999996853218725668e-01 1.999996853673214059e-01 1.999996852110392243e-01
1.999935958106106859e-01 1.999935957545303511e-01 1.999935949183931638e-01 1.999935943345990674e-01 1.999935942871071959e-01
1.999723513293862887e-01 1.999723515661642470e-01 1.999723505221089326e-01 1.999723496727078831e-01 1.999723499339804422e-01
1.999947659667003497e-01 1.999947661476009775e-01 1.999947658441520171e-01 1.999947656312179856e-01 1.999947657994251560e-01
1.999999999424161290e-01 1.999999999629843983e-01 1.999999999509188831e-01 1.999999999731829903e-01 2.000000000023666735e-01
1.999947607138942984e-01 1.999947605684756213e-01 1.999947604983287053e-01 1.999947605048483512e-01 1.999947603499650506e-01
1.998922766755153180e-01 1.998922767560993852e-01 1.998922755128674789e-01 1.998922745278219060e-01 1.998922746649446358e-01
1.995348790352837187e-01 1.995348794175059726e-01 1.995348778646084675e-01 1.995348763989496232e-01 1.995348769410621170e-01
1.999117540595967968e-01 1.999117542680107495e-01 1.999117538314725551e-01 1.999117532934732155e-01 1.999117535825705172e-01
2.000000002060140503e-01 2.000000002421515322e-01 2.000000002025397461e-01 2.000000001272482786e-01 2.000000001627076918e-01
1.999119940668560857e-01 1.999119940451103139e-01 1.999119938324482038e-01 1.999119939020785608e-01 1.999119936981815782e-01
1.981882510486686622e-01 1.981882513912535393e-01 1.981882498303329521e-01 1.981882489054525853e-01 1.981882489954938376e-01
1.921393597168860878e-01 1.921393603035584652e-01 1.921393584700757939e-01 1.921393570329321399e-01 1.921393575537984622e-01
1.983525895596318089e-01 1.983525898016681444e-01 1.983525893039027044e-01 1.983525888260879999e-01 1.983525891215582593e-01
1.999999999514128490e-01 2.000000000104009690e-01 1.999999999677081197e-01 2.000000000143543899e-01 2.000000000636823760e-01
1.987471075563122525e-01 1.987471076363121758e-01 1.987471074177263597e-01 1.987471077898257665e-01 1.987471076083935917e-01
1.701708027611580631e-01 1.701708030380907899e-01 1.701708017496703917e-01 1.701708015541130437e-01 1.701708015825347531e-01
4.011058960929337475e-02 4.011058987191504221e-02 4.011058878018022161e-02 4.011058835487661678e-02 4.011058860663042208e-02
3.087683466911928746e-03 3.087683488765755220e-03 3.087683436089626570e-03 3.087683479086222871e-03 3.087683486299296759e-03
