2.795009788005642717e-02 2.795010803888539966e-02 2.795012366117700237e-02 2.795012282309963098e-02 2.795009483070572814e-02
1.714441756314449006e-01 1.714441465538360798e-01 1.714439969084788629e-01 1.714439050429606703e-01 1.714439343921419501e-01
2.005703096661151930e-01 2.005698635950325659e-01 2.005663049804402298e-01 2.005641360819187813e-01 2.005661406788317169e-01
1.998496650416222986e-01 1.998493009933743902e-01 1.998196502286390674e-01 1.998009246746728085e-01 1.998180893645715994e-01
1.983368068280921270e-01 1.983571510978543173e-01 1.983807441741144151e-01 1.983750991791400076e-01 1.983455978405616604e-01
1.994214812000694170e-01 1.994405247220586430e-01 1.994875413070825720e-01 1.994981618739516405e-01 1.994554189684939471e-01
1.996566673096066835e-01 1.996547656826826445e-01 1.996466653640923405e-01 1.996429714906736708e-01 1.996497398260837219e-01
1.965780749265476357e-01 1.965697975524727803e-01 1.964611265139903085e-01 1.963961749269148849e-01 1.964659461282111663e-01
1.669904974728053659e-01 1.670658080792876976e-01 1.664726289683328975e-01 1.660196511213651027e-01 1.663160647716829255e-01
7.839957699627407572e-02 7.964902890139090308e-02 8.207411074568699005e-02 8.233090447725445460e-02 7.999736788201089466e-02
1.636016278538966751e-01 1.648925896889413545e-01 1.681437940357347338e-01 1.688833716352301229e-01 1.660004166669069858e-01
1.961251252719816429e-01 1.962571187526731542e-01 1.965896648043606032e-01 1.966812766458625461e-01 1.963663099765685927e-01
1.997031082563210935e-01 1.996967058152695762e-01 1.996628935991484055e-01 1.996609691862236691e-01 1.996852617828935306e-01
1.995682742593891112e-01 1.995488876257795752e-01 1.994868268657780108e-01 1.994599273341720047e-01 1.995040461347943883e-01
1.978661395301772319e-01 1.978861508143456016e-01 1.979182577689089784e-01 1.979133636763982518e-01 1.978759572975483660e-01
1.994034968056039026e-01 1.994390223166316312e-01 1.995231325529146782e-01 1.995411457968695734e-01 1.994672028656003515e-01
1.999464738917586526e-01 1.999484084418522156e-01 1.999560409624931423e-01 1.999560575240739990e-01 1.999486022933287532e-01
1.999397943437571101e-01 1.999376958414618710e-01 1.999362554489897692e-01 1.999308074526483792e-01 1.999307073804071910e-01
1.995334582387983113e-01 1.995503568977321784e-01 1.995289366538424980e-01 1.994962761642119220e-01 1.994990664621144605e-01
1.983789495716205276e-01 1.983981862690547271e-01 1.983759054894339013e-01 1.983499779303525556e-01 1.983550823076715708e-01
1.995963855542942367e-01 1.995949069340872684e-01 1.996051826060092904e-01 1.996144522977778279e-01 1.996157305585215813e-01
1.996445967930494392e-01 1.996414225101728890e-01 1.996496427639622429e-01 1.996569398792905903e-01 1.996584864048407404e-01
1.960920358748229897e-01 1.961536435419947155e-01 1.960731965365745955e-01 1.959501114224564133e-01 1.960005506643779927e-01
1.654482710893752095e-01 1.659516805686430119e-01 1.651702757564776081e-01 1.641592883152566407e-01 1.644135337991232959e-01
8.042318993467356680e-02 8.093205079803453272e-02 8.013845246802273059e-02 7.912174988197898107e-02 7.933841459601664869e-02
1.648973563482315219e-01 1.649684944315497892e-01 1.648705480954101854e-01 1.647335165399941015e-01 1.647529002774846263e-01
1.958814404991863489e-01 1.958836412722028408e-01 1.958802967168808140e-01 1.958755486619068453e-01 1.958733344735236748e-01
1.980743112816926443e-01 1.980659951670862284e-01 1.980756750751763717e-01 1.980917026844655204e-01 1.980843810150277329e-01
1.680916103896996916e-01 1.680368961013690710e-01 1.681195762116526327e-01 1.682291384631625364e-01 1.682014585166174692e-01
3.302825255838585938e-02 3.297588993242554778e-02 3.305834639190978474e-02 3.316344546796305692e-02 3.313982671446561584e-02
1.789927970962023425e-03 1.784836333796466744e-03 1.792968736661666165e-03 1.803284089685525549e-03 1.800915453293389524e-03
