2.019812377558696248e-01 2.019812377567853645e-01 2.019812377750476173e-01 2.019812377597852149e-01
2.289510908601950501e-01 2.289510908543571366e-01 2.289510908712723558e-01 2.289510908555068003e-01
1.935732939547379072e-01 1.935732939383245088e-01 1.935732939220971560e-01 1.935732939264403485e-01
1.898372866825183136e-01 1.898372866770508260e-01 1.898372866689070904e-01 1.898372866777476020e-01
2.045971221391615635e-01 2.045971221495267445e-01 2.045971221747744095e-01 2.045971221544964913e-01
2.121200764893810820e-01 2.121200764816372208e-01 2.121200764777436409e-01 2.121200764778945480e-01
2.046536130326772895e-01 2.046536130338840187e-01 2.046536129730893716e-01 2.046536129834561901e-01
1.893718707379918320e-01 1.893718707630872022e-01 1.893718707134040002e-01 1.893718706699804577e-01
1.893221223389255359e-01 1.893221222975214613e-01 1.893221223503987471e-01 1.893221222921862845e-01
2.046034762106148930e-01 2.046034763079745966e-01 2.046034764068242195e-01 2.046034762340306346e-01
2.121505511769027352e-01 2.121505511961871981e-01 2.121505513291702671e-01 2.121505511076829942e-01
2.046667986799623473e-01 2.046667986202316825e-01 2.046667986984921361e-01 2.046667986656608151e-01
1.892657152927293696e-01 1.892657154530615615e-01 1.892657156311987054e-01 1.892657155112976719e-01
1.891947153752868704e-01 1.891947154596885505e-01 1.891947153782774227e-01 1.891947153261550330e-01
2.046047334190782552e-01 2.046047333345986097e-01 2.046047332971164812e-01 2.046047332061786128e-01
2.121597831713550042e-01 2.121597833060240024e-01 2.121597835340903737e-01 2.121597832104976378e-01
2.045970576855133116e-01 2.045970586597840313e-01 2.045970595167400652e-01 2.045970584907452761e-01
1.892285309437558016e-01 1.892285340227783386e-01 1.892285368482558572e-01 1.892285340820534512e-01
1.893102297678487256e-01 1.893102346327303342e-01 1.893102426297776919e-01 1.893102347616491821e-01
2.046667357856697123e-01 2.046667526686704042e-01 2.046667900101817039e-01 2.046667527366595185e-01
2.121359358477635515e-01 2.121360881594583914e-01 2.121363067740859032e-01 2.121360881940298482e-01
2.046039013119443917e-01 2.046047726178329695e-01 2.046056457746443513e-01 2.046047726745710837e-01
1.893478574891915289e-01 1.893505268699754163e-01 1.893532163205740027e-01 1.893505269054237550e-01
1.893973424241759129e-01 1.894020682283656665e-01 1.894107998674353366e-01 1.894020682820782564e-01
2.046782606408527327e-01 2.046989100896524361e-01 2.047425520959634815e-01 2.046989100939969330e-01
2.122146768484778345e-01 2.123368922972669603e-01 2.125393757062875311e-01 2.123368923196887192e-01
2.052791493865773476e-01 2.058296955332197808e-01 2.064318737823241101e-01 2.058296955485634794e-01
1.939447801730770082e-01 1.954978834271314525e-01 1.972080772615814603e-01 1.954978834497345108e-01
2.052853806165036987e-01 2.077460638840355200e-01 2.146646615644081102e-01 2.077460639546397370e-01
2.415891463776614068e-01 2.542182844716565637e-01 2.982176011224718648e-01 2.542182845407521818e-01
2.072016911208804102e-01 2.407937059198883012e-01 8.963576906276733425e-01 2.407937059534851210e-01
