2.795061621557581519e-02 2.795061662900544600e-02 2.795061659250951819e-02 2.795061659979003812e-02 2.795061664744099422e-02
1.714457204076108021e-01 1.714457217425696400e-01 1.714457214675222940e-01 1.714457214663270557e-01 1.714457217446440362e-01
2.005916747725728921e-01 2.005916797428911047e-01 2.005916808016163788e-01 2.005916807845343208e-01 2.005916796933100710e-01
2.002266219178065465e-01 2.002266441183648826e-01 2.002266602362132719e-01 2.002266602193081002e-01 2.002266440384462276e-01
1.999998662727249243e-01 1.999999074526299658e-01 1.999999902539580654e-01 1.999999902392117501e-01 1.999999073794197224e-01
1.998320745363806883e-01 1.998319796890681566e-01 1.998320592736330115e-01 1.998320592697483966e-01 1.998319796837292883e-01
1.999547401250900969e-01 1.999547804811596108e-01 1.999548631405313748e-01 1.999548631260177067e-01 1.999547804905250359e-01
1.999948471055180699e-01 1.999977093976409437e-01 1.999985408743538695e-01 1.999985408567779843e-01 1.999977093829174157e-01
1.999711189912432574e-01 1.999879946353437798e-01 1.999994303941353968e-01 1.999994303877640489e-01 1.999879946101580930e-01
1.998931088269174927e-01 1.999303753133979400e-01 1.999929323874287401e-01 1.999929323953870131e-01 1.999303752952703572e-01
1.999428768417153834e-01 1.998750773477940834e-01 1.999422366301167042e-01 1.999422366489085612e-01 1.998750773850319074e-01
2.000362723582764235e-01 1.999303137228642113e-01 1.999928706797357292e-01 1.999928706864472217e-01 1.999303137616075809e-01
1.979912874925955357e-01 1.995582781432695130e-01 1.999993876998200082e-01 1.999993876971079554e-01 1.995582781391642135e-01
1.800330870187948074e-01 1.931011617720208295e-01 1.997031890590539316e-01 1.997031890600742265e-01 1.931011617230079802e-01
9.706582730382831703e-02 1.509815279116575870e-01 1.957720709169155082e-01 1.957720709323036989e-01 1.509815278720325893e-01
3.704594418184381564e-05 8.525166416866274133e-02 1.622680367177453120e-01 1.622680367183928773e-01 8.525166417433201194e-02
9.706582719726536412e-02 1.509815278830571317e-01 1.957720708986101787e-01 1.957720708845485935e-01 1.509815279380857800e-01
1.800330868438705656e-01 1.931011617164785366e-01 1.997031890182451586e-01 1.997031890180334668e-01 1.931011617764124555e-01
1.979912873942788198e-01 1.995582780993332139e-01 1.999993876606495358e-01 1.999993876596481701e-01 1.995582781151693796e-01
2.000362723555833833e-01 1.999303136980023765e-01 1.999928706428306113e-01 1.999928706396721101e-01 1.999303136960683125e-01
1.999428767888418446e-01 1.998750773188564811e-01 1.999422365943438473e-01 1.999422365935016044e-01 1.998750773347691134e-01
1.998931086979546801e-01 1.999303753064965994e-01 1.999929324016617993e-01 1.999929324047463042e-01 1.999303753469247324e-01
1.999711188748725388e-01 1.999879946707782130e-01 1.999994304267074530e-01 1.999994304298437497e-01 1.999879947011202752e-01
1.999948470880850426e-01 1.999977094506841802e-01 1.999985409204569353e-01 1.999985409242426571e-01 1.999977094612485351e-01
1.999547401757801601e-01 1.999547805268635792e-01 1.999548631716571157e-01 1.999548631721108083e-01 1.999547805221635055e-01
1.998320745009470045e-01 1.998319796862230435e-01 1.998320592694858566e-01 1.998320592671698481e-01 1.998319796845421104e-01
1.999998661170151182e-01 1.999999074030305579e-01 1.999999902476612412e-01 1.999999902472497648e-01 1.999999074217140571e-01
2.002266217299905338e-01 2.002266440420607252e-01 2.002266601899307108e-01 2.002266601924457823e-01 2.002266440620402432e-01
2.005916746294530706e-01 2.005916796574729044e-01 2.005916807326226237e-01 2.005916807372865596e-01 2.005916796697006232e-01
1.714457203402849073e-01 1.714457216881338508e-01 1.714457214124550100e-01 1.714457214129960494e-01 1.714457216865231670e-01
2.795061626609651392e-02 2.795061668360796989e-02 2.795061663589865422e-02 2.795061663356188456e-02 2.795061667802065108e-02
