1.989951662719874337e-01 1.990912391710446816e-01 1.989983941716290949e-01 1.988444640568121091e-01 1.988423942811345102e-01
2.302237962362344570e-01 2.309699080683277339e-01 2.302495113517242786e-01 2.290588637205015488e-01 2.290428897497001626e-01
2.141589651938604899e-01 2.144975198018181928e-01 2.141695873854190801e-01 2.136313426703352059e-01 2.136225127049602157e-01
2.242498312837877539e-01 2.239690065888507720e-01 2.242386499001378652e-01 2.246867419042226088e-01 2.246903399986892313e-01
2.049897086884278075e-01 2.066315156511622508e-01 2.050506947782944067e-01 2.024143528800698422e-01 2.023854465006903747e-01
2.278096891850153738e-01 2.293134100672358511e-01 2.278618637135440550e-01 2.254592269829620577e-01 2.254271556718926428e-01
2.141343472619559041e-01 2.181059598473061023e-01 2.142721814032599592e-01 2.079496863370095816e-01 2.078657452799205774e-01
2.191505640248638254e-01 2.196242546670364171e-01 2.191599730334616025e-01 2.184193625338911593e-01 2.183978669266004868e-01
2.234353536487418412e-01 2.230354153273088336e-01 2.234162676658981439e-01 2.240504772420005564e-01 2.240498187922930484e-01
2.161050387604883383e-01 2.213160620116051969e-01 2.162981441672780780e-01 2.079307177197746437e-01 2.078388439495534867e-01
2.321431265555655987e-01 2.356195303023528032e-01 2.322636667968080437e-01 2.267113644040992804e-01 2.266370539972368259e-01
2.186580159604873119e-01 2.258755445986843080e-01 2.189086076439784867e-01 2.074272751648406077e-01 2.072753679928382164e-01
2.280126625484573677e-01 2.282622168671043783e-01 2.280079517684396595e-01 2.276385351348947650e-01 2.276116118585573556e-01
2.219062228915627821e-01 2.217438510834244536e-01 2.218923742521522746e-01 2.221428159750544196e-01 2.221319528142793320e-01
2.248999258010478397e-01 2.326594056810981082e-01 2.251866549208160484e-01 2.127299624291843771e-01 2.125919205502374287e-01
2.342113205896916295e-01 2.385956552000770281e-01 2.343631150041114719e-01 2.273625023851667815e-01 2.272685141097478823e-01
2.178989631816869721e-01 2.257001088036458825e-01 2.181698727295310891e-01 2.057644614649763726e-01 2.056005777268666845e-01
2.314767226438717296e-01 2.313279196292319095e-01 2.314573920511259486e-01 2.317250202845786422e-01 2.317052987450400892e-01
2.181657538484095271e-01 2.184017934843640873e-01 2.181664158786888186e-01 2.177800752792922179e-01 2.177619344634431353e-01
2.251354312154531523e-01 2.323175439515629270e-01 2.253994355256892512e-01 2.138747728703180029e-01 2.137448552732306717e-01
2.323712833278556988e-01 2.358486178616052420e-01 2.324914762020046100e-01 2.269404313624860392e-01 2.268656019437254034e-01
2.114023899233405668e-01 2.166425526372160182e-01 2.115843882003807241e-01 2.032530043986022494e-01 2.031430284596708880e-01
2.290537791694748360e-01 2.286615723471769335e-01 2.290313558922075776e-01 2.296756511239149146e-01 2.296697515467466533e-01
2.129313137616807017e-01 2.133973939432545486e-01 2.129436386069577525e-01 2.121937549351569363e-01 2.121771146407831488e-01
2.176991332191309525e-01 2.216549066102896370e-01 2.178430136249034921e-01 2.115011618879116262e-01 2.114272363481774497e-01
2.280773043452349047e-01 2.295821150018368673e-01 2.281291513615270328e-01 2.257278901379131397e-01 2.256952410398247733e-01
2.035080883876813074e-01 2.051592084799124527e-01 2.035654390060852026e-01 2.009405459988407583e-01 2.009059072569333582e-01
2.255052482909457867e-01 2.252258183228587896e-01 2.254933968055718718e-01 2.259435794284826993e-01 2.259460337623754589e-01
2.124742250465579130e-01 2.128115715504930172e-01 2.124854572315689472e-01 2.119458380078299842e-01 2.119378084746666169e-01
2.308935737729158055e-01 2.316390785935098229e-01 2.309196968146055573e-01 2.297282543256263798e-01 2.297127771726223400e-01
1.990806107934225411e-01 1.991770716236247463e-01 1.990838195875047067e-01 1.989303178406534589e-01 1.989280360016202065e-01
