1.987266997317350681e-01 1.987339293132967533e-01 1.987327503444629440e-01 1.987274280474692900e-01 1.987372182226485040e-01
2.288137653746198097e-01 2.288159878892213617e-01 2.288156251017230414e-01 2.288139891131230619e-01 2.288169980440330487e-01
2.110419636189539150e-01 2.110361940966236638e-01 2.110371342902269687e-01 2.110413814588056602e-01 2.110335671144625003e-01
2.233731004371113937e-01 2.233635182782280626e-01 2.233650809748900790e-01 2.233721342759746320e-01 2.233591581167606033e-01
2.000014832412728427e-01 2.000016197328227663e-01 2.000015974414550701e-01 2.000014969445990110e-01 2.000016817704242111e-01
2.226339696144061242e-01 2.226701402161418708e-01 2.226642421907713276e-01 2.226376134925046324e-01 2.226865953227770423e-01
2.067682128369040806e-01 2.067702239610656190e-01 2.067698951215810044e-01 2.067684150686331379e-01 2.067711363156944371e-01
2.062310161865072156e-01 2.062104738938925208e-01 2.062138222927114295e-01 2.062289449705285715e-01 2.062011239341270674e-01
2.190058290695349741e-01 2.189825485681728690e-01 2.189863450977058146e-01 2.190034824275203240e-01 2.189719560130101994e-01
2.000055705846995047e-01 2.000060832492099872e-01 2.000059996257793349e-01 2.000056222376261350e-01 2.000063164437837493e-01
2.184006683343036326e-01 2.184576194032823160e-01 2.184483331404353801e-01 2.184064057889744948e-01 2.184835286315568170e-01
2.053067230550117972e-01 2.053083041085654037e-01 2.053080452034140579e-01 2.053068818521853744e-01 2.053090201493270039e-01
2.045774860658656769e-01 2.045479631258063091e-01 2.045527756427343857e-01 2.045745098215154267e-01 2.045345267091234764e-01
2.133674105143390787e-01 2.133368931901890864e-01 2.133418696780705337e-01 2.133643346597049184e-01 2.133230080329113765e-01
2.000112630319513529e-01 2.000122995210557864e-01 2.000121304923560550e-01 2.000113674331750191e-01 2.000127710123567326e-01
2.126501120050720006e-01 2.127146037895547293e-01 2.127040882175663672e-01 2.126566092433680721e-01 2.127439441923406060e-01
2.034812342339906432e-01 2.034822716323215763e-01 2.034821015134069822e-01 2.034813382586673214e-01 2.034827407325004722e-01
2.027241698527683933e-01 2.026936534415361424e-01 2.026986280964263309e-01 2.027210938006749064e-01 2.026797657872531910e-01
2.074301272991093403e-01 2.074006034518944552e-01 2.074054177069266092e-01 2.074271518045770479e-01 2.073871703992969939e-01
2.000171825839460182e-01 2.000187625634762822e-01 2.000185049159790562e-01 2.000173417353068028e-01 2.000194813125801552e-01
2.067758486515246796e-01 2.068327985836213023e-01 2.068235129791082538e-01 2.067815862444113695e-01 2.068587084976669932e-01
2.017218061068969392e-01 2.017223192799911247e-01 2.017222350152951260e-01 2.017218574631634287e-01 2.017225510129925237e-01
2.011218792182296600e-01 2.010985993803775795e-01 2.011023945000325885e-01 2.011195328833322860e-01 2.010880056867433152e-01
2.026473524944311932e-01 2.026268095259959878e-01 2.026301591434652438e-01 2.026452822892412242e-01 2.026174627055646049e-01
2.000380102151743389e-01 2.000400204946957416e-01 2.000396926999917224e-01 2.000382127385222919e-01 2.000409350439189271e-01
2.022256779851001329e-01 2.022618472350676266e-01 2.022559500779186337e-01 2.022293221079568271e-01 2.022783032756324817e-01
2.004584660104704319e-01 2.004586026649359809e-01 2.004585801991964067e-01 2.004584796558739335e-01 2.004586643037815641e-01
2.005681116112489892e-01 2.005585296451954103e-01 2.005600917841280639e-01 2.005671460023341623e-01 2.005541696084734982e-01
2.039494551463593985e-01 2.039436852340564543e-01 2.039446259923520799e-01 2.039488737602116464e-01 2.039410600045470368e-01
2.213739350831487318e-01 2.213761572812170675e-01 2.213757949603118447e-01 2.213741589766534401e-01 2.213771683022356107e-01
1.745231449393265799e-01 1.745303741608844328e-01 1.745291955302736009e-01 1.745238733414176124e-01 1.745336633867511922e-01
