1.747322261498194806e-01 1.747378647415270270e-01 1.747307603690516908e-01 1.747290451018989887e-01 1.747266527328772134e-01
2.217450107941611459e-01 2.217444715357720364e-01 2.217331087188009475e-01 2.217341032077131124e-01 2.217206513481763397e-01
2.040356069143549889e-01 2.040372011433559118e-01 2.040043225471551980e-01 2.039589480567600699e-01 2.039246710663066287e-01
2.002332353825806988e-01 2.002362949044368678e-01 2.001849645616112505e-01 2.000838407118472051e-01 2.000599927092936436e-01
1.994095657483134776e-01 1.993675570324289215e-01 1.993621907538007387e-01 1.992744150493645228e-01 1.992834348014936585e-01
1.995000564362205964e-01 1.994607419553217631e-01 1.995107038344623440e-01 1.995217876189253892e-01 1.995134524204022208e-01
2.002787316440008125e-01 2.002883939793057289e-01 2.003057870139407781e-01 2.002456424852125660e-01 2.001223678278723772e-01
2.007241338352120374e-01 2.006664780412635296e-01 2.006155313819199815e-01 2.005288124069896927e-01 2.003879733191103740e-01
1.999394149215051597e-01 1.998380502524774449e-01 1.998360704768968321e-01 1.997094048069350813e-01 1.996908522031239086e-01
1.995975485394224369e-01 1.995252375909742637e-01 1.995929575512832843e-01 1.996788160930770273e-01 1.997022486013834142e-01
2.002137502946500502e-01 2.002746141538373770e-01 2.002940767354446094e-01 2.002916905993494812e-01 2.003001842060750659e-01
2.001905184538361193e-01 2.001900786051699910e-01 2.002061296854352190e-01 2.002165268391979114e-01 2.002001917696651645e-01
2.001410696606482631e-01 2.000998823458738363e-01 2.001370236238978473e-01 2.001499855677295325e-01 2.001212606173125852e-01
2.003854041307346068e-01 2.002650946425190981e-01 2.000506906391198714e-01 2.000402169130844066e-01 2.002205164520480529e-01
1.997044460432344237e-01 2.009065579318474182e-01 2.001102368689418043e-01 2.001270806234808075e-01 2.009010731434716923e-01
1.893779784862552606e-01 2.001883176364530614e-01 2.010617830051978361e-01 2.010637153614108219e-01 2.001761876330942491e-01
1.996782785381929493e-01 2.008880234743078974e-01 2.000922572035517266e-01 2.000908564441207793e-01 2.008830700566087979e-01
2.002712209926765241e-01 2.001502874759265860e-01 1.999571009633566987e-01 1.999599325691770180e-01 2.001474773494910930e-01
1.998731216251076748e-01 1.998419448535881660e-01 1.998327179576645518e-01 1.998247694576517075e-01 1.998047968983847344e-01
1.994075064215034832e-01 1.994170041201405452e-01 1.994079833683309044e-01 1.994051102445464629e-01 1.993923527210130497e-01
1.999046682846431500e-01 1.998993312239545350e-01 1.999037690425514713e-01 1.999117383783105273e-01 1.999087021182893442e-01
1.996958824229001228e-01 1.996474058127785667e-01 1.996362910665674117e-01 1.996338860908650481e-01 1.996319241458322513e-01
1.958072525548630038e-01 1.958880617213223374e-01 1.956782052717128406e-01 1.953712018240046366e-01 1.953461755703973790e-01
1.648277928038009987e-01 1.661473006663597707e-01 1.644999570133487132e-01 1.621227040013646925e-01 1.622237258013059513e-01
8.184067959935176217e-02 8.319928820346875198e-02 8.140957944962096127e-02 7.898155463271655519e-02 7.925118902017121159e-02
1.644743109048748264e-01 1.645847207799991108e-01 1.641922360601887065e-01 1.638221954856642626e-01 1.640038394635811303e-01
1.956240790929626161e-01 1.956142235630483339e-01 1.955807581173621967e-01 1.955548622239011436e-01 1.955821854101160717e-01
1.980408554800671128e-01 1.980170502689567735e-01 1.980318133517353918e-01 1.980529329445434861e-01 1.980597457532523309e-01
1.681118402445294924e-01 1.679722812723382641e-01 1.680955978135476037e-01 1.682972024060804817e-01 1.683107764242799398e-01
3.315730565755593134e-02 3.302385730400146657e-02 3.314100423790146410e-02 3.334020791707103387e-02 3.335179542907466127e-02
1.814847713684010619e-03 1.801336756388206579e-03 1.811421128198820825e-03 1.830432689265046840e-03 1.832590660982074890e-03
