1.845670703322428163e-01 1.814669445809728998e-01 1.830211921647538209e-01 1.830211921649427254e-01 1.814669445490453836e-01
2.253924405493471506e-01 2.232984024774340437e-01 2.239225741806273318e-01 2.239225741930234437e-01 2.232984023954700525e-01
2.062969873321397196e-01 2.076237234357461714e-01 2.054989735502696646e-01 2.054989735585625865e-01 2.076237233918918346e-01
2.062752611414226667e-01 2.113476829869207485e-01 2.076231844951214878e-01 2.076231844705186680e-01 2.113476829288922221e-01
2.008686685854805809e-01 2.002203754828053017e-01 2.002778817441507597e-01 2.002778817608738549e-01 2.002203754131524072e-01
2.197300777758933732e-01 2.035514817429701639e-01 2.108797126423090917e-01 2.108797127006444838e-01 2.035514818133954129e-01
2.062305199295229041e-01 2.017335447768084655e-01 2.024630534014982830e-01 2.024630534489453570e-01 2.017335448159544020e-01
2.010054755187972442e-01 2.093016025792416024e-01 2.014302524616392864e-01 2.014302524834427066e-01 2.093016027497821008e-01
2.028680352424223898e-01 2.160835664060334060e-01 2.062427257727136032e-01 2.062427258280122300e-01 2.160835664795008604e-01
2.035174202970725099e-01 2.008918138793627794e-01 2.011252714642715322e-01 2.011252715542224956e-01 2.008918138651528129e-01
2.331149124255122440e-01 2.015637186390856206e-01 2.149249326283818873e-01 2.149249326855784126e-01 2.015637186932924263e-01
2.090268638729728956e-01 2.017498935290790163e-01 2.024506917985876842e-01 2.024506918385186038e-01 2.017498936030566459e-01
2.000911545469138131e-01 2.178539750223220661e-01 2.026983425585756060e-01 2.026983425366366276e-01 2.178539752471848334e-01
2.004884187414185670e-01 2.224410144887860319e-01 2.055903588605939580e-01 2.055903589640129259e-01 2.224410145022177043e-01
2.079483680466588102e-01 2.009404374658199655e-01 2.024361812334452559e-01 2.024361813551969758e-01 2.009404374077078115e-01
2.616430889566984108e-01 2.005474271547010856e-01 2.199023559437751629e-01 2.199023559560465413e-01 2.005474271769990269e-01
2.079483696392980530e-01 2.009404378921693657e-01 2.024361821054597166e-01 2.024361821033416886e-01 2.009404379950366359e-01
2.004884172352433269e-01 2.224410118169765083e-01 2.055903565582883896e-01 2.055903564879777434e-01 2.224410120454401174e-01
2.000911539301147291e-01 2.178539770185473068e-01 2.026983435874796791e-01 2.026983436728650723e-01 2.178539769336150234e-01
2.090268625298470351e-01 2.017498930101402355e-01 2.024506909953215084e-01 2.024506910749191702e-01 2.017498929433883814e-01
2.331149125950106316e-01 2.015637172480815309e-01 2.149249320481732284e-01 2.149249320119848705e-01 2.015637172473742633e-01
2.035174213723988934e-01 2.008918141172434113e-01 2.011252719997498883e-01 2.011252719715453663e-01 2.008918142052876499e-01
2.028680330742695381e-01 2.160835644002546962e-01 2.062427235089186461e-01 2.062427234158661637e-01 2.160835645983676112e-01
2.010054745646617513e-01 2.093016035926212604e-01 2.014302524709515041e-01 2.014302525048317916e-01 2.093016034981590723e-01
2.062305195183035678e-01 2.017335444505272690e-01 2.024630529765095444e-01 2.024630530359314007e-01 2.017335443923436999e-01
2.197300785373983156e-01 2.035514801395205131e-01 2.108797122525653267e-01 2.108797122233221355e-01 2.035514801187421619e-01
2.008686690921351048e-01 2.002203756905387433e-01 2.002778820941124860e-01 2.002778820771219104e-01 2.002203757314806321e-01
2.062752595342882411e-01 2.113476821484754631e-01 2.076231832096683272e-01 2.076231831354787838e-01 2.113476822563592206e-01
2.062969867278100500e-01 2.076237234969509626e-01 2.054989731524600738e-01 2.054989731539000331e-01 2.076237234322352299e-01
2.253924404547199001e-01 2.232984020671955061e-01 2.239225738712764535e-01 2.239225739237210855e-01 2.232984020281165161e-01
1.845670703452709505e-01 1.814669438208263152e-01 1.830211918250561065e-01 1.830211918631683143e-01 1.814669438266874602e-01
