1.875706978482727036e-02 1.875698972254747146e-02 1.875690629790799369e-02 1.875698653434830498e-02
1.640033849377050823e-01 1.640022418163516460e-01 1.640010483107911254e-01 1.640021962500747554e-01
1.613506752820863532e-01 1.613405321231068390e-01 1.613302772256144380e-01 1.613404304259338784e-01
1.620564237616161640e-01 1.620218609068765636e-01 1.619873086603206280e-01 1.620218353800745859e-01
2.024819854161040988e-01 2.024676009970894364e-01 2.024533076584164315e-01 2.024676004295598852e-01
2.118477895918909337e-01 2.118477379533154903e-01 2.118477436150622839e-01 2.118477381572111407e-01
2.003015621951659830e-01 2.003006818014874124e-01 2.002997329507356650e-01 2.003006680407706519e-01
1.386126752475261015e-01 1.385875495441735161e-01 1.385622490412424246e-01 1.385875164284915972e-01
1.387094347151421048e-01 1.386110110101578530e-01 1.385126137771079124e-01 1.386110023818947490e-01
2.004068437481163478e-01 2.003622942850999955e-01 2.003182126005736141e-01 2.003622940151492393e-01
2.120245344129587928e-01 2.120206905374700523e-01 2.120175605429692189e-01 2.120206911525327476e-01
2.016500465514460272e-01 2.016512689230402222e-01 2.016526401906564570e-01 2.016512720381207768e-01
1.526908529448013085e-01 1.527098911973947815e-01 1.527274878700337901e-01 1.527098974934927578e-01
1.523506091945083518e-01 1.524139208836436665e-01 1.524750309027800843e-01 1.524139230265673661e-01
2.013541213819849129e-01 2.013730195610258511e-01 2.013932075111380948e-01 2.013730199261981602e-01
2.119640113124992009e-01 2.119527087188294856e-01 2.119467920748270562e-01 2.119527090318843177e-01
2.014645584579526916e-01 2.014724550665324965e-01 2.014805796221614542e-01 2.014724592869509279e-01
1.520278131409129596e-01 1.523024376583238526e-01 1.525624223223196740e-01 1.523024473637483445e-01
1.509858710676477700e-01 1.520389430925258023e-01 1.530756070792395895e-01 1.520389465815329133e-01
1.999555925937901713e-01 2.004360593112030908e-01 2.009375787247324185e-01 2.004360599401618370e-01
2.118648135619503325e-01 2.118804552584824530e-01 2.119397779126724890e-01 2.118804554521704631e-01
2.003904539561970621e-01 2.003962379015775952e-01 2.003678812253054387e-01 2.003962401392548887e-01
1.380840505834488030e-01 1.385106494035901192e-01 1.387859104698811741e-01 1.385106545988862015e-01
1.312619670494812318e-01 1.329225816981618458e-01 1.345605404352151757e-01 1.329225837125470877e-01
1.858903582408728272e-01 1.873011614045521078e-01 1.891443514336692555e-01 1.873011618363798758e-01
2.098679665548980056e-01 2.103289950583104306e-01 2.113163848365343933e-01 2.103289952120943052e-01
2.024928716768023274e-01 2.024536255417718755e-01 2.019437850235120124e-01 2.024536268733933275e-01
1.605173676885949252e-01 1.577659705793857670e-01 1.529422655371510675e-01 1.577659735515790362e-01
1.105515619518287196e-01 9.774709015172035331e-02 8.252454823669730377e-02 9.774709112110603615e-02
3.012854735648325122e-02 2.331890590222764070e-02 1.488728137039797839e-02 2.331890604945151962e-02
3.364418252235295680e-03 2.357266382980751501e-03 5.332507108738222422e-04 2.357266393475601716e-03
