1.883814413879721095e-02 1.883813603277511087e-02 1.883812801044269444e-02 1.883813565462091194e-02
1.659574151758744232e-01 1.659573019588406473e-01 1.659571853521399354e-01 1.659572965044263937e-01
1.829268853580589271e-01 1.829259269136736810e-01 1.829249641645379898e-01 1.829259144733389464e-01
1.831582132139865371e-01 1.831550150800940469e-01 1.831518422314821759e-01 1.831550108985224856e-01
2.041237101467724968e-01 2.041224466888789391e-01 2.041212163865072926e-01 2.041224458690190646e-01
2.118517715132698098e-01 2.118518461824359933e-01 2.118519081701888962e-01 2.118518457177661907e-01
2.028298078374744517e-01 2.028295086536839043e-01 2.028291522924671464e-01 2.028295057259587586e-01
1.693477670996149376e-01 1.693420926403672033e-01 1.693364340344819252e-01 1.693420863506552021e-01
1.696149562797992782e-01 1.695937979797558504e-01 1.695729232726272129e-01 1.695937963490476708e-01
2.030591667609857320e-01 2.030503768255225161e-01 2.030419418282145283e-01 2.030503764970707781e-01
2.120646085061266561e-01 2.120647782789175373e-01 2.120649071245260253e-01 2.120647782664180359e-01
2.020691486322436226e-01 2.020680602697821349e-01 2.020665793797679910e-01 2.020680594644711503e-01
1.588443899546955473e-01 1.588196991404818292e-01 1.587951453684114389e-01 1.588196971525478451e-01
1.590259252639311949e-01 1.589324513521898907e-01 1.588409714971545095e-01 1.589324509044210965e-01
2.021810262182167361e-01 2.021412370773025269e-01 2.021039746982621899e-01 2.021412370912628320e-01
2.120699937511324740e-01 2.120700070458739206e-01 2.120700235553618640e-01 2.120700070523198755e-01
2.021217464278580456e-01 2.021183873682317333e-01 2.021128379152528076e-01 2.021183872336723975e-01
1.587550567674244073e-01 1.586675929559448472e-01 1.585808972155014207e-01 1.586675927597873403e-01
1.588938734633805194e-01 1.585597987044049806e-01 1.582370205433195620e-01 1.585597992727847128e-01
2.021898526985261013e-01 2.020441033844532219e-01 2.019128953027252982e-01 2.020441036610695629e-01
2.120671130306298890e-01 2.120646910483439951e-01 2.120636831168866421e-01 2.120646910885281289e-01
2.030112026590637220e-01 2.030035602269750494e-01 2.029860053500033290e-01 2.030035603513894449e-01
1.692477104933608756e-01 1.689958512549290248e-01 1.687468176584641377e-01 1.689958519446072560e-01
1.697006280938239131e-01 1.687252457398837890e-01 1.678000914182992687e-01 1.687252476691346315e-01
2.032011810870803237e-01 2.027517015964293290e-01 2.023725388958412252e-01 2.027517024311721039e-01
2.119015040587149679e-01 2.118840477262868005e-01 2.119114673356917722e-01 2.118840477697961910e-01
2.041003518237008707e-01 2.040910923327113879e-01 2.040978630620107204e-01 2.040910924152700701e-01
1.831983593173414915e-01 1.827790831516080683e-01 1.820981872528816825e-01 1.827790841285099610e-01
1.859987889579716169e-01 1.831442276542761260e-01 1.786538089524441486e-01 1.831442309885589759e-01
1.764249363801594639e-01 1.664256651597128267e-01 1.519763700714294730e-01 1.664256666580052890e-01
2.523452172051493872e-02 1.969261116338276094e-02 9.451806497497158149e-03 1.969261128241319922e-02
