2.093525659029686903e-01 2.093525432254981222e-01 2.093523551734172150e-01 2.093523751582130055e-01
2.557602705560699241e-01 2.557602769076906535e-01 2.557595364617365474e-01 2.557594477439218972e-01
2.831169236682068990e-01 2.831170316969696121e-01 2.831144788157691217e-01 2.831139186569732735e-01
2.813094714375015126e-01 2.813098366973447728e-01 2.812998110197472146e-01 2.812976297699460448e-01
2.331455510419497001e-01 2.331446768301018713e-01 2.331410362383418144e-01 2.331389307612391770e-01
2.247625985061376397e-01 2.247616456937301943e-01 2.247609011789430955e-01 2.247599728620801318e-01
2.328576296949715352e-01 2.328563871271145946e-01 2.328556638820482028e-01 2.328566571662644968e-01
2.788691814709055028e-01 2.788671779910297799e-01 2.788666035364709139e-01 2.788683150659344023e-01
2.788981095040168889e-01 2.789002591792834052e-01 2.789009148264879889e-01 2.789013105993296548e-01
2.318557326576554389e-01 2.318583898484229966e-01 2.318569713029361157e-01 2.318586304496640105e-01
2.185468159325580362e-01 2.185478369071250648e-01 2.185465143338747029e-01 2.185477270404117545e-01
2.059953882738760622e-01 2.059961168732719061e-01 2.059952397841381955e-01 2.059953980839564491e-01
1.900078238140754383e-01 1.900085616265624888e-01 1.900066129671924564e-01 1.900060388146614376e-01
1.898171358629205108e-01 1.898174559856832810e-01 1.898184555749386493e-01 1.898177277264924134e-01
2.047508953998440351e-01 2.047493206750254924e-01 2.047515985360300328e-01 2.047520822381957983e-01
2.122343662239976059e-01 2.122348915411284287e-01 2.122351483797955407e-01 2.122334136689144890e-01
2.047913477569629770e-01 2.047964388479739939e-01 2.047944800081746286e-01 2.048047764087700950e-01
1.892848515984779378e-01 1.892915385539728212e-01 1.892904413973214017e-01 1.893040231129028972e-01
1.889851549720769630e-01 1.889865076324656334e-01 1.889880190509482250e-01 1.889987945029499572e-01
2.044783826169987440e-01 2.044780169725299301e-01 2.044790520971932202e-01 2.044848222532134885e-01
2.121691229126793365e-01 2.121695848274502416e-01 2.121690412579586293e-01 2.121703529600417748e-01
2.045141692781493603e-01 2.045144766510371692e-01 2.045141647093226822e-01 2.045141870556782815e-01
1.890972158468342268e-01 1.890973790770412721e-01 1.890972726610236354e-01 1.890969346863198008e-01
1.893653320341123214e-01 1.893658439879802591e-01 1.893669336944933113e-01 1.893657263768475929e-01
2.047050464885664389e-01 2.047092848747594507e-01 2.047132777878005738e-01 2.047092841449975609e-01
2.119589062171318983e-01 2.119591740478794784e-01 2.119494576641878236e-01 2.119591797822303614e-01
2.046134919186315959e-01 2.046132616202275822e-01 2.045934388600996190e-01 2.046132654557633324e-01
1.896167893053430642e-01 1.895773846373287053e-01 1.896068601987363211e-01 1.895773869271633605e-01
1.890581535017225312e-01 1.892490420768648263e-01 1.899719425937912987e-01 1.892490500752061766e-01
1.634812431732415861e-01 1.661428185819973369e-01 1.702528977080896011e-01 1.661428236736442465e-01
1.714717784826329597e-02 1.882740294757618074e-02 2.226588172646338029e-02 1.882740379093951130e-02
