2.019812379885282949e-01 2.019812378536122166e-01 2.019812384508111458e-01 2.019812385584744685e-01
2.289510575434691164e-01 2.289510573497261225e-01 2.289510587655791962e-01 2.289510587087522919e-01
1.935732649734343835e-01 1.935732647782854310e-01 1.935732641289537592e-01 1.935732638213538692e-01
1.898373200279458717e-01 1.898373202717577868e-01 1.898373134884534519e-01 1.898373125310048870e-01
2.045971272305862620e-01 2.045971266459261084e-01 2.045971188203355162e-01 2.045971184435032841e-01
2.121200042828908783e-01 2.121200049059746018e-01 2.121199965611634264e-01 2.121199949877532742e-01
2.046535208159132591e-01 2.046535187549129997e-01 2.046535127321598979e-01 2.046535134254046651e-01
1.893719733462892185e-01 1.893719486237207261e-01 1.893719575838672120e-01 1.893719689291100960e-01
1.893223811896763698e-01 1.893223694472418450e-01 1.893223704378848293e-01 1.893223211237926584e-01
2.046035087115219420e-01 2.046035043680173304e-01 2.046034493578113012e-01 2.046035185396698763e-01
2.121503793005100336e-01 2.121503603545459860e-01 2.121502636361456973e-01 2.121503494753894659e-01
2.046666148265648966e-01 2.046666699778420528e-01 2.046662192550572634e-01 2.046662493966363294e-01
1.892649814924136920e-01 1.892650479666116159e-01 1.892655102303094361e-01 1.892652701570144702e-01
1.891923210994885529e-01 1.891923457227130678e-01 1.891930730450908649e-01 1.891934618337380580e-01
2.046029363570948945e-01 2.046029485794272074e-01 2.046034220023476013e-01 2.046040139171667882e-01
2.121597652479631224e-01 2.121593645833983743e-01 2.121596082035075714e-01 2.121600137301779543e-01
2.045973881349782697e-01 2.045977508017750301e-01 2.045973377583665265e-01 2.045976006742901421e-01
1.892274297399751948e-01 1.892284395043704881e-01 1.892285796102629314e-01 1.892287373128816175e-01
1.893097072208744513e-01 1.893104223040683320e-01 1.893108967913982310e-01 1.893110252962579843e-01
2.046675120212833598e-01 2.046678281900081997e-01 2.046682831997491125e-01 2.046683825729079531e-01
2.121364561378815961e-01 2.121364759019415680e-01 2.121366712424392065e-01 2.121368519118553286e-01
2.046033581659522371e-01 2.046032649321656571e-01 2.046032299373559959e-01 2.046034036180348625e-01
1.893402170028424258e-01 1.893402305161146770e-01 1.893401809660471835e-01 1.893401932993856451e-01
1.893724344659601933e-01 1.893724427784987396e-01 1.893724265890001923e-01 1.893724275998803497e-01
2.045649955681299315e-01 2.045649979295505738e-01 2.045649948494015768e-01 2.045649943322506437e-01
2.118842174635372777e-01 2.118842191553752807e-01 2.118842180896652050e-01 2.118842163976566995e-01
2.045953950464888815e-01 2.045953953770273670e-01 2.045953950600366555e-01 2.045953949788914261e-01
1.896163597904221843e-01 1.896163601654599351e-01 1.896163600935338867e-01 1.896163600402819838e-01
1.896002831539988220e-01 1.896002832169146612e-01 1.896002831289217705e-01 1.896002831878648709e-01
1.665680396085767456e-01 1.665680395880143050e-01 1.665680395401440972e-01 1.665680395932142288e-01
1.886467989005129534e-02 1.886467988748948693e-02 1.886467988226249101e-02 1.886467988975713134e-02
