1.885416844747723683e-02 1.885416960490090763e-02 1.885417239594705877e-02 1.885416859310466361e-02
1.663862904832985046e-01 1.663863084107795598e-01 1.663863194478694962e-01 1.663862905280221738e-01
1.879213836014353711e-01 1.879213625885846617e-01 1.879212022582870123e-01 1.879211727377436969e-01
1.881223542594645248e-01 1.881220580758480865e-01 1.881213025797493499e-01 1.881213753411443701e-01
2.044285602542562641e-01 2.044282816946237369e-01 2.044279776947342808e-01 2.044278720402225580e-01
2.109918450446807425e-01 2.109917831229342622e-01 2.109915107297151149e-01 2.109911589824876588e-01
1.916109526752499126e-01 1.916110770165362909e-01 1.916115146179231954e-01 1.916111159880956316e-01
8.071109318824255807e-02 8.071098362244970292e-02 8.071298613647470699e-02 8.071279187233065811e-02
8.055910737923872855e-02 8.055777462610234918e-02 8.055838291487481262e-02 8.055895353811196036e-02
1.915850036819423119e-01 1.915840467507158307e-01 1.915841763083255544e-01 1.915840623621253014e-01
2.109187371483173257e-01 2.109165974004004185e-01 2.109175244214017420e-01 2.109155699791985250e-01
1.994421342080136550e-01 1.994372637424099426e-01 1.994317076389235666e-01 1.994280483360947875e-01
1.337518790101979993e-01 1.337477733042544137e-01 1.337344645756464168e-01 1.337322101366145155e-01
1.346984681915143478e-01 1.347004973850955134e-01 1.347148320351632678e-01 1.347128455733203056e-01
2.001955612010278274e-01 2.001972656062364075e-01 2.002046003287153431e-01 2.002046499731327533e-01
2.120522903093201017e-01 2.120518264783060880e-01 2.120505358962189169e-01 2.120490733303292963e-01
1.996944907443052031e-01 1.996938955174594466e-01 1.996755785607847167e-01 1.996689632581876150e-01
1.292528826075635684e-01 1.292603262695862509e-01 1.292342796876567723e-01 1.292239668508176342e-01
1.282209170823428446e-01 1.282344514283848269e-01 1.282830012615782667e-01 1.282761041555225412e-01
1.988734452994891932e-01 1.988821350991768766e-01 1.989138625483996281e-01 1.989151485731560920e-01
2.108750256955673474e-01 2.108764144275773189e-01 2.108847820217121527e-01 2.108891197736682821e-01
1.915275999416001795e-01 1.915288498152588614e-01 1.915323150136293562e-01 1.915331598474267483e-01
8.047376677808265599e-02 8.047512323989046423e-02 8.047516902330545396e-02 8.047486028468200936e-02
8.064955452412768400e-02 8.064980536989393989e-02 8.063657701418715240e-02 8.063646809176037988e-02
1.915668207895836195e-01 1.915667947361467671e-01 1.915603948147745761e-01 1.915603506726550054e-01
2.109830607315129891e-01 2.109830704399693335e-01 2.109826690949027916e-01 2.109826557966748561e-01
2.044213481504512653e-01 2.044213836091704761e-01 2.044215608181660093e-01 2.044215880827735532e-01
1.880856564604644621e-01 1.880856897206101830e-01 1.880857492323244895e-01 1.880857644577423049e-01
1.878865942683662915e-01 1.878866087524372341e-01 1.878854295859114232e-01 1.878854270066384335e-01
1.663805818100138056e-01 1.663805858873131649e-01 1.663800037871640825e-01 1.663800025876700228e-01
1.885369562290215711e-02 1.885369609817950931e-02 1.885365456747475910e-02 1.885365480556262449e-02
