1.885392149293765307e-01 1.885981275418079639e-01 1.884744149803984914e-01 1.883401021157624367e-01 1.883738155990758167e-01
2.621306542520190908e-01 2.623801561132970139e-01 2.618359162732393219e-01 2.612628943955263572e-01 2.614150240790700241e-01
2.922994954312831406e-01 2.930762016969377659e-01 2.913441009043336583e-01 2.894981406656197964e-01 2.900060759783281705e-01
2.438820946346023089e-01 2.446233577846488871e-01 2.428490152406904135e-01 2.409559766963812466e-01 2.414946533484365887e-01
2.124871031323873893e-01 2.126907685739346521e-01 2.121743995645800629e-01 2.115963627903451050e-01 2.117784466011091715e-01
2.028949752725250910e-01 2.029950521907029348e-01 2.028306695588366348e-01 2.026736556751993490e-01 2.027452885363077162e-01
2.006035501826317624e-01 2.006368630380512275e-01 2.005978328885852924e-01 2.005726623363372485e-01 2.006047799633434159e-01
2.002703268799202740e-01 2.002821192753018176e-01 2.002636550022355300e-01 2.002485350566209910e-01 2.002666252505941047e-01
2.001669375309774457e-01 2.001676822916715059e-01 2.001928049979165569e-01 2.001936167055061999e-01 2.001921087750487827e-01
2.001358562790546414e-01 2.001354921913101881e-01 2.001580183905711519e-01 2.001593679938681036e-01 2.001532879187722380e-01
2.000618717229483701e-01 2.000604077739336906e-01 2.000654559620153317e-01 2.000611676557273455e-01 2.000603144443383330e-01
1.998599302399003685e-01 1.998588969070865251e-01 1.998589182113001961e-01 1.998561940137873749e-01 1.998542650932069453e-01
1.996212859739314449e-01 1.996211339017466557e-01 1.996205933650345987e-01 1.996218952953206782e-01 1.996185881001588114e-01
1.996543800023076187e-01 1.996522128976728760e-01 1.996518975971919574e-01 1.996559313622260912e-01 1.996506519831172666e-01
1.999416453745459232e-01 1.999354846296923227e-01 1.999389257898724626e-01 1.999422450484223956e-01 1.999288435100384786e-01
2.001583453059656570e-01 2.001805373203959515e-01 2.001491292638382102e-01 2.000922749302185832e-01 2.000615750470844389e-01
2.001478685321208817e-01 2.001399139600221200e-01 2.001176488970788092e-01 2.000950250152418730e-01 2.000553315871942128e-01
2.000737756735357920e-01 2.000292334375439185e-01 2.000525620620038358e-01 2.000698014006313530e-01 2.000334143953328980e-01
2.000399990739024358e-01 2.000051362956361545e-01 2.000095540828403240e-01 2.000065298604052633e-01 2.000507565881163574e-01
1.998317536381240822e-01 1.998472831934405003e-01 1.998391755130708991e-01 1.998165464342886166e-01 1.998478260992007094e-01
1.993452300749660455e-01 1.993623086955419177e-01 1.993482257355915777e-01 1.993947779218813721e-01 1.994124936378458279e-01
1.997758221276605684e-01 1.997950049501413805e-01 1.997788441965559769e-01 1.998205701424785041e-01 1.998273221703176783e-01
1.995804100223047273e-01 1.995855215929602799e-01 1.995924370711268936e-01 1.996179407415314688e-01 1.996182955515765911e-01
1.957246154923354131e-01 1.957314771825453270e-01 1.957330915879501032e-01 1.957266055741273547e-01 1.957291867627894699e-01
1.645984648682759788e-01 1.646215988249126738e-01 1.645651524750044725e-01 1.645017515560760479e-01 1.645275506105324803e-01
8.178664491322452934e-02 8.181173027755851701e-02 8.174161531567308847e-02 8.167669945083244620e-02 8.170664822288110918e-02
1.644782979216227736e-01 1.644878258062175691e-01 1.644612393874488043e-01 1.644493813345508648e-01 1.644600761848597492e-01
1.958533746124465624e-01 1.958552602482182825e-01 1.958514293189471123e-01 1.958539682996885689e-01 1.958550544725621012e-01
2.000935572525431583e-01 2.000928860077164917e-01 2.000936191975304368e-01 2.000948467981874535e-01 2.000947999357746698e-01
1.711995915362293785e-01 1.711986612819346165e-01 1.711999758122977888e-01 1.712013301598101223e-01 1.712010888910498185e-01
2.784631715800605506e-02 2.784580694950503088e-02 2.784653236889454014e-02 2.784738189182997883e-02 2.784724745737372081e-02
