1.886372190611694533e-02 1.886372212553320132e-02 1.886372159926095679e-02 1.886372128769376808e-02
1.665320270624661980e-01 1.665320301772038603e-01 1.665320213773839597e-01 1.665320179122934119e-01
1.891787989290049932e-01 1.891788056495065096e-01 1.891787850255661485e-01 1.891787784987776222e-01
1.892160803851240802e-01 1.892160819864660559e-01 1.892160737611681687e-01 1.892160737012964222e-01
2.045705026362806545e-01 2.045705026259818371e-01 2.045704996516495844e-01 2.045705008432610328e-01
2.118733302992597267e-01 2.118733303962663239e-01 2.118733282972934673e-01 2.118733291043796985e-01
2.041281258718578295e-01 2.041281379190142131e-01 2.041281248350831357e-01 2.041281188948327330e-01
1.845758484311721404e-01 1.845758688046977569e-01 1.845758347676566546e-01 1.845758143902407056e-01
1.847762476150876798e-01 1.847762394386149309e-01 1.847761899203491098e-01 1.847761841387013937e-01
2.042814213456906336e-01 2.042814018903243989e-01 2.042814005180060011e-01 2.042813957240310896e-01
2.118756929649957821e-01 2.118756856616655360e-01 2.118757089967620300e-01 2.118756953633104678e-01
1.993601063528400441e-01 1.993601754503660783e-01 1.993601520546918748e-01 1.993600811725395883e-01
1.374984644451128502e-01 1.374985422807818713e-01 1.374984412421915436e-01 1.374983284211163392e-01
1.379751789791081040e-01 1.379751491777606032e-01 1.379748764058873478e-01 1.379749343827373353e-01
1.996270509803365623e-01 1.996270320013291688e-01 1.996268358049936575e-01 1.996269290580682532e-01
2.117672485418530259e-01 2.117671637841180288e-01 2.117671641404063887e-01 2.117671830589537008e-01
1.996076139205711364e-01 1.996076550706472053e-01 1.996076466285778839e-01 1.996074074061209014e-01
1.377975084863062583e-01 1.377977326157478200e-01 1.377978196252414855e-01 1.377975927480602214e-01
1.373227088486364544e-01 1.373228091318873245e-01 1.373228452759433227e-01 1.373228768953760059e-01
1.993414756421885148e-01 1.993414726974409579e-01 1.993414755832398633e-01 1.993414122713421943e-01
2.118746758391073792e-01 2.118746485998344864e-01 2.118747627361961261e-01 2.118744839765196453e-01
2.042802345651256735e-01 2.042802736576792566e-01 2.042801828178443801e-01 2.042802119777619996e-01
1.847601958166469605e-01 1.847602290544189674e-01 1.847601418496215009e-01 1.847601404282274151e-01
1.845593296963733143e-01 1.845594579223459042e-01 1.845594605676846023e-01 1.845594710197541455e-01
2.041265862986911817e-01 2.041266350085593206e-01 2.041265803749763297e-01 2.041266998674526323e-01
2.118732232998694620e-01 2.118732196754097019e-01 2.118732212598542497e-01 2.118732192864544173e-01
2.045703709796945491e-01 2.045703835739851872e-01 2.045703703195515810e-01 2.045703865314167091e-01
1.892141189100894627e-01 1.892141335218505971e-01 1.892141145163201421e-01 1.892141304814094760e-01
1.891766785894852809e-01 1.891766821203413051e-01 1.891766742254844258e-01 1.891766790902465745e-01
1.665317918530163921e-01 1.665317926373890700e-01 1.665317902211255474e-01 1.665317915543966243e-01
1.886370293946736457e-02 1.886370314084396746e-02 1.886370280585761977e-02 1.886370307835579657e-02
