1.887413042377119113e-02 1.887413045748355736e-02 1.887413026803582555e-02 1.887413039705976639e-02
1.666054368639557914e-01 1.666054366555097810e-01 1.666054365633818091e-01 1.666054369898774534e-01
1.896493627296181039e-01 1.896493626221176787e-01 1.896493596769699419e-01 1.896493598761155031e-01
1.896175282141094043e-01 1.896175270479497355e-01 1.896175165126001150e-01 1.896175173419259452e-01
2.045995112729326326e-01 2.045995096173878480e-01 2.045994986233337642e-01 2.045995004279034246e-01
2.119583510773634938e-01 2.119583443296876313e-01 2.119583314896026360e-01 2.119583289485079403e-01
2.046474631144168388e-01 2.046474296577567020e-01 2.046473631801997428e-01 2.046473695751256094e-01
1.892264895486572007e-01 1.892263736928954110e-01 1.892261636369505506e-01 1.892262246007264948e-01
1.890763793606269894e-01 1.890760783063681061e-01 1.890757913829322623e-01 1.890760578469785347e-01
2.045705893503807493e-01 2.045702079422410113e-01 2.045704603103824792e-01 2.045710039408447922e-01
2.121651201925512653e-01 2.121640478109313166e-01 2.121651688423975279e-01 2.121658894372521198e-01
2.045510714612011061e-01 2.045490259601756011e-01 2.045489876953902331e-01 2.045444619856483792e-01
1.888608817986796029e-01 1.888715854619610890e-01 1.888529250829328321e-01 1.888140432970353555e-01
1.889323045257894074e-01 1.889504091633014138e-01 1.889175795093594734e-01 1.888845793226537062e-01
2.046781728046546955e-01 2.046651191658649394e-01 2.046714597994705453e-01 2.047038319656757088e-01
2.121469488051836161e-01 2.121447485342133343e-01 2.121535695028950730e-01 2.121575236105806006e-01
2.040069110051024315e-01 2.039988471190759822e-01 2.039986660682711339e-01 2.039817176324788262e-01
1.824069967692639460e-01 1.823553820168992423e-01 1.823101661243917426e-01 1.822972989208705430e-01
1.829780460453237223e-01 1.828854443680922592e-01 1.827538712043274560e-01 1.828089114960287642e-01
2.041821237854747617e-01 2.041676043018668674e-01 2.041185848830622540e-01 2.041389621250026543e-01
2.115572436368090836e-01 2.115741184554129350e-01 2.115830755770627680e-01 2.115813457218775617e-01
1.943105976010602032e-01 1.943084630154396086e-01 1.942589299913501932e-01 1.942865148514079376e-01
9.125852001132273017e-02 9.100853520332426172e-02 9.056239649718650364e-02 9.080997995944284362e-02
9.208853476052147879e-02 9.114263056057857193e-02 8.973673532689498133e-02 9.058406273853357449e-02
1.947643897505369759e-01 1.942969850097048534e-01 1.937292555601068111e-01 1.940575279503720940e-01
2.114536502844855670e-01 2.114192902956902598e-01 2.114607924505752246e-01 2.114080852885103223e-01
2.040851826658858226e-01 2.040887144633385941e-01 2.041248301061921733e-01 2.040908120669968073e-01
1.828808732532303249e-01 1.827529007505054037e-01 1.821301292108073178e-01 1.826903037886519754e-01
1.857256083621876830e-01 1.833051954013596441e-01 1.780046722271130810e-01 1.830402885203349095e-01
1.813789514331785868e-01 1.666826845662807144e-01 1.449676206417936097e-01 1.665604333855257579e-01
2.919214417629409364e-02 2.074351292211498374e-02 5.633107196729476504e-03 2.073276088744538045e-02
