1.940492179354661451e-01 1.984042142286134014e-01 1.969014154547235051e-01 1.969011225950354216e-01 1.984041989068446588e-01
2.254003234406513345e-01 2.303626647143476036e-01 2.286612563555141808e-01 2.286607336073930019e-01 2.303625367339876273e-01
2.089531060879437629e-01 2.099621698340526921e-01 2.134241425816831850e-01 2.134238016765449553e-01 2.099616963307706363e-01
2.254992164028668533e-01 2.168677999065647677e-01 2.239727478606149957e-01 2.239732662078011693e-01 2.168673092511123057e-01
2.013914321493803783e-01 2.021387174891971228e-01 2.007761702585489638e-01 2.007759214580650264e-01 2.021384477753911391e-01
2.101677427458020497e-01 2.281149361548657217e-01 2.226444741297946284e-01 2.226432561436653135e-01 2.281144750905111374e-01
2.034945426450860961e-01 2.123133901012956015e-01 2.075149150152156285e-01 2.075136088132989443e-01 2.123127468033393639e-01
2.095227091503228112e-01 2.048828816014866272e-01 2.142828380182960069e-01 2.142826080854217663e-01 2.048820234553847819e-01
2.259144125380848633e-01 2.094977593920628045e-01 2.227770580674045819e-01 2.227779618482130242e-01 2.094969715634101282e-01
2.048533255592038527e-01 2.075251803861888067e-01 2.027583570577294880e-01 2.027575035048920227e-01 2.075242483654182735e-01
2.028410352002395500e-01 2.306727225871898213e-01 2.204912547164221692e-01 2.204894218215438517e-01 2.306717838355730743e-01
2.093191375522180375e-01 2.141781093067732233e-01 2.066508411402991074e-01 2.066491620892709213e-01 2.141768641812902829e-01
2.256187994397198804e-01 2.083281245899996081e-01 2.183816001665016271e-01 2.183817358422836807e-01 2.083272346969264333e-01
2.370825534710425675e-01 2.301332660677493369e-01 2.230936291944091432e-01 2.230941977600474635e-01 2.301324818993036592e-01
1.712971585702025568e-01 2.414379794508512977e-01 2.149397702005161337e-01 2.149383931692070149e-01 2.414364729947730270e-01
8.971452106330487508e-01 2.032255393633597418e-01 2.686403794166039583e-01 2.686386080100017226e-01 2.032244080386565732e-01
1.712971283210480700e-01 2.414373857224542119e-01 2.149396038118527030e-01 2.149381771635713867e-01 2.414358700224205623e-01
2.370833037773847074e-01 2.301333457815865902e-01 2.230941924270569143e-01 2.230947043735482527e-01 2.301325582736019615e-01
2.256180680817368445e-01 2.083279876983228918e-01 2.183809067338787768e-01 2.183811076351504232e-01 2.083270954618655635e-01
2.093191227679172817e-01 2.141786702260742303e-01 2.066508601097880315e-01 2.066491924064987051e-01 2.141774072311467270e-01
2.028409777438834605e-01 2.306727080276916864e-01 2.204910417465707761e-01 2.204891781670347550e-01 2.306717641849688472e-01
2.048533069828699094e-01 2.075247872743710142e-01 2.027582525694729410e-01 2.027573533335170208e-01 2.075238278838662798e-01
2.259149523507051061e-01 2.094975979730483440e-01 2.227772774201811634e-01 2.227781581964091151e-01 2.094967900177591713e-01
2.095223635932455808e-01 2.048828052231424224e-01 2.142822871263975471e-01 2.142820989004229904e-01 2.048819494606423097e-01
2.034944631133461523e-01 2.123137078513370746e-01 2.075147975930367872e-01 2.075134809486212650e-01 2.123130488404152139e-01
2.101675324641622822e-01 2.281148189018845640e-01 2.226441037679406654e-01 2.226428490105425984e-01 2.281143573107800304e-01
2.013914357218633544e-01 2.021386073491532598e-01 2.007761511933875698e-01 2.007758712372678112e-01 2.021383064451594824e-01
2.254992610129415986e-01 2.168674728912351468e-01 2.239725419558565023e-01 2.239731175316124756e-01 2.168669857558292446e-01
2.089530024730591184e-01 2.099620908442744183e-01 2.134238395838382873e-01 2.134235365186592515e-01 2.099616410238096809e-01
2.254001662623628111e-01 2.303626523503975732e-01 2.286610827563647086e-01 2.286605574365340732e-01 2.303625402490492857e-01
1.940488300684615752e-01 1.984039023654200762e-01 1.969010238041458694e-01 1.969007251111551671e-01 1.984039011693850274e-01
