3.098679001231846673e-03 3.097106039781921324e-03 3.096138326811498885e-03 3.096138158694112120e-03 3.097105842937033279e-03
4.016545786458866618e-02 4.015878473105108371e-02 4.015882309366493319e-02 4.015882184128132665e-02 4.015878310540032387e-02
1.701894354222813210e-01 1.701785784969281623e-01 1.701829150439720661e-01 1.701829136500677686e-01 1.701785771276168868e-01
1.987528850839921646e-01 1.987450638009321535e-01 1.987479614524188531e-01 1.987479608632951311e-01 1.987450641005109597e-01
1.999999755837328641e-01 1.999999889047842927e-01 1.999999990651127324e-01 1.999999990883017942e-01 1.999999885332305327e-01
1.983374741267036057e-01 1.983494044158847225e-01 1.983591306241038188e-01 1.983591305347651157e-01 1.983494035255245203e-01
1.921221607705901335e-01 1.921273112623964607e-01 1.921410793983515664e-01 1.921410788067590136e-01 1.921273083614049859e-01
1.981924421549521864e-01 1.981823119549629142e-01 1.981883937571725374e-01 1.981883959829018327e-01 1.981823100153108919e-01
1.999175450364907292e-01 1.999092742211002194e-01 1.999122859742817060e-01 1.999122842085964691e-01 1.999092753664729327e-01
2.000000179910441378e-01 2.000004212931261738e-01 2.000000662869439727e-01 2.000000646066685261e-01 2.000004206126817508e-01
1.998935084688628350e-01 1.999078777749433156e-01 1.999185167242363836e-01 1.999185161771428743e-01 1.999078736972355885e-01
1.995218944589435273e-01 1.995190545424437578e-01 1.995332798161370824e-01 1.995332703051296841e-01 1.995190619369512919e-01
1.999836695655023144e-01 1.999038391626342115e-01 1.998915647752581848e-01 1.998915707267262254e-01 1.999038467184018342e-01
2.004637643420973947e-01 2.002514909982943125e-01 2.000103625829040832e-01 2.000103661552160850e-01 2.002514907774361197e-01
2.000630498237368216e-01 2.010614214579147518e-01 2.001449511026435479e-01 2.001449512598941216e-01 2.010614209681701181e-01
1.898684777361522025e-01 2.003625168322337446e-01 2.010168343538223656e-01 2.010168335399503403e-01 2.003625155046676043e-01
2.000068452795149554e-01 2.010173269397287077e-01 2.001154034004711812e-01 2.001154010590256993e-01 2.010173233058582809e-01
2.004515946715348940e-01 2.002492747125643457e-01 2.000081930222756543e-01 2.000081919712216882e-01 2.002492722841387740e-01
2.000878750447652454e-01 2.000177628686399256e-01 1.999997206769919544e-01 1.999997202665086959e-01 2.000177610577243970e-01
2.000089057025984107e-01 2.000002443579613765e-01 1.999999768073326967e-01 1.999999767817810248e-01 2.000002430100947526e-01
1.999967969329019546e-01 1.999993942329123531e-01 2.000003094986412544e-01 2.000003095668292930e-01 1.999993925408899975e-01
1.999966375449693246e-01 1.999977644097661877e-01 1.999982869570323396e-01 1.999982864977487840e-01 1.999977633363037022e-01
1.999996059191658515e-01 1.999994662354916686e-01 1.999996360399293183e-01 1.999996351272881889e-01 1.999994656380338909e-01
1.999985868257113109e-01 1.999983466308934976e-01 1.999984706468476980e-01 1.999984633589665384e-01 1.999983390939974459e-01
1.999544349566826362e-01 1.999544616674061026e-01 1.999545825469890292e-01 1.999546099894393969e-01 1.999544718407237354e-01
1.998317711298479848e-01 1.998320370665025159e-01 1.998320798525992648e-01 1.998320967311439100e-01 1.998320420582490320e-01
1.999997625909122889e-01 1.999998169509127621e-01 1.999998869623159647e-01 1.999998922468483875e-01 1.999998243479375881e-01
2.002266672976451833e-01 2.002264963595248859e-01 2.002266041344934466e-01 2.002266057986306635e-01 2.002264929945802852e-01
2.005906733526997832e-01 2.005904699801875635e-01 2.005905720751030574e-01 2.005905771071030408e-01 2.005904585997658196e-01
1.714409290812067832e-01 1.714408163172004285e-01 1.714408435739918080e-01 1.714408453751032346e-01 1.714408046303488586e-01
2.794971833791689078e-02 2.794969389251422340e-02 2.794968764163141203e-02 2.794968610603600773e-02 2.794968835395043871e-02
