2.021160157080504061e-01 2.021160206587646890e-01 2.021160251870778579e-01 2.021160206616588739e-01
2.304520035856978677e-01 2.304520243075773023e-01 2.304520460152746364e-01 2.304520243055920292e-01
1.977168143589745908e-01 1.977168334590186649e-01 1.977168561402508906e-01 1.977168334204486844e-01
1.930596276105332465e-01 1.930595685693487218e-01 1.930595016166198885e-01 1.930595685435027575e-01
2.069630294217465194e-01 2.069630829984832054e-01 2.069631191985518148e-01 2.069630829913999270e-01
2.135829316885730633e-01 2.135830270048008350e-01 2.135831177701987549e-01 2.135830270032329226e-01
2.110552826109824420e-01 2.110554503962053796e-01 2.110556531784245904e-01 2.110554504116303187e-01
2.034342033854320275e-01 2.034342587836781013e-01 2.034343655393116290e-01 2.034342587718426243e-01
2.021836802416186463e-01 2.021832980508254940e-01 2.021828201090364596e-01 2.021832980302039062e-01
2.121884874412047206e-01 2.121888821251147472e-01 2.121890965161594145e-01 2.121888821095182509e-01
2.153721005565574220e-01 2.153726206996611492e-01 2.153731035983139641e-01 2.153726206992659931e-01
2.155804698612683312e-01 2.155811987725403112e-01 2.155821893961027969e-01 2.155811987759518600e-01
2.112153894877742688e-01 2.112155434490113060e-01 2.112160596619028496e-01 2.112155434368379325e-01
2.106479859706673619e-01 2.106463944993866022e-01 2.106441089805993483e-01 2.106463945128549120e-01
2.161051119052864733e-01 2.161070572976065141e-01 2.161077559113423474e-01 2.161070573022917662e-01
2.161971744767747783e-01 2.161992615052143740e-01 2.162011153176427170e-01 2.161992615120361116e-01
2.161160635588037227e-01 2.161184002574286778e-01 2.161222424055468383e-01 2.161184002659215231e-01
2.106776025589373325e-01 2.106777532013787146e-01 2.106799113375619203e-01 2.106777531982694796e-01
2.112471212989703584e-01 2.112422096031572327e-01 2.112333474361561547e-01 2.112422096278713801e-01
2.155930025844791376e-01 2.156009536796747728e-01 2.156020654098798062e-01 2.156009536698809403e-01
2.153754905985587886e-01 2.153822611841356427e-01 2.153878657264529928e-01 2.153822611770376538e-01
2.122142109144923294e-01 2.122195824490330507e-01 2.122318176785944754e-01 2.122195824416875931e-01
2.022464659765824124e-01 2.022452295222633978e-01 2.022526716068825947e-01 2.022452295268260258e-01
2.035120674692235121e-01 2.035013342666224523e-01 2.034727905926571323e-01 2.035013342852353135e-01
2.110689283401231409e-01 2.110949603114067596e-01 2.110927179119531372e-01 2.110949602976072426e-01
2.135751226227770583e-01 2.135929599308741822e-01 2.136093850494536206e-01 2.135929599229432485e-01
2.069782370842477848e-01 2.069847120295102427e-01 2.069961606893564454e-01 2.069847120153180675e-01
1.931015125541359900e-01 1.930831318456583956e-01 1.929989365458098516e-01 1.930831318727420365e-01
1.978080450952683922e-01 1.974437587757324475e-01 1.970976538475942841e-01 1.974437588069656302e-01
2.297327407173441471e-01 2.287907205091405105e-01 2.301277353185497976e-01 2.287907204914232384e-01
1.984943123951747046e-01 2.010172618855200488e-01 2.138670282321195604e-01 2.010172618776279174e-01
