2.795061620177722445e-02 2.795061661466463274e-02 2.795061658541134197e-02 2.795061659933969350e-02 2.795061664572338900e-02
1.714457203707531741e-01 1.714457217088227736e-01 1.714457214443719513e-01 1.714457214542905450e-01 1.714457217349650842e-01
2.005916747282517065e-01 2.005916797149775166e-01 2.005916807775246780e-01 2.005916807613309649e-01 2.005916796762408916e-01
2.002266218509940743e-01 2.002266440820939797e-01 2.002266602131057283e-01 2.002266601951071812e-01 2.002266440217732590e-01
1.999998662039234876e-01 1.999999074186695480e-01 1.999999902444898336e-01 1.999999902256807127e-01 1.999999073671002991e-01
1.998320745077407923e-01 1.998319796696186312e-01 1.998320592667695850e-01 1.998320592625327519e-01 1.998319796734467635e-01
1.999547401238033206e-01 1.999547804785582472e-01 1.999548631401483201e-01 1.999548631288894096e-01 1.999547804939753870e-01
1.999948470840592074e-01 1.999977094060588767e-01 1.999985408750774851e-01 1.999985408588901281e-01 1.999977093965506769e-01
1.999711189423272750e-01 1.999879946413359033e-01 1.999994304020812075e-01 1.999994303952386809e-01 1.999879946280744836e-01
1.998931087589509159e-01 1.999303752992550309e-01 1.999929324045449097e-01 1.999929324042848677e-01 1.999303752859291627e-01
1.999428768169643489e-01 1.998750773294513949e-01 1.999422366318710509e-01 1.999422366424637720e-01 1.998750773535695746e-01
2.000362723683325183e-01 1.999303137193086666e-01 1.999928706779743603e-01 1.999928706835081560e-01 1.999303137506979744e-01
1.979912874520878552e-01 1.995582781394035499e-01 1.999993876904874179e-01 1.999993876864079312e-01 1.995582781389519111e-01
1.800330869484877416e-01 1.931011617806685787e-01 1.997031890468449200e-01 1.997031890491281214e-01 1.931011617502052524e-01
9.706582729897436645e-02 1.509815279677342026e-01 1.957720709147105775e-01 1.957720709263118808e-01 1.509815279370981533e-01
3.704597325202889721e-05 8.525166428989895684e-02 1.622680367812003588e-01 1.622680367805577339e-01 8.525166429924715961e-02
9.706582726640099190e-02 1.509815279640542574e-01 1.957720709136702153e-01 1.957720709039771356e-01 1.509815280233416657e-01
1.800330868551522079e-01 1.931011617386629575e-01 1.997031890290163758e-01 1.997031890287710165e-01 1.931011618020886944e-01
1.979912874060320571e-01 1.995582781016888851e-01 1.999993876684167393e-01 1.999993876688860861e-01 1.995582781212379975e-01
2.000362723766942463e-01 1.999303136905848932e-01 1.999928706450297411e-01 1.999928706462278938e-01 1.999303136983016094e-01
1.999428767672960516e-01 1.998750772949396126e-01 1.999422365873873564e-01 1.999422365849170824e-01 1.998750773080832654e-01
1.998931086729704154e-01 1.999303752942507006e-01 1.999929324083345450e-01 1.999929324069973646e-01 1.999303753251985283e-01
1.999711188752547053e-01 1.999879946733428560e-01 1.999994304359346275e-01 1.999994304365755038e-01 1.999879946969298217e-01
1.999948470893865016e-01 1.999977094530805688e-01 1.999985409247862223e-01 1.999985409284731896e-01 1.999977094622205909e-01
1.999547401773100752e-01 1.999547805265449452e-01 1.999548631719884340e-01 1.999548631760078854e-01 1.999547805277883394e-01
1.998320744944059035e-01 1.998319796788942670e-01 1.998320592642064131e-01 1.998320592643820781e-01 1.998319796805269055e-01
1.999998661213905349e-01 1.999999074063249227e-01 1.999999902516579608e-01 1.999999902531431062e-01 1.999999074233303198e-01
2.002266217380241353e-01 2.002266440489628985e-01 2.002266601956654846e-01 2.002266601975890847e-01 2.002266440646126022e-01
2.005916746308099019e-01 2.005916796600873686e-01 2.005916807335923480e-01 2.005916807373290534e-01 2.005916796686388892e-01
1.714457203442700528e-01 1.714457216921784766e-01 1.714457214143402242e-01 1.714457214163301602e-01 1.714457216921468352e-01
2.795061628183997254e-02 2.795061669891174549e-02 2.795061665052210251e-02 2.795061664995026132e-02 2.795061669614646790e-02
