1.916849541954678826e-01 1.962460993013898369e-01 1.945592951524957037e-01 1.945588849555767441e-01 1.962459512369865156e-01
2.252510220676252339e-01 2.300247112971432195e-01 2.280095132037623928e-01 2.280089313716169575e-01 2.300245344818182269e-01
2.089504257148121213e-01 2.098184908996179876e-01 2.130483562288519317e-01 2.130480035193373922e-01 2.098177997219562441e-01
2.240386552614059834e-01 2.154966618005281775e-01 2.223994730101218065e-01 2.224005352237435618e-01 2.154961685028616292e-01
2.026312614345479879e-01 2.029473471505680859e-01 2.010502225262327247e-01 2.010501120678281073e-01 2.029474988829109150e-01
2.110652292592806178e-01 2.272151713809521800e-01 2.211299330494935766e-01 2.211287582194533252e-01 2.272146993806701265e-01
2.077177201260948236e-01 2.135861043545633497e-01 2.074371008037249053e-01 2.074354673116341197e-01 2.135860005948105600e-01
2.114881321438380757e-01 2.090142272844420779e-01 2.149400455560140644e-01 2.149399237977358823e-01 2.090135567927771665e-01
2.265723094931301196e-01 2.158351907399710667e-01 2.237797519693495996e-01 2.237821159852869668e-01 2.158346526531367549e-01
2.107199360360925700e-01 2.111708681679158872e-01 2.043983245999473897e-01 2.043977264903694968e-01 2.111707424085931262e-01
2.270626606319013363e-01 2.311115792272078195e-01 2.254358973122634058e-01 2.254342932974112701e-01 2.311107122637339195e-01
2.292294237698186132e-01 2.184067655313809975e-01 2.082108865092555106e-01 2.082083698880992650e-01 2.184061610793669728e-01
2.248407110765299199e-01 2.336086700822994910e-01 2.207386364618394714e-01 2.207390349266226959e-01 2.336080874458076606e-01
2.242719221980628286e-01 2.552294999390335439e-01 2.300417025374265900e-01 2.300442830920561288e-01 2.552287568533278539e-01
2.315211453217581039e-01 2.223885387041354411e-01 2.133065191335618560e-01 2.133054122433287736e-01 2.223879749248707793e-01
4.291991178932053064e-01 2.292662265791176879e-01 2.578952030334633050e-01 2.578937987297064138e-01 2.292651837447138297e-01
2.315249082242342438e-01 2.223942155667754661e-01 2.133116152080913042e-01 2.133089992332456997e-01 2.223931223201144336e-01
2.242638544123550515e-01 2.552256870642811148e-01 2.300351388270951147e-01 2.300359066763472404e-01 2.552254271094045457e-01
2.248481714398011255e-01 2.336129876657130344e-01 2.207463318405207264e-01 2.207484442093101407e-01 2.336122985580378897e-01
2.292266448128915113e-01 2.184011701213770251e-01 2.082077443258596450e-01 2.082066589674851365e-01 2.184008683803416451e-01
2.270630375491201058e-01 2.311110781853403240e-01 2.254380856097181751e-01 2.254366897394589064e-01 2.311101763410368382e-01
2.107224615611641982e-01 2.111748927407314791e-01 2.044017530337930710e-01 2.044000314959791564e-01 2.111741157877314867e-01
2.265664122356732257e-01 2.158353221228735686e-01 2.237767002993840681e-01 2.237777669353163967e-01 2.158353937501539810e-01
2.114918310336647289e-01 2.090165883097151733e-01 2.149461082777991139e-01 2.149471496638943879e-01 2.090161982896288351e-01
2.077174144698043512e-01 2.135826792369926730e-01 2.074366213460097086e-01 2.074359615972245774e-01 2.135826473341204679e-01
2.110666328560124594e-01 2.272152724888472086e-01 2.211333413442621298e-01 2.211324520029269158e-01 2.272147913024493426e-01
2.026322069313102603e-01 2.029488777914263409e-01 2.010513629099833499e-01 2.010508078501346829e-01 2.029486413543905854e-01
2.240372443969570748e-01 2.154989749304516145e-01 2.224004367888208489e-01 2.224010736772288332e-01 2.154991961980878556e-01
2.089509660986809125e-01 2.098190164194567442e-01 2.130512053096808578e-01 2.130512994183461073e-01 2.098189032584611979e-01
2.252516899044370857e-01 2.300238876949182720e-01 2.280104613095693677e-01 2.280102109002069832e-01 2.300238301715012423e-01
1.916868996617830390e-01 1.962472168597460265e-01 1.945615874777898990e-01 1.945613535452878073e-01 1.962470750003827424e-01
