2.021160156907694794e-01 2.021160206408862958e-01 2.021160251684382125e-01 2.021160206445220264e-01
2.304520035125907362e-01 2.304520242340910297e-01 2.304520459520748299e-01 2.304520242396957408e-01
1.977168142213037438e-01 1.977168333294392621e-01 1.977168560110620088e-01 1.977168332762375969e-01
1.930596274642937260e-01 1.930595684161384995e-01 1.930595014483792726e-01 1.930595683854266220e-01
2.069630293396333143e-01 2.069630829176804243e-01 2.069631191219314936e-01 2.069630829185673260e-01
2.135829316511446418e-01 2.135830269732661157e-01 2.135831177418313354e-01 2.135830269799256220e-01
2.110552825688593870e-01 2.110554503648378877e-01 2.110556531403754710e-01 2.110554503778756530e-01
2.034342033540639527e-01 2.034342587720969764e-01 2.034343655119526806e-01 2.034342587399133040e-01
2.021836801987483834e-01 2.021832979816749754e-01 2.021828200313011970e-01 2.021832979840021138e-01
2.121884874304988955e-01 2.121888820907796014e-01 2.121890964878395403e-01 2.121888821059086661e-01
2.153721005484109108e-01 2.153726206878818772e-01 2.153731036027552448e-01 2.153726207026935568e-01
2.155804698569983024e-01 2.155811987627996307e-01 2.155821894122419702e-01 2.155811987823489373e-01
2.112153895063558218e-01 2.112155434435317169e-01 2.112160596421225056e-01 2.112155434336460968e-01
2.106479859329594972e-01 2.106463944854873593e-01 2.106441089615125328e-01 2.106463944677713918e-01
2.161051118833333118e-01 2.161070572836511494e-01 2.161077559206548149e-01 2.161070573011597828e-01
2.161971744697891995e-01 2.161992615057942713e-01 2.162011153370604344e-01 2.161992615263353401e-01
2.161160635533450891e-01 2.161184002605509580e-01 2.161222424334683645e-01 2.161184002831076090e-01
2.106776026083557185e-01 2.106777532367686556e-01 2.106799113574902016e-01 2.106777532322549884e-01
2.112471212655275821e-01 2.112422095881624773e-01 2.112333474206941342e-01 2.112422095968898850e-01
2.155930025826587049e-01 2.156009536772157675e-01 2.156020654188020025e-01 2.156009536864631482e-01
2.153754906026832117e-01 2.153822611905258089e-01 2.153878657455207957e-01 2.153822612044145601e-01
2.122142109448211245e-01 2.122195824862022073e-01 2.122318177296822483e-01 2.122195824954330179e-01
2.022464660650355739e-01 2.022452296270206840e-01 2.022526716898956356e-01 2.022452296003964534e-01
2.035120675752355168e-01 2.035013343570989397e-01 2.034727906961435184e-01 2.035013344096192611e-01
2.110689284068855420e-01 2.110949603645495831e-01 2.110927179777671026e-01 2.110949603826914600e-01
2.135751226555835380e-01 2.135929599586097460e-01 2.136093850854172138e-01 2.135929599673071499e-01
2.069782371435603396e-01 2.069847120765291593e-01 2.069961607494988365e-01 2.069847120921674277e-01
1.931015126483540956e-01 1.930831319424292369e-01 1.929989366340545132e-01 1.930831319499120013e-01
1.978080452092398356e-01 1.974437588828108492e-01 1.970976539468864142e-01 1.974437589047857433e-01
2.297327407406160038e-01 2.287907205327998905e-01 2.301277353605483411e-01 2.287907205370989239e-01
1.984943123822320854e-01 2.010172618713875203e-01 2.138670282252391752e-01 2.010172618723968796e-01
