2.034052767595257438e-01 2.034062049051052479e-01 2.034071226773369878e-01 2.034062048285288915e-01
2.444643417946736341e-01 2.444682124503585463e-01 2.444721094873112399e-01 2.444682120943030557e-01
2.340847918681632500e-01 2.340878626920924466e-01 2.340910143410407096e-01 2.340878629930673305e-01
2.253835997791299728e-01 2.253724839349753040e-01 2.253611677813445180e-01 2.253724839786167833e-01
2.246263094237248015e-01 2.246334041536824366e-01 2.246401673098236129e-01 2.246334036791406974e-01
2.193842759978216483e-01 2.193913798003354343e-01 2.193984582877739342e-01 2.193913795582107529e-01
2.261293081544754335e-01 2.261359793548953778e-01 2.261428381299752932e-01 2.261359793016504693e-01
2.298746452263772944e-01 2.298748729018718906e-01 2.298752081014636683e-01 2.298748729147057634e-01
2.319779681598616583e-01 2.319670107657894054e-01 2.319556714185353197e-01 2.319670105985251474e-01
2.242771701183507715e-01 2.242824181877662304e-01 2.242874459672838106e-01 2.242824180953492952e-01
2.177900629110710584e-01 2.177852591438557139e-01 2.177806024301529586e-01 2.177852593331506270e-01
2.238376703195719686e-01 2.238187686184375247e-01 2.237982558283093393e-01 2.238187691613245378e-01
2.306225775052834770e-01 2.306239117739903588e-01 2.306227819464713724e-01 2.306239103702615034e-01
2.289607760129906966e-01 2.289947856513659674e-01 2.290325275618766976e-01 2.289947863708057807e-01
2.252753644780712272e-01 2.252421689877865119e-01 2.252154926172635352e-01 2.252421692979844348e-01
2.190744759724070345e-01 2.190414556965690762e-01 2.190093583374353725e-01 2.190414560549533429e-01
2.253218720850760082e-01 2.252876362990278158e-01 2.252488084570443694e-01 2.252876368495199122e-01
2.290931511314708569e-01 2.290991724205019564e-01 2.291007628046550781e-01 2.290991712774746447e-01
2.306740409280392812e-01 2.307241329518083806e-01 2.307824430743999622e-01 2.307241337860577168e-01
2.238946162287624997e-01 2.238589470280436811e-01 2.238299678617598487e-01 2.238589473086279868e-01
2.177739772539174501e-01 2.177842161854080250e-01 2.177927073201487429e-01 2.177842163352295413e-01
2.241647723654894564e-01 2.242174552744674310e-01 2.243101108788933817e-01 2.242174553316609309e-01
2.318428669348078786e-01 2.318219208336063375e-01 2.318599796619552067e-01 2.318219215044813875e-01
2.298655478629170468e-01 2.297697598992069212e-01 2.295705472420313809e-01 2.297697595966571027e-01
2.259098659841885515e-01 2.261281769983937984e-01 2.261593204457749973e-01 2.261281769682433884e-01
2.192109739964161197e-01 2.194039559904066017e-01 2.195707622375165924e-01 2.194039558633182063e-01
2.245545040764491684e-01 2.246858882058683227e-01 2.250554766087772829e-01 2.246858879659456576e-01
2.257234353963950835e-01 2.255758027618233186e-01 2.256371157413257222e-01 2.255758039079525379e-01
2.346763768254341576e-01 2.341615210408740377e-01 2.331256298023758333e-01 2.341615204502225656e-01
2.433970100624096300e-01 2.431251176437175809e-01 2.443563744498160051e-01 2.431251175168192558e-01
1.996332729937556894e-01 2.023550408285859914e-01 2.153550251134297155e-01 2.023550407964541664e-01
