1.875706946846267265e-02 1.875698974707069519e-02 1.875690662157692909e-02 1.875698649807312074e-02
1.640033802897468695e-01 1.640022421890031945e-01 1.640010528236344467e-01 1.640021955676323473e-01
1.613506635587591553e-01 1.613405315088684566e-01 1.613302858544546081e-01 1.613404274145467110e-01
1.620564198633182018e-01 1.620218593791170059e-01 1.619873094661744561e-01 1.620218333122085963e-01
2.024819853482600907e-01 2.024676008607766975e-01 2.024533075289602635e-01 2.024676003038596295e-01
2.118477896178602438e-01 2.118477379486914947e-01 2.118477435958994182e-01 2.118477382129290987e-01
2.003015610458381002e-01 2.003006814887935694e-01 2.002997343784601869e-01 2.003006683254943687e-01
1.386126726341282145e-01 1.385875490014138178e-01 1.385622526760877105e-01 1.385875172729477967e-01
1.387094342424452509e-01 1.386110107979735551e-01 1.385126151071408851e-01 1.386110029015210909e-01
2.004068436725766345e-01 2.003622941753952780e-01 2.003182126600401569e-01 2.003622940971926947e-01
2.120245344302836010e-01 2.120206905426438859e-01 2.120175604546660486e-01 2.120206912128477506e-01
2.016500469146696450e-01 2.016512684341199013e-01 2.016526399037836259e-01 2.016512724396572198e-01
1.526908536207253198e-01 1.527098898827720930e-01 1.527274872206512424e-01 1.527098982274372463e-01
1.523506094179258030e-01 1.524139203422365252e-01 1.524750307635308610e-01 1.524139231066918287e-01
2.013541214248384947e-01 2.013730195398988065e-01 2.013932075185470294e-01 2.013730199336150883e-01
2.119640113067546572e-01 2.119527087848319669e-01 2.119467920394288440e-01 2.119527090890350185e-01
2.014645588572549217e-01 2.014724547776315655e-01 2.014805793723812577e-01 2.014724596830407000e-01
1.520278143934420401e-01 1.523024370699819496e-01 1.525624219767020007e-01 1.523024483554173691e-01
1.509858718273543732e-01 1.520389430996256785e-01 1.530756071141179120e-01 1.520389468302039693e-01
1.999555926884278301e-01 2.004360593111081668e-01 2.009375786525352814e-01 2.004360598550727623e-01
2.118648135410421685e-01 2.118804553002298363e-01 2.119397778772439678e-01 2.118804554529456763e-01
2.003904542559011570e-01 2.003962379574920349e-01 2.003678812372247653e-01 2.003962402768637852e-01
1.380840524832017135e-01 1.385106505240835117e-01 1.387859115212771721e-01 1.385106559081900057e-01
1.312619689579070659e-01 1.329225830201934133e-01 1.345605414678707479e-01 1.329225848837496948e-01
1.858903585578357276e-01 1.873011616062692508e-01 1.891443514416974447e-01 1.873011619282717310e-01
2.098679665672370243e-01 2.103289950780144468e-01 2.113163848381147680e-01 2.103289951975200189e-01
2.024928718868219957e-01 2.024536255831188847e-01 2.019437849252538886e-01 2.024536266511671734e-01
1.605173679803300890e-01 1.577659705113971245e-01 1.529422650540286088e-01 1.577659729144543221e-01
1.105515620496216461e-01 9.774708985718347232e-02 8.252454788124849450e-02 9.774709075754801912e-02
3.012854740838674661e-02 2.331890580419277229e-02 1.488728129293390330e-02 2.331890597723587297e-02
3.364418253003897442e-03 2.357266369418120015e-03 5.332507083471823206e-04 2.357266380807661668e-03
