2.021160157000947144e-01 2.021160206529847014e-01 2.021160251762339766e-01 2.021160206517490232e-01
2.304520036040199060e-01 2.304520243254364331e-01 2.304520460372491419e-01 2.304520243235304022e-01
1.977168144357518698e-01 1.977168335430376511e-01 1.977168562261194529e-01 1.977168334980836939e-01
1.930596276594419569e-01 1.930595686124431387e-01 1.930595016533392938e-01 1.930595685936808970e-01
2.069630294578811702e-01 2.069630830366734342e-01 2.069631192337080261e-01 2.069630830342328864e-01
2.135829317074882105e-01 2.135830270275956289e-01 2.135831177901595102e-01 2.135830270241415585e-01
2.110552826836625817e-01 2.110554504726982195e-01 2.110556532422379061e-01 2.110554504711766310e-01
2.034342035276358318e-01 2.034342589357373832e-01 2.034343656785343457e-01 2.034342589058282524e-01
2.021836803900719237e-01 2.021832981666953633e-01 2.021828202179482836e-01 2.021832981701041643e-01
2.121884875189248842e-01 2.121888821725804453e-01 2.121890965641778093e-01 2.121888821755869847e-01
2.153721005684639533e-01 2.153726207019011352e-01 2.153731036095433149e-01 2.153726207039886598e-01
2.155804698559023458e-01 2.155811987628898918e-01 2.155821893957245439e-01 2.155811987692804743e-01
2.112153894581373925e-01 2.112155434179597557e-01 2.112160596266521029e-01 2.112155434037177038e-01
2.106479859394611021e-01 2.106463944562549651e-01 2.106441089478367501e-01 2.106463944807137889e-01
2.161051118758906264e-01 2.161070572719530347e-01 2.161077558911407293e-01 2.161070572640726994e-01
2.161971744537302398e-01 2.161992614917823963e-01 2.162011153030626853e-01 2.161992614887065234e-01
2.161160634749986209e-01 2.161184001915996966e-01 2.161222423374378476e-01 2.161184001941935384e-01
2.106776024163012906e-01 2.106777530632455431e-01 2.106799111955304504e-01 2.106777530611611826e-01
2.112471211594025844e-01 2.112422094550120977e-01 2.112333472839721116e-01 2.112422094737172462e-01
2.155930025141762629e-01 2.156009536015781602e-01 2.156020653336212511e-01 2.156009535883541273e-01
2.153754905745281223e-01 2.153822611596121206e-01 2.153878657088348636e-01 2.153822611536027887e-01
2.122142108638509217e-01 2.122195824091782368e-01 2.122318176485842867e-01 2.122195823999411257e-01
2.022464659225225170e-01 2.022452294794364613e-01 2.022526715655835750e-01 2.022452294761728775e-01
2.035120674145705355e-01 2.035013342080665699e-01 2.034727905265199532e-01 2.035013342234444356e-01
2.110689283284720719e-01 2.110949602953728355e-01 2.110927179037472845e-01 2.110949602872918551e-01
2.135751226349887344e-01 2.135929599371280685e-01 2.136093850655710336e-01 2.135929599344091601e-01
2.069782371094795459e-01 2.069847120486270342e-01 2.069961607191495301e-01 2.069847120449152811e-01
1.931015125974312463e-01 1.930831318936400698e-01 1.929989365887781194e-01 1.930831319006970359e-01
1.978080451667802719e-01 1.974437588408871069e-01 1.970976538950835466e-01 1.974437588502967189e-01
2.297327407295112478e-01 2.287907205163313973e-01 2.301277353384136304e-01 2.287907205129820210e-01
1.984943123820524236e-01 2.010172618694772706e-01 2.138670282230505926e-01 2.010172618694425206e-01
