1.875706954797520462e-02 1.875698976956557268e-02 1.875690654067915797e-02 1.875698648051024250e-02
1.640033814609375695e-01 1.640022424710325666e-01 1.640010517101845589e-01 1.640021954079965150e-01
1.613506667388243665e-01 1.613405327122555133e-01 1.613302840034291363e-01 1.613404277282787791e-01
1.620564210027092000e-01 1.620218600631125327e-01 1.619873096196897400e-01 1.620218340209795549e-01
2.024819852846398982e-01 2.024676007509146336e-01 2.024533075484073186e-01 2.024676002927902341e-01
2.118477895660527688e-01 2.118477379577990150e-01 2.118477435481340154e-01 2.118477382175865398e-01
2.003015611463718759e-01 2.003006816295546388e-01 2.002997339434600121e-01 2.003006683355633977e-01
1.386126727455096463e-01 1.385875489162865237e-01 1.385622515856049508e-01 1.385875168980467143e-01
1.387094337498136487e-01 1.386110104730969572e-01 1.385126146368588218e-01 1.386110025190441519e-01
2.004068434166187962e-01 2.003622940129262675e-01 2.003182125404691372e-01 2.003622939437605388e-01
2.120245343781808622e-01 2.120206905354234672e-01 2.120175604191032182e-01 2.120206912042266467e-01
2.016500467565563448e-01 2.016512685555548468e-01 2.016526399273550207e-01 2.016512724108715238e-01
1.526908532693818099e-01 1.527098900593153730e-01 1.527274873208702977e-01 1.527098980624798374e-01
1.523506091101524962e-01 1.524139202608441879e-01 1.524750307441609387e-01 1.524139229714040478e-01
2.013541211932495523e-01 2.013730193194124829e-01 2.013932073870029760e-01 2.013730197717336634e-01
2.119640112755143690e-01 2.119527087407175325e-01 2.119467920146095863e-01 2.119527090707722661e-01
2.014645587780538039e-01 2.014724548811004379e-01 2.014805793339767559e-01 2.014724595743883906e-01
1.520278140148930146e-01 1.523024370870041666e-01 1.525624217627704060e-01 1.523024479191770197e-01
1.509858714293377813e-01 1.520389428448457314e-01 1.530756069322311563e-01 1.520389466134199064e-01
1.999555925754699648e-01 2.004360592024898025e-01 2.009375786269107789e-01 2.004360598363193469e-01
2.118648135305100100e-01 2.118804552769628091e-01 2.119397778800219401e-01 2.118804554611301294e-01
2.003904542180774684e-01 2.003962379762889157e-01 2.003678812141966303e-01 2.003962402395464137e-01
1.380840521687825007e-01 1.385106503740428097e-01 1.387859112584987342e-01 1.385106555979380427e-01
1.312619686547729647e-01 1.329225828769842743e-01 1.345605412884405827e-01 1.329225846598578176e-01
1.858903586105533634e-01 1.873011617141513430e-01 1.891443515427239097e-01 1.873011620205830563e-01
2.098679665639908432e-01 2.103289950924978335e-01 2.113163848397394684e-01 2.103289952243915517e-01
2.024928718118644000e-01 2.024536256240059284e-01 2.019437849889264003e-01 2.024536266975754395e-01
1.605173680225497612e-01 1.577659707804989209e-01 1.529422654374474333e-01 1.577659731740872484e-01
1.105515623247808887e-01 9.774709027288654151e-02 8.252454836212654021e-02 9.774709116585703073e-02
3.012854779825877710e-02 2.331890620490346261e-02 1.488728166207791380e-02 2.331890637718250434e-02
3.364418322998251071e-03 2.357266421715519499e-03 5.332507225888583014e-04 2.357266434325937850e-03
