1.987266801219962076e-01 1.987339686858227150e-01 1.987327779564355690e-01 1.987274135140996156e-01 1.987372825648917596e-01
2.288137605271074182e-01 2.288160036868898128e-01 2.288156344692672817e-01 2.288139856141344353e-01 2.288170140300316568e-01
2.110420021736060803e-01 2.110361917176593327e-01 2.110371357688056171e-01 2.110414109062406507e-01 2.110335302338311458e-01
2.233731665811310996e-01 2.233635134047295134e-01 2.233650933590300425e-01 2.233721895371276467e-01 2.233591137311830011e-01
2.000014830927625276e-01 2.000016203874613874e-01 2.000015977902353248e-01 2.000014964695265851e-01 2.000016825551099442e-01
2.226338073725307454e-01 2.226702499062049867e-01 2.226643003738791315e-01 2.226374736275308353e-01 2.226868097004137126e-01
2.067682097562055787e-01 2.067702428243411716e-01 2.067699038616153950e-01 2.067684133669626390e-01 2.067711348137771243e-01
2.062311191003770305e-01 2.062104430310323366e-01 2.062138089059663282e-01 2.062290257596066101e-01 2.062009998228828411e-01
2.190059363081668931e-01 2.189825084833217084e-01 2.189863415591055684e-01 2.190035691303839072e-01 2.189718405140317070e-01
2.000055687623638057e-01 2.000060843436957669e-01 2.000059998719456444e-01 2.000056203454927406e-01 2.000063185249365827e-01
2.184004630152950044e-01 2.184577393551682956e-01 2.184483894789108760e-01 2.184062269231685505e-01 2.184837655067285167e-01
2.053067226662065869e-01 2.053083198525431363e-01 2.053080501532975888e-01 2.053068834166036916e-01 2.053090020672867777e-01
2.045775902079859099e-01 2.045479275747444647e-01 2.045527589058167006e-01 2.045745905025420364e-01 2.045343901753713667e-01
2.133674944044306465e-01 2.133368428941583295e-01 2.133418567545659894e-01 2.133643984998848941e-01 2.133228907921918549e-01
2.000112608639123268e-01 2.000123010383058064e-01 2.000121307262515136e-01 2.000113649764480583e-01 2.000127735080731439e-01
2.126499702850132845e-01 2.127146744495630459e-01 2.127041131867412893e-01 2.126564833137588595e-01 2.127440778934238663e-01
2.034812354261632261e-01 2.034822794542740232e-01 2.034821012876515678e-01 2.034813405883800774e-01 2.034827137296937039e-01
2.027242235835092221e-01 2.026936342645272171e-01 2.026986180015135641e-01 2.027211320445618525e-01 2.026796829030956260e-01
2.074301509883382522e-01 2.074005693129140349e-01 2.074054054666499280e-01 2.074271644229375156e-01 2.073871076541935476e-01
2.000171817422577991e-01 2.000187634213579091e-01 2.000185046179113191e-01 2.000173403647771131e-01 2.000194819001911151e-01
2.067758177911217521e-01 2.068328027209422604e-01 2.068235029478213971e-01 2.067815544594873989e-01 2.068587030623293688e-01
2.017218069347245790e-01 2.017223205397289110e-01 2.017222318347243748e-01 2.017218583760335970e-01 2.017225283041981510e-01
2.011218782350745193e-01 2.010986008254823376e-01 2.011023941208306132e-01 2.011195268832804695e-01 2.010879919849537234e-01
2.026473343386496484e-01 2.026268011714399409e-01 2.026301555089936868e-01 2.026452622592949115e-01 2.026174603973005250e-01
2.000380119804925083e-01 2.000400198457407130e-01 2.000396917345837744e-01 2.000382137021547158e-01 2.000409319434398869e-01
2.022257151617053994e-01 2.022618207006231239e-01 2.022559304945352188e-01 2.022293504655600926e-01 2.022782360751496367e-01
2.004584663250455479e-01 2.004586020171505722e-01 2.004585782286425200e-01 2.004584785918230583e-01 2.004586579214479025e-01
2.005680977081389926e-01 2.005585358031352350e-01 2.005600942797051978e-01 2.005671326209838845e-01 2.005541830186784169e-01
2.039494457191322330e-01 2.039436877814441162e-01 2.039446271620030671e-01 2.039488655258898941e-01 2.039410687027866376e-01
2.213739382638199027e-01 2.213761558464169554e-01 2.213757939040897071e-01 2.213741612661543623e-01 2.213771640454786915e-01
1.745231548301956759e-01 1.745303685191604004e-01 1.745291921407443880e-01 1.745238814466705535e-01 1.745336500222044729e-01
