2.021160157285822601e-01 2.021160206803060966e-01 2.021160252057613016e-01 2.021160206780910074e-01
2.304520035497932273e-01 2.304520242709501565e-01 2.304520459818315825e-01 2.304520242652720319e-01
1.977168142193994338e-01 1.977168333149717794e-01 1.977168560008886189e-01 1.977168332701198517e-01
1.930596275049370758e-01 1.930595684528103040e-01 1.930595014995310221e-01 1.930595684262694789e-01
2.069630293441989399e-01 2.069630829238372216e-01 2.069631191266965153e-01 2.069630829181338394e-01
2.135829316557358026e-01 2.135830269756965882e-01 2.135831177382511992e-01 2.135830269721152030e-01
2.110552825367736363e-01 2.110554503220465616e-01 2.110556531039945449e-01 2.110554503350438871e-01
2.034342032725948435e-01 2.034342586743098646e-01 2.034343654348627350e-01 2.034342586621593341e-01
2.021836801202815115e-01 2.021832979213264714e-01 2.021828199761842582e-01 2.021832979118991236e-01
2.121884873849800013e-01 2.121888820793492170e-01 2.121890964674520152e-01 2.121888820598052117e-01
2.153721005501038066e-01 2.153726207044922292e-01 2.153731036001469423e-01 2.153726206986124880e-01
2.155804698840745048e-01 2.155811988043874194e-01 2.155821894239037528e-01 2.155811987981124944e-01
2.112153895601706355e-01 2.112155435271622916e-01 2.112160597336298073e-01 2.112155435001367987e-01
2.106479860324656228e-01 2.106463945503839752e-01 2.106441090359276180e-01 2.106463945726988474e-01
2.161051119433261558e-01 2.161070573414079765e-01 2.161077559533533254e-01 2.161070573377174842e-01
2.161971744953665175e-01 2.161992615290095343e-01 2.162011153385886009e-01 2.161992615308855059e-01
2.161160636202978380e-01 2.161184003227782924e-01 2.161222424689490940e-01 2.161184003268860898e-01
2.106776026853527939e-01 2.106777533232326027e-01 2.106799114596303313e-01 2.106777533209565623e-01
2.112471214266051778e-01 2.112422097265418408e-01 2.112333475585851661e-01 2.112422097526577558e-01
2.155930026428520552e-01 2.156009537480858829e-01 2.156020654811713344e-01 2.156009537361673889e-01
2.153754906209082165e-01 2.153822612148218740e-01 2.153878657579665346e-01 2.153822612040459938e-01
2.122142109629605589e-01 2.122195825030520067e-01 2.122318177299638842e-01 2.122195824859728908e-01
2.022464660377484846e-01 2.022452295762249830e-01 2.022526716550919201e-01 2.022452295775473419e-01
2.035120675290283676e-01 2.035013343282559839e-01 2.034727906513037754e-01 2.035013343429973032e-01
2.110689283572493025e-01 2.110949603415049891e-01 2.110927179342197979e-01 2.110949603116152595e-01
2.135751226151537119e-01 2.135929599323344308e-01 2.136093850497579050e-01 2.135929599126816514e-01
2.069782370697119955e-01 2.069847120207439217e-01 2.069961606777406538e-01 2.069847119874778651e-01
1.931015125287497969e-01 1.930831318062362356e-01 1.929989365113879418e-01 1.930831318497301385e-01
1.978080450569054127e-01 1.974437587460961263e-01 1.970976538256708765e-01 1.974437588019483103e-01
2.297327407006797828e-01 2.287907205141960221e-01 2.301277353162174966e-01 2.287907204908446457e-01
1.984943124046696927e-01 2.010172619008721573e-01 2.138670282546651369e-01 2.010172618889314311e-01
