1.886383536846521561e-02 1.886382466130838084e-02 1.886380429140596324e-02 1.886381911658295552e-02
1.665336154697396598e-01 1.665334893229199476e-01 1.665332912476826244e-01 1.665334265230764277e-01
1.891930771190429295e-01 1.891926806986962140e-01 1.891920740754512442e-01 1.891924350683524270e-01
1.892300405632707239e-01 1.892292907711260741e-01 1.892284361229062961e-01 1.892290334338859736e-01
2.045716704057549129e-01 2.045714275364811097e-01 2.045711344256471165e-01 2.045713527500282181e-01
2.118735722524260623e-01 2.118736039466154741e-01 2.118736450481448763e-01 2.118736596242098980e-01
2.041327105844609469e-01 2.041319394988310165e-01 2.041317632956181627e-01 2.041326492963782824e-01
1.846253581588356008e-01 1.846213546768295521e-01 1.846184954836990189e-01 1.846224272187043935e-01
1.848297120577135355e-01 1.848199211601827818e-01 1.848094029950740347e-01 1.848186823856914074e-01
2.042878683418730967e-01 2.042843315873520416e-01 2.042807252337744406e-01 2.042836213590306649e-01
2.118790270318843261e-01 2.118797777122160553e-01 2.118802792314959382e-01 2.118801830752356230e-01
1.994386979274324900e-01 1.994321064982276237e-01 1.994312681843269652e-01 1.994398786421172354e-01
1.382483965709183360e-01 1.382047542877440360e-01 1.381739826314329067e-01 1.382176406425441872e-01
1.388143637652259066e-01 1.386934975155175997e-01 1.385666208337333616e-01 1.386801596348918031e-01
1.997565727505899447e-01 1.997050016510709403e-01 1.996545822391235514e-01 1.996967721559512465e-01
2.117700616516509649e-01 2.117715663627532108e-01 2.117719620517025669e-01 2.117711706404126759e-01
1.995935658430006698e-01 1.995738985510265850e-01 1.995713720952275172e-01 1.995998950484242085e-01
1.376507657803590079e-01 1.375316511732866398e-01 1.374699001364586282e-01 1.375933253039823279e-01
1.373708355740166365e-01 1.370899297893854174e-01 1.368350784702405398e-01 1.370999421739617641e-01
1.994439308490079665e-01 1.993218994271764855e-01 1.992162551403399429e-01 1.993189527551753604e-01
2.118817434407221922e-01 2.118746116438807447e-01 2.118726402669925957e-01 2.118740829081425248e-01
2.042591486283031332e-01 2.042563744787624924e-01 2.042504211758291444e-01 2.042582920355120457e-01
1.845396761087352844e-01 1.844530179619996435e-01 1.843724002484548874e-01 1.844578008384938350e-01
1.845619991608863919e-01 1.842383578469640459e-01 1.839431984610850612e-01 1.842375837553889006e-01
2.042686450777664309e-01 2.041052846781578056e-01 2.039886562624612931e-01 2.041051442230930602e-01
2.119717243996709632e-01 2.119709259483471830e-01 2.120417239821263122e-01 2.119710723412066844e-01
2.045667854970208976e-01 2.045638651960837162e-01 2.046142154020147708e-01 2.045642448627424670e-01
1.892935114247958073e-01 1.893456962965365531e-01 1.885551644428044571e-01 1.893459273501221785e-01
1.930982878265201930e-01 1.900213337032334304e-01 1.821664375688804016e-01 1.900196488233568126e-01
1.908226211437855646e-01 1.664670411405286266e-01 1.304087594882777923e-01 1.664662202316753159e-01
3.766284313290137187e-02 2.387877937296544253e-02 9.786574544510995462e-04 2.387870879236370439e-02
