2.021079575852053056e-01 2.021080673286282658e-01 2.021081683522551464e-01 2.021080676949652266e-01
2.303630199418497115e-01 2.303634817870287288e-01 2.303639682853109993e-01 2.303634819956905666e-01
1.974743713914307586e-01 1.974747975209129314e-01 1.974753073659414326e-01 1.974747966292418888e-01
1.928701955762708864e-01 1.928688709507478949e-01 1.928673689267245139e-01 1.928688698015043890e-01
2.068262693888871517e-01 2.068274723005997240e-01 2.068282824462181757e-01 2.068274711698962209e-01
2.135011120017734909e-01 2.135032564375876907e-01 2.135052981339261580e-01 2.135032557759344030e-01
2.107229459185098186e-01 2.107267251664300955e-01 2.107312997183418690e-01 2.107267249351540694e-01
2.027331640081874997e-01 2.027344196390201969e-01 2.027368359562025102e-01 2.027344194247620579e-01
2.015353983274199567e-01 2.015267817975933407e-01 2.015159856418217710e-01 2.015267814015745673e-01
2.118133769876086869e-01 2.118223015894576955e-01 2.118271322157731507e-01 2.118223013055328674e-01
2.152230649210419566e-01 2.152348606379699270e-01 2.152458252940049888e-01 2.152348605234094270e-01
2.151686838707869698e-01 2.151852687866991354e-01 2.152078588800129255e-01 2.151852689043243227e-01
2.104852674342816699e-01 2.104888243250309654e-01 2.105006241684515278e-01 2.104888242815923238e-01
2.099253671240317032e-01 2.098891495284199438e-01 2.098369349934855466e-01 2.098891492952774385e-01
2.157085759885692122e-01 2.157530658340335028e-01 2.157689643407896540e-01 2.157530655882487214e-01
2.160692564958404394e-01 2.161171549197763997e-01 2.161599026762786036e-01 2.161171549274568948e-01
2.159568242625119205e-01 2.160108077172210039e-01 2.160999846606746766e-01 2.160108079229115519e-01
2.105988094265825172e-01 2.106027311712125594e-01 2.106526904194138405e-01 2.106027314879367618e-01
2.112095241221892128e-01 2.110964051714310508e-01 2.108901217390002358e-01 2.110964051877983749e-01
2.154514250433899047e-01 2.156363612917540085e-01 2.156619656640249849e-01 2.156363611664230961e-01
2.152980841734251638e-01 2.154558408486615950e-01 2.155890010283047220e-01 2.154558406883485544e-01
2.124004097939835023e-01 2.125275248532171868e-01 2.128215164673428472e-01 2.125275247204301277e-01
2.029841631711547523e-01 2.029595574358901422e-01 2.031353492595552590e-01 2.029595576434226334e-01
2.045406795450377679e-01 2.042976016876864032e-01 2.036119155250669110e-01 2.042976015148424418e-01
2.110362801684576572e-01 2.116698562006977535e-01 2.116082956054883280e-01 2.116698560395000595e-01
2.133678192740990354e-01 2.137692262356173656e-01 2.141319799320704209e-01 2.137692260802704913e-01
2.071787133323872987e-01 2.073385746008671315e-01 2.079643471608859095e-01 2.073385742885283378e-01
1.939459091639791632e-01 1.937569056076992591e-01 1.931777645610463223e-01 1.937569062903067296e-01
1.995283521415509020e-01 1.960275260691392574e-01 1.906598791050591324e-01 1.960275260993298574e-01
2.222117695927468828e-01 2.116801219700098213e-01 2.219912609339534104e-01 2.116801218222084113e-01
1.597927678980798349e-01 1.838500614111625575e-01 3.526874156549884565e-01 1.838500613872871003e-01
