2.795074191101324171e-02 2.795074214493522419e-02 2.795074127740015263e-02 2.795074113783465805e-02 2.795074213680756592e-02
1.714460833309121857e-01 1.714460838966744838e-01 1.714460822579759181e-01 1.714460818681542154e-01 1.714460840795369867e-01
2.005920745144851025e-01 2.005920958128634968e-01 2.005921033560701117e-01 2.005921026349526681e-01 2.005920960284158783e-01
2.002268823341432635e-01 2.002270615550365285e-01 2.002271796208311694e-01 2.002271793841898240e-01 2.002270626958239375e-01
1.999990347048122841e-01 1.999997066258004386e-01 2.000005200536488503e-01 2.000005266896266731e-01 1.999997177316766572e-01
1.998305698171586597e-01 1.998308374450570302e-01 1.998318186359382409e-01 1.998318287513666802e-01 1.998308542958739942e-01
1.999560773187950280e-01 1.999552941846890197e-01 1.999557085445866633e-01 1.999556965515736084e-01 1.999552808903840850e-01
1.999958340727095996e-01 1.999986320727221156e-01 1.999994773181552332e-01 1.999994284770897635e-01 1.999986260200729837e-01
1.999447421120906787e-01 1.999773442652713062e-01 1.999971895476740369e-01 1.999971682543127127e-01 1.999773213012369655e-01
1.996810341314997073e-01 1.998086909765596220e-01 1.999596287963029129e-01 1.999595863824850661e-01 1.998086451377894812e-01
1.995041470736154676e-01 1.995425015663285506e-01 1.997167668726300971e-01 1.997167963975619021e-01 1.995424193765786558e-01
2.000370191316925284e-01 1.998086053710549648e-01 1.998601898453854497e-01 1.998601372864515502e-01 1.998087447469895916e-01
1.994882514763608172e-01 1.997012242388486458e-01 1.996367086817573688e-01 1.996365690177128172e-01 1.997011460816033313e-01
1.893264767275855964e-01 1.953787132058983911e-01 1.977597837990551777e-01 1.977593825322752075e-01 1.953788413900113263e-01
1.230996398521340823e-01 1.577542843594811062e-01 1.859045160190782864e-01 1.859047880374488093e-01 1.577562679819555502e-01
1.802982700194010260e-02 7.979839432014947109e-02 1.304498826145065460e-01 1.304492324492060873e-01 7.980028382486298311e-02
1.231299646895353678e-01 1.577648771986323029e-01 1.858963233104027890e-01 1.858954278031882679e-01 1.577671180384682403e-01
1.893410149245800533e-01 1.953826388759015709e-01 1.977559625798802900e-01 1.977561588973946738e-01 1.953840904948622170e-01
1.994907549038171801e-01 1.997022709964855203e-01 1.996357101446843973e-01 1.996357954980700622e-01 1.997027882320540348e-01
2.000383098525722048e-01 1.998102450403892727e-01 1.998606956339112894e-01 1.998605266478889753e-01 1.998098963951767948e-01
1.995065341936718140e-01 1.995443516660885264e-01 1.997176361647849674e-01 1.997176297179462934e-01 1.995443074258299587e-01
1.996823855135264059e-01 1.998094853019038442e-01 1.999597456004084950e-01 1.999597563161328029e-01 1.998095262341531286e-01
1.999450564943442143e-01 1.999774674833155463e-01 1.999972045612629645e-01 1.999972031585457166e-01 1.999774681371405682e-01
1.999958460841737840e-01 1.999986238638543357e-01 1.999994242292031099e-01 1.999994234436076324e-01 1.999986229560523909e-01
1.999560255308994450e-01 1.999552530629129521e-01 1.999556717696937824e-01 1.999556844468552974e-01 1.999552724496599099e-01
1.998306182450664548e-01 1.998308894260906743e-01 1.998318573724877367e-01 1.998318490063678843e-01 1.998308727270300122e-01
1.999990437037963975e-01 1.999997150734797169e-01 2.000005214384825425e-01 2.000005200155319518e-01 1.999997129333461743e-01
2.002268823464663228e-01 2.002270601637380631e-01 2.002271770610473123e-01 2.002271768469694180e-01 2.002270600515522470e-01
2.005920709345840325e-01 2.005920917349060806e-01 2.005920990508342772e-01 2.005920987720858362e-01 2.005920916442939517e-01
1.714460786808423842e-01 1.714460792198227446e-01 1.714460773212343192e-01 1.714460771335735156e-01 1.714460790114337163e-01
2.795074015983890076e-02 2.795074039627615248e-02 2.795073947730762620e-02 2.795073941358628203e-02 2.795074031005944162e-02
