1.922454416674579947e-01 1.929161092225634422e-01 1.921039005420470125e-01 1.909819275238305858e-01 1.910299119274381230e-01
2.705192298355469926e-01 2.739464388974593434e-01 2.694303605143743008e-01 2.638882291278682457e-01 2.639914737113517873e-01
3.023375838967474194e-01 3.058606189397257702e-01 3.005437545429414103e-01 2.955033284749695177e-01 2.950060644980180280e-01
2.757652543288177660e-01 2.765788835877543983e-01 2.743777317510295854e-01 2.743715934650242105e-01 2.731847953839445786e-01
2.963193513104661614e-01 2.966190530107549184e-01 2.960944955524009159e-01 2.967740999736784846e-01 2.953796644530873317e-01
2.623995845892196921e-01 2.625823781532582446e-01 2.626049325927177214e-01 2.624569325396967634e-01 2.619074084867462071e-01
2.571475720426876221e-01 2.567435674327991912e-01 2.570344200028031323e-01 2.571337442344880375e-01 2.572784081418589275e-01
2.920741959524867370e-01 2.917725545408618171e-01 2.916043120783141096e-01 2.915639561862631290e-01 2.917949727741558363e-01
2.431989421176545263e-01 2.431967758003230895e-01 2.427328523013745354e-01 2.423699296841675677e-01 2.425845319755674523e-01
2.149329158918527050e-01 2.149499603473014608e-01 2.148466036198072027e-01 2.147610443274513559e-01 2.147901543301203309e-01
2.147320073525449402e-01 2.147309921421566292e-01 2.148069917535604667e-01 2.148349315158217532e-01 2.147884957088662117e-01
2.413080457755115982e-01 2.413203830605092637e-01 2.417244888729165042e-01 2.419680273907526824e-01 2.417212698977722618e-01
2.851774190166255218e-01 2.851732856592150700e-01 2.865941036949330445e-01 2.874372585584402673e-01 2.865582602356654407e-01
2.404538713571972020e-01 2.404276711641545050e-01 2.418403010915587126e-01 2.426221295808158596e-01 2.417600177760831914e-01
2.118633761650249858e-01 2.118576027651872251e-01 2.122651653042531839e-01 2.124777487923744934e-01 2.122376959828444765e-01
2.028734122722482269e-01 2.028786583931216636e-01 2.029934028556842629e-01 2.030532041453598224e-01 2.029955049382722865e-01
2.006265701217091468e-01 2.006340153580504215e-01 2.006561076520897713e-01 2.006485986953197020e-01 2.006319154298072949e-01
2.002376771914185782e-01 2.002511244229513432e-01 2.002495837642769005e-01 2.002992223730998278e-01 2.002858174974888605e-01
2.001501198024992489e-01 2.001675365185513478e-01 2.001713317784585833e-01 2.002066877406342149e-01 2.002389843044248552e-01
2.001494228735631320e-01 2.001548749631840707e-01 2.001528096747478558e-01 2.001510360348731643e-01 2.001856412233881388e-01
2.000425539140626152e-01 2.000501926492012916e-01 2.000411965425451244e-01 2.000289717150043889e-01 2.000540333532864756e-01
1.997894918950718912e-01 1.997924154941259356e-01 1.997904399526067298e-01 1.997815457731514088e-01 1.997856189169633090e-01
1.996362269525903677e-01 1.996331312645421852e-01 1.996349313626001598e-01 1.996322424341099577e-01 1.996334857982878241e-01
1.997339023430357019e-01 1.997357952863467456e-01 1.997348825173122233e-01 1.997335027464564039e-01 1.997351205199244251e-01
1.998984442315072385e-01 1.999001623929776150e-01 1.998994799532980426e-01 1.999000539664542442e-01 1.999002042702569537e-01
1.999056645620914396e-01 1.999056698392591425e-01 1.999056728936884075e-01 1.999055639570959664e-01 1.999056871953324155e-01
2.001133132239104051e-01 2.001133042118621586e-01 2.001132738773416797e-01 2.001132145033585052e-01 2.001132573239269297e-01
2.003300635181641254e-01 2.003300477432891358e-01 2.003300439631491292e-01 2.003300309278603364e-01 2.003300433191943786e-01
2.006732019300112857e-01 2.006731951799414493e-01 2.006731958911461555e-01 2.006731932134239171e-01 2.006731959664517506e-01
1.715129715095420337e-01 1.715129672553348250e-01 1.715129651431347990e-01 1.715129624305432865e-01 1.715129652166743068e-01
2.797391404313009922e-02 2.797391245480060698e-02 2.797391173784588916e-02 2.797391136381063154e-02 2.797391243603509353e-02
