1.875706587522497221e-02 1.875700519887269629e-02 1.875693933113918230e-02 1.875699918559708274e-02
1.640034667609335528e-01 1.640026041602056228e-01 1.640016588998849389e-01 1.640025181810867150e-01
1.613522612772877451e-01 1.613444052996616251e-01 1.613363707293805904e-01 1.613442123476926116e-01
1.620530048755717267e-01 1.620260423425708973e-01 1.619990874393662794e-01 1.620259894476715756e-01
2.024798267578052091e-01 2.024686641002111653e-01 2.024575800449713858e-01 2.024686604747858998e-01
2.118478006139062064e-01 2.118478369232463243e-01 2.118478984721485214e-01 2.118478366037725713e-01
2.003011880006893286e-01 2.003003487883518174e-01 2.002994460701539858e-01 2.003003224833857787e-01
1.386059115953427734e-01 1.385837664479150910e-01 1.385615388195336750e-01 1.385837047171577241e-01
1.386967638501438171e-01 1.386106955112242911e-01 1.385247734127141861e-01 1.386106825517146035e-01
2.004086830588284185e-01 2.003701837922069462e-01 2.003320307759803298e-01 2.003701842714984971e-01
2.120244785924850495e-01 2.120217039474985299e-01 2.120193302295997895e-01 2.120217045542812651e-01
2.016516370743347553e-01 2.016523886065522131e-01 2.016533612312624291e-01 2.016523929986903940e-01
1.527181875625180651e-01 1.527241311208735186e-01 1.527294846601753575e-01 1.527241424272114123e-01
1.524473418274893133e-01 1.524618647445532271e-01 1.524748207179918991e-01 1.524618774653782594e-01
2.014548007922573325e-01 2.014536283919144688e-01 2.014523336401207732e-01 2.014536329266470027e-01
2.119719974052666212e-01 2.119619150271270236e-01 2.119548947470688838e-01 2.119619154988142962e-01
2.014624019429221979e-01 2.014705795065910299e-01 2.014802277051750412e-01 2.014705867978373033e-01
1.520586735129350331e-01 1.523023667044336449e-01 1.525374502796823240e-01 1.523023863890977936e-01
1.514001384363188596e-01 1.523294405227685888e-01 1.532436394573467586e-01 1.523294590568274876e-01
2.006977266037646146e-01 2.011177109855228073e-01 2.015459984741244104e-01 2.011177176322434257e-01
2.119515014360511540e-01 2.119599372817146388e-01 2.119948687195790382e-01 2.119599380223458063e-01
2.003856601219787537e-01 2.003991258070842996e-01 2.003773791058333087e-01 2.003991299297931128e-01
1.380767936244769456e-01 1.386637826743976065e-01 1.391213681457883766e-01 1.386637941517080697e-01
1.326073459113620845e-01 1.349165799207610594e-01 1.372370159410624402e-01 1.349165929689710441e-01
1.898405232718915758e-01 1.916871281694327578e-01 1.940143940164877623e-01 1.916871334279323380e-01
2.102655920423419644e-01 2.108242839844388372e-01 2.118761798931400042e-01 2.108242848980796391e-01
2.024994238149777359e-01 2.024634942457057551e-01 2.015694780014728738e-01 2.024634971334154654e-01
1.605997474046568230e-01 1.575229118516199844e-01 1.514838388419930126e-01 1.575229180921047245e-01
1.100920120788592971e-01 9.545437570889725443e-02 7.755237163533729161e-02 9.545437844022552909e-02
2.634744403766889342e-02 1.864178193685673418e-02 8.969627365545559949e-03 1.864178257792786092e-02
2.974394626113634459e-03 1.909243968577621024e-03 6.127105973151452420e-05 1.909244024066844049e-03
