2.026186671996858257e-01 2.026199622674548506e-01 2.026212002744496310e-01 2.026199622673102441e-01
2.359893084568885913e-01 2.359947526093696679e-01 2.360003351968497920e-01 2.359947526047841970e-01
2.124930029480399385e-01 2.124977363107220518e-01 2.125029284262765217e-01 2.124977360633691914e-01
2.054207912213469323e-01 2.054051530699942951e-01 2.053884253286441253e-01 2.054051532821641324e-01
2.147088379939582070e-01 2.147207354502095600e-01 2.147305457081347957e-01 2.147207354018878800e-01
2.170811970075631758e-01 2.170984475684524240e-01 2.171153592792899045e-01 2.170984475508077050e-01
2.228226161666296279e-01 2.228484609357972990e-01 2.228772033244736384e-01 2.228484609391259141e-01
2.261792182995630007e-01 2.261846515177033112e-01 2.261935175439017398e-01 2.261846515385256551e-01
2.259677898631944348e-01 2.259145112615468798e-01 2.258539649175494712e-01 2.259145112979428771e-01
2.230546468104692426e-01 2.230966250626795211e-01 2.231280005647665876e-01 2.230966250567127940e-01
2.176553159035632956e-01 2.176883528836013326e-01 2.177209407437191990e-01 2.176883529113343430e-01
2.186706456647310448e-01 2.186912247285235644e-01 2.187144950369817875e-01 2.186912247799128461e-01
2.148738008980582426e-01 2.148740710045484448e-01 2.148721135771433366e-01 2.148740711744931420e-01
2.161285391704008685e-01 2.160974144467907587e-01 2.160615273161910488e-01 2.160974143374920498e-01
2.175855389557864172e-01 2.175859911646353395e-01 2.175960703628032900e-01 2.175859911639917155e-01
2.163624006328734029e-01 2.162916430902472598e-01 2.162324874834684607e-01 2.162916430997282313e-01
2.184672492213992900e-01 2.183086454879748783e-01 2.180712255127976174e-01 2.183086455159162220e-01
2.179042541241402176e-01 2.179061318381461110e-01 2.177697576375634825e-01 2.179061319575397726e-01
2.160708862950629916e-01 2.164164592827783062e-01 2.169625919775311218e-01 2.164164591665348192e-01
2.200210232046267422e-01 2.194566865973871794e-01 2.193203590782522583e-01 2.194566865682992252e-01
2.185022166900448537e-01 2.178627071861932440e-01 2.173491534401490732e-01 2.178627071796204462e-01
2.237540080035782808e-01 2.230997710593813355e-01 2.218549406289399006e-01 2.230997710928899203e-01
2.248718076014647183e-01 2.251274786910582859e-01 2.244180969616716426e-01 2.251274786765586622e-01
2.241294096297105076e-01 2.256469781709008748e-01 2.283834508172676303e-01 2.256469781353925563e-01
2.244892150912378981e-01 2.218365332452147676e-01 2.214509473981925713e-01 2.218365332525796263e-01
2.193332284817520184e-01 2.167366181142192649e-01 2.157410069767115302e-01 2.167366181332603947e-01
2.139939239410326155e-01 2.131564960123768504e-01 2.180042088256166632e-01 2.131564960645929707e-01
2.022777071871667276e-01 2.102048988420665843e-01 2.151031735575747450e-01 2.102048987106548972e-01
2.113975008409408607e-01 2.552803988080368236e-01 2.378197828335366359e-01 2.552803989028750165e-01
2.800613063238422407e-01 2.752904179147501740e-01 1.803544107728341228e-01 2.752904179434353393e-01
3.088795834805848073e-01 1.695133783835299224e-01 9.211154750203554009e-01 1.695133783909877623e-01
