1.845670699954883864e-01 1.814669442198589833e-01 1.830211918151973538e-01 1.830211918070853983e-01 1.814669441992897148e-01
2.253924404180845942e-01 2.232984023055793743e-01 2.239225740537078291e-01 2.239225740624199712e-01 2.232984022775089950e-01
2.062969871884666739e-01 2.076237232770694885e-01 2.054989734525752565e-01 2.054989734626608278e-01 2.076237232587783421e-01
2.062752607281662376e-01 2.113476824513482732e-01 2.076231840495218195e-01 2.076231840499323522e-01 2.113476823848667030e-01
2.008686686784856568e-01 2.002203755742637536e-01 2.002778818548486273e-01 2.002778818727243559e-01 2.002203755111005290e-01
2.197300770458009145e-01 2.035514813801387879e-01 2.108797121094441451e-01 2.108797121546049091e-01 2.035514814113827120e-01
2.062305196404248531e-01 2.017335446398902388e-01 2.024630532350468470e-01 2.024630532849482079e-01 2.017335446771349461e-01
2.010054753504723624e-01 2.093016023109776913e-01 2.014302523762575847e-01 2.014302523974807746e-01 2.093016024721127688e-01
2.028680348276795387e-01 2.160835655009907819e-01 2.062427251614900037e-01 2.062427252592571592e-01 2.160835655497775898e-01
2.035174203177370911e-01 2.008918138873298509e-01 2.011252714864350533e-01 2.011252715732865792e-01 2.008918138608621617e-01
2.331149113654694127e-01 2.015637183569016777e-01 2.149249320423645970e-01 2.149249320661964779e-01 2.015637184074881294e-01
2.090268634364818856e-01 2.017498933704899022e-01 2.024506916042168592e-01 2.024506916329467110e-01 2.017498934640659936e-01
2.000911544658327268e-01 2.178539748687274291e-01 2.026983426422372392e-01 2.026983426257793208e-01 2.178539750970359123e-01
2.004884185193656632e-01 2.224410136539894944e-01 2.055903584020147556e-01 2.055903585386306409e-01 2.224410135874249350e-01
2.079483681774101089e-01 2.009404375055220404e-01 2.024361813302897606e-01 2.024361814537425919e-01 2.009404374325535203e-01
2.616430883749407132e-01 2.005474271480235382e-01 2.199023556965679915e-01 2.199023556488382269e-01 2.005474271767052896e-01
2.079483693282244972e-01 2.009404377462763736e-01 2.024361819264958728e-01 2.024361819184904432e-01 2.009404378859256379e-01
2.004884174556616772e-01 2.224410120836433635e-01 2.055903568913140800e-01 2.055903568439416129e-01 2.224410123088536029e-01
2.000911540163465285e-01 2.178539767024173512e-01 2.026983434238064097e-01 2.026983435409019652e-01 2.178539765630745917e-01
2.090268627567878901e-01 2.017498931257555583e-01 2.024506911797613606e-01 2.024506912564828509e-01 2.017498930690500292e-01
2.331149129639135120e-01 2.015637175493663613e-01 2.149249324152540108e-01 2.149249323358132235e-01 2.015637175500055167e-01
2.035174212525632798e-01 2.008918140484968196e-01 2.011252719067942452e-01 2.011252718849641796e-01 2.008918141406341729e-01
2.028680335160280013e-01 2.160835651178008576e-01 2.062427240618715241e-01 2.062427240023375630e-01 2.160835652634489623e-01
2.010054747514247453e-01 2.093016036872551167e-01 2.014302525351373274e-01 2.014302525842667224e-01 2.093016036047300743e-01
2.062305198263879036e-01 2.017335446330406346e-01 2.024630532106608261e-01 2.024630532849429065e-01 2.017335446033554913e-01
2.197300794475439689e-01 2.035514807830533512e-01 2.108797129706729279e-01 2.108797129754545474e-01 2.035514807535778181e-01
2.008686690811965769e-01 2.002203756630768217e-01 2.002778820599350473e-01 2.002778820667885651e-01 2.002203757103623027e-01
2.062752601846876421e-01 2.113476829587924988e-01 2.076231840049418409e-01 2.076231838514861483e-01 2.113476831377813225e-01
2.062969869885224738e-01 2.076237237336910624e-01 2.054989733716093836e-01 2.054989733810103913e-01 2.076237236908762551e-01
2.253924407421076526e-01 2.232984023121471762e-01 2.239225741130596581e-01 2.239225742007203701e-01 2.232984022535088320e-01
1.845670712076911413e-01 1.814669446605208514e-01 1.830211926639399023e-01 1.830211927025106322e-01 1.814669446233183048e-01
