2.034053029917410604e-01 2.034062302983570547e-01 2.034071464258568329e-01 2.034062295464092174e-01
2.444643817540692043e-01 2.444682454341376709e-01 2.444721331355821370e-01 2.444682423744288235e-01
2.340848487104048581e-01 2.340879142299299720e-01 2.340910606329917043e-01 2.340879122865175688e-01
2.253836160481961226e-01 2.253725140302060004e-01 2.253612238865462247e-01 2.253725216401399611e-01
2.246263361118462365e-01 2.246334140022386017e-01 2.246401603441539607e-01 2.246334091887844386e-01
2.193842898078750270e-01 2.193913803045679511e-01 2.193984448144146171e-01 2.193913778050677055e-01
2.261293071381663966e-01 2.261359668103067877e-01 2.261428134742872464e-01 2.261359657206896134e-01
2.298746054023899088e-01 2.298748393217941444e-01 2.298751777962589338e-01 2.298748337590965085e-01
2.319779296288736192e-01 2.319669815916147737e-01 2.319556615243499598e-01 2.319669920016463605e-01
2.242771681302589970e-01 2.242824047713511404e-01 2.242874180429862696e-01 2.242824023977307291e-01
2.177900626496094560e-01 2.177852566544101753e-01 2.177805963174742065e-01 2.177852555920521960e-01
2.238376553934156854e-01 2.238187654919795710e-01 2.237982647334985087e-01 2.238187654798500237e-01
2.306225963498563791e-01 2.306239137239012305e-01 2.306227690841289313e-01 2.306239126050638744e-01
2.289607794101397586e-01 2.289947841946936846e-01 2.290325160154885742e-01 2.289947788143054108e-01
2.252753443859607518e-01 2.252421676177243648e-01 2.252155097217548307e-01 2.252421681161201339e-01
2.190744504890549671e-01 2.190414544532989782e-01 2.190093815951696943e-01 2.190414556817666114e-01
2.253218260841877707e-01 2.252876279931871895e-01 2.252488405988700981e-01 2.252876304827193810e-01
2.290931661035175981e-01 2.290991424549673749e-01 2.291007059097422416e-01 2.290991572700483703e-01
2.306740406367381035e-01 2.307241287323097689e-01 2.307824064815566512e-01 2.307241038164897506e-01
2.238945613491049313e-01 2.238589362707133767e-01 2.238299970279755968e-01 2.238589378673603025e-01
2.177739473982074903e-01 2.177842127175413922e-01 2.177927289775387909e-01 2.177842132850870138e-01
2.241647622718664357e-01 2.242174543406848242e-01 2.243101217519109236e-01 2.242174551274707106e-01
2.318428722986437263e-01 2.318219294939001807e-01 2.318599958171656539e-01 2.318219298219129088e-01
2.298655574079759289e-01 2.297697671223668803e-01 2.295705391745601898e-01 2.297697578420995479e-01
2.259098644842209291e-01 2.261281854841626637e-01 2.261593285670096820e-01 2.261281842342369452e-01
2.192109869194317773e-01 2.194039591395916533e-01 2.195707522292099090e-01 2.194039589876720930e-01
2.245545369960120496e-01 2.246858896109720227e-01 2.250554440333475681e-01 2.246858914139348573e-01
2.257233698428268154e-01 2.255758106639661753e-01 2.256371657894601646e-01 2.255757818024898831e-01
2.346763821432956976e-01 2.341615036503837677e-01 2.331256218510887324e-01 2.341615286249302819e-01
2.433970355323889223e-01 2.431251164887731908e-01 2.443563475224636850e-01 2.431251136849819083e-01
1.996332798783748697e-01 2.023550416630546522e-01 2.153550161900888993e-01 2.023550407563302067e-01
