1.990001099718942401e-01 1.990950083492305234e-01 1.990025159031901525e-01 1.988486009166133273e-01 1.988463480907232406e-01
2.302261080922546888e-01 2.309708778759266279e-01 2.302507788537126177e-01 2.290601208674384603e-01 2.290435991637166935e-01
2.141604915559665312e-01 2.144981835895176103e-01 2.141693597175004238e-01 2.136321625150452430e-01 2.136215404514024419e-01
2.242520920177488164e-01 2.239709177423810649e-01 2.242393576700303925e-01 2.246884293485216788e-01 2.246906643243229695e-01
2.049895316841878756e-01 2.066282765181461645e-01 2.050543931042420609e-01 2.024102459275778365e-01 2.023869753104695357e-01
2.278122181345506314e-01 2.293138828354593928e-01 2.278639840104879632e-01 2.254604175809809818e-01 2.254272978609010158e-01
2.141319123027763671e-01 2.181106591288900776e-01 2.142700731632053712e-01 2.079507390160049984e-01 2.078663705481718083e-01
2.191507307380617664e-01 2.196272543878550476e-01 2.191546462658004457e-01 2.184240736555190798e-01 2.183923173824865727e-01
2.234372237936787797e-01 2.230354639036371267e-01 2.234147109586225310e-01 2.240528337440480799e-01 2.240457759950225114e-01
2.161067589489938656e-01 2.213069024034808874e-01 2.163102933175222453e-01 2.079191001552637696e-01 2.078442159652286181e-01
2.321434806631648418e-01 2.356180698909361715e-01 2.322640029387859351e-01 2.267103921975061054e-01 2.266345927312501674e-01
2.186510221839740864e-01 2.258852198778852072e-01 2.189026071013592811e-01 2.074287250397098270e-01 2.072773833684828926e-01
2.280131926429952993e-01 2.282669369411017279e-01 2.279980838501391993e-01 2.276476111380739131e-01 2.276019979954601036e-01
2.219095468599647514e-01 2.217418410009547314e-01 2.218896321321466303e-01 2.221459744016450744e-01 2.221246113986643789e-01
2.249025804953832253e-01 2.326469246909890487e-01 2.252039172713837523e-01 2.127138458286483014e-01 2.125995294577652517e-01
2.342106161324873925e-01 2.385939626333768715e-01 2.343625711343566009e-01 2.273609501676328026e-01 2.272653983801543598e-01
2.178903274763071274e-01 2.257111896194648470e-01 2.181624816057060601e-01 2.057660081564987864e-01 2.056033112852311828e-01
2.314776759804307305e-01 2.313327045415370653e-01 2.314473211020267318e-01 2.317348891448189341e-01 2.316957120521611346e-01
2.181693466288633920e-01 2.183994259238336011e-01 2.181642653072979332e-01 2.177830708238385760e-01 2.177551579967455520e-01
2.251377183397878512e-01 2.323072046129165680e-01 2.254139600670787003e-01 2.138613720343995606e-01 2.137512008068921110e-01
2.323705876116398950e-01 2.358478494345516430e-01 2.324909017043209070e-01 2.269395801221095188e-01 2.268634572594184218e-01
2.113962395498149294e-01 2.166501033442791990e-01 2.115791492858621892e-01 2.032540617321416943e-01 2.031450509757306011e-01
2.290547679541901638e-01 2.286646009559906434e-01 2.290255659679293898e-01 2.296820239991693713e-01 2.296642451144035868e-01
2.129334362696948257e-01 2.133961226914597997e-01 2.129429087686925404e-01 2.121954012591197036e-01 2.121737961625201341e-01
2.177001832391303737e-01 2.216503894148013631e-01 2.178495072365456420e-01 2.114953229060222151e-01 2.114300221240898725e-01
2.280772382425744205e-01 2.295823670799845007e-01 2.281290808765858991e-01 2.257280592950307863e-01 2.256946561702918019e-01
2.035060997458381649e-01 2.051614925785171795e-01 2.035637294710677947e-01 2.009408510355379374e-01 2.009065308373765846e-01
2.255059817546869738e-01 2.252269122932228085e-01 2.254925246333980560e-01 2.259455424135735080e-01 2.259451660753319102e-01
2.124746847480893930e-01 2.128115581487235730e-01 2.124856404482000360e-01 2.119462189858186130e-01 2.119375602435663031e-01
2.308937464698282704e-01 2.316390098106808071e-01 2.309201303286312901e-01 2.297281440276035813e-01 2.297129727549352129e-01
1.990811619910626551e-01 1.991777390003718617e-01 1.990842953681579430e-01 1.989310025787270064e-01 1.989285176994135262e-01
