1.886371445688116849e-02 1.886371417649207113e-02 1.886371435856895595e-02 1.886371391812595097e-02
1.665319468478426435e-01 1.665319452114296939e-01 1.665319443803899013e-01 1.665319437668487390e-01
1.891781198040677070e-01 1.891781131515592462e-01 1.891781051915645273e-01 1.891781089760357637e-01
1.892154903983525316e-01 1.892154706779347051e-01 1.892154472359261486e-01 1.892154633083346083e-01
2.045704807773741085e-01 2.045704730011696504e-01 2.045704662360816328e-01 2.045704727602031814e-01
2.118732900765780691e-01 2.118732914869330963e-01 2.118732909070964177e-01 2.118732899404481840e-01
2.041275958349629271e-01 2.041275887342766937e-01 2.041275768591225281e-01 2.041275848708309082e-01
1.845701346927950681e-01 1.845700371434889631e-01 1.845699351445742042e-01 1.845700310737393990e-01
1.847710445176999894e-01 1.847706978910757247e-01 1.847703592205532652e-01 1.847706929543303234e-01
2.042811415621004212e-01 2.042810132807955925e-01 2.042808968291738303e-01 2.042810103085092865e-01
2.118753116280706894e-01 2.118753413123159735e-01 2.118753588541703869e-01 2.118753396302392733e-01
1.993533217672666946e-01 1.993532557621179313e-01 1.993531534374528014e-01 1.993532530361962207e-01
1.374348215993324573e-01 1.374334445806760785e-01 1.374320893370838959e-01 1.374334408908866600e-01
1.379147981523486943e-01 1.379096629082476599e-01 1.379047554798063790e-01 1.379096595447878992e-01
1.996220189404701029e-01 1.996197990701283620e-01 1.996178717897648669e-01 1.996198000027929187e-01
2.117672846952758647e-01 2.117673314838210974e-01 2.117673866307386854e-01 2.117673334690838849e-01
1.996164801923678012e-01 1.996163984708212991e-01 1.996160805018806772e-01 1.996164042811911787e-01
1.378808106626233931e-01 1.378763945005202218e-01 1.378720775860103331e-01 1.378764082980397376e-01
1.374170499077319862e-01 1.374002223283649904e-01 1.373847109171755787e-01 1.374002411874544471e-01
1.993573842447942945e-01 1.993495251825728176e-01 1.993434007957823606e-01 1.993495330355690431e-01
2.118756793334285182e-01 2.118751583483444445e-01 2.118751878278169465e-01 2.118751595261731124e-01
2.042803602060591084e-01 2.042802539421864072e-01 2.042797398270806974e-01 2.042802548379125671e-01
1.847656524760534491e-01 1.847596658299423822e-01 1.847534813712288781e-01 1.847596677109509533e-01
1.845843595792742153e-01 1.845591339027197741e-01 1.845353149770740109e-01 1.845591367632377078e-01
2.041591424766671381e-01 2.041364754571270701e-01 2.041197570525128402e-01 2.041364766461777058e-01
2.119120323610559908e-01 2.119112980872840113e-01 2.119423078155526774e-01 2.119112982022020031e-01
2.045701221154765659e-01 2.045702214121683793e-01 2.046175356119775135e-01 2.045702215802812918e-01
1.892514098882872864e-01 1.893434950399991157e-01 1.891663816645537677e-01 1.893434956331892516e-01
1.909087945520749618e-01 1.900713972026672749e-01 1.874327434074677112e-01 1.900713985173211329e-01
1.764625419643975901e-01 1.673956816355023636e-01 1.536446441781426642e-01 1.673956822048998927e-01
2.524439888709771596e-02 1.978116015140488071e-02 9.512211539136540550e-03 1.978116019644421755e-02
