2.804052157320040956e-02 2.804069394549145444e-02 2.804029169030583177e-02 2.803953037258024444e-02 2.803954048473420585e-02
1.717577032154639638e-01 1.717573540807844634e-01 1.717573447715667334e-01 1.717560811563626499e-01 1.717558841995783514e-01
2.008944758275816589e-01 2.008925088454427688e-01 2.008906761651154949e-01 2.008872581366049626e-01 2.008859043944697664e-01
2.003699617205307870e-01 2.003661470451697235e-01 2.003643412188244599e-01 2.003572161857026523e-01 2.003397060786732686e-01
1.997586367408297481e-01 1.997499660957510192e-01 1.997503451682451636e-01 1.997433087225012616e-01 1.996977559941211511e-01
1.992331233861230344e-01 1.992209808288668837e-01 1.992195310120624119e-01 1.992174827337316878e-01 1.991667149046981444e-01
1.994573373208088918e-01 1.994465977138530355e-01 1.994507850258742110e-01 1.994598056391185537e-01 1.994314524898845864e-01
2.000568574760495377e-01 2.000386733010804385e-01 2.000399317690107481e-01 2.000394371583107955e-01 2.000418477530576944e-01
2.002300468441662318e-01 2.001979711075269341e-01 2.000922169621660862e-01 2.000055408448084548e-01 2.000088880143001679e-01
1.993571257874787728e-01 1.995041606327441486e-01 1.993553225770367254e-01 1.991412261776862869e-01 1.990493173523994741e-01
1.997242939824727392e-01 1.998523848815622062e-01 1.998052627014451910e-01 1.996619874104428871e-01 1.995917835127657414e-01
1.996437026205034881e-01 1.996056845216426512e-01 1.996791075138828475e-01 1.997642285649945948e-01 1.998119117290662328e-01
1.968215609620345974e-01 1.961482499443029937e-01 1.959350720373794763e-01 1.965063497175006946e-01 1.970542917464103705e-01
1.691457690249672241e-01 1.647914516283399688e-01 1.626433946998175617e-01 1.656737168050317899e-01 1.697668271661599004e-01
8.248675294231207211e-02 8.428332471236202328e-02 8.079669263408353896e-02 7.680513295958932285e-02 7.813192090926096567e-02
1.654405535851652120e-01 1.717438190539351262e-01 1.699437291479406198e-01 1.625714252031346951e-01 1.599360801454605407e-01
1.962536921551346625e-01 1.970705875423733600e-01 1.968679771115050547e-01 1.959693849275228050e-01 1.955858271284156569e-01
1.997023519059241692e-01 1.997096957798313588e-01 1.996950436551789831e-01 1.996771442748929426e-01 1.996370128215369244e-01
1.993389780471898909e-01 1.992000652007983597e-01 1.991562189867567834e-01 1.992509772136112078e-01 1.993218233190131861e-01
1.970155988389835910e-01 1.970730823957390354e-01 1.969719076681798187e-01 1.968335238968611789e-01 1.968485631633057620e-01
1.989906103496270895e-01 1.992281637474066780e-01 1.991888811547419258e-01 1.989606098149528934e-01 1.989102072504118635e-01
1.994593073750371148e-01 1.995132912261995406e-01 1.995336227375427707e-01 1.995101878936835771e-01 1.995268432482082688e-01
1.954492423189591599e-01 1.954600103921224075e-01 1.954638992099608230e-01 1.954513296222107066e-01 1.954726688473552854e-01
1.635811282083398932e-01 1.636122436344061848e-01 1.635967233155813105e-01 1.635500653919754188e-01 1.635538906437050688e-01
8.251062945133121052e-02 8.254439553269692087e-02 8.250836195455310551e-02 8.245033260012797627e-02 8.245615645979305353e-02
1.635005451119557474e-01 1.635144009542626176e-01 1.634886425232988660e-01 1.634592217175618589e-01 1.634666331883265489e-01
1.952402711967043403e-01 1.952419264537562649e-01 1.952380121382686073e-01 1.952341846545603832e-01 1.952354055902310037e-01
1.979905308498454419e-01 1.979902575794192099e-01 1.979900760120840708e-01 1.979901424686856815e-01 1.979904290053815519e-01
1.681734087971487046e-01 1.681714453865674752e-01 1.681736383598000095e-01 1.681767523407879938e-01 1.681765739878690047e-01
3.330819900942308398e-02 3.330617108031250218e-02 3.330817616461056313e-02 3.331133206673979330e-02 3.331132889669870256e-02
1.837641798943264295e-03 1.837319628961817542e-03 1.837407715396680583e-03 1.837765219480168950e-03 1.837910582956769337e-03
