2.032989105960185394e-01 2.033201051541271009e-01 2.033413293934074328e-01 2.033201051765843592e-01
2.434581659540425158e-01 2.435470527886231529e-01 2.436371771518050511e-01 2.435470528411480540e-01
2.317131563020955465e-01 2.317853283877018833e-01 2.318579762557311519e-01 2.317853283016581833e-01
2.234133181187836492e-01 2.231587065745707643e-01 2.228957033208996963e-01 2.231587064614579952e-01
2.234751945920495919e-01 2.236401291402228264e-01 2.237972806062821507e-01 2.236401291636985755e-01
2.190734102276429562e-01 2.192425440674796722e-01 2.194176492003095669e-01 2.192425440435661621e-01
2.259348115920179201e-01 2.261057412270006395e-01 2.262873881064786930e-01 2.261057411468787026e-01
2.299770750387760132e-01 2.299940570235741166e-01 2.299994446990152874e-01 2.299940570283917907e-01
2.322787865895680481e-01 2.319955067801700577e-01 2.316784297860866038e-01 2.319955068907251505e-01
2.241952599875134955e-01 2.243441915989199953e-01 2.244912643210272563e-01 2.243441914520316605e-01
2.178047404531799347e-01 2.177035160284858384e-01 2.176395463340950465e-01 2.177035159263646935e-01
2.232373213490229935e-01 2.228067767919818531e-01 2.223563673110205419e-01 2.228067767001024324e-01
2.280211307457578884e-01 2.280765582549497683e-01 2.279962364631273886e-01 2.280765581332554193e-01
2.257347749910696699e-01 2.265619659828554400e-01 2.273956414960417172e-01 2.265619663546432905e-01
2.248793117041771594e-01 2.240680260971880389e-01 2.234675460067086505e-01 2.240680259200014124e-01
2.198007756024996928e-01 2.188788022607093819e-01 2.181210494947136147e-01 2.188788022633145480e-01
2.265065980188659123e-01 2.255052084975519011e-01 2.244240342494040197e-01 2.255052086129974431e-01
2.296951214604813218e-01 2.299847522900082264e-01 2.298161212436248546e-01 2.299847520681680690e-01
2.297305770930588298e-01 2.314062670631595042e-01 2.330499847428231519e-01 2.314062672504862972e-01
2.254099431455961478e-01 2.241028238101001324e-01 2.232953659262656154e-01 2.241028238859710253e-01
2.180577561875930714e-01 2.177241611407711441e-01 2.179047830417413789e-01 2.177241612974684382e-01
2.216728487527600544e-01 2.225593024533407960e-01 2.246259866610744727e-01 2.225593026651445094e-01
2.280964428499050733e-01 2.282310313056823969e-01 2.285991186307514134e-01 2.282310312503282312e-01
2.289213854093121170e-01 2.277299853755501147e-01 2.228521568173298661e-01 2.277299852751136222e-01
2.209740786712645622e-01 2.254917267504283895e-01 2.261651727637151443e-01 2.254917269038416439e-01
2.157185257725823813e-01 2.194285957637479856e-01 2.245559269542734548e-01 2.194285958731410635e-01
2.212393989088021207e-01 2.244785132928510951e-01 2.361021316550644955e-01 2.244785133782918884e-01
2.319129063700813842e-01 2.302652336209571327e-01 2.319023211358576531e-01 2.302652336830313951e-01
2.472283777635005675e-01 2.428814414685719070e-01 2.154626515330612946e-01 2.428814413137490857e-01
2.274632612536431064e-01 2.343074850990304325e-01 2.409036001474204602e-01 2.343074851562080285e-01
1.605940816340766797e-01 1.866342841622050941e-01 3.645235265686572190e-01 1.866342841765568084e-01
