3.083370419035572508e-03 3.084386913508546744e-03 3.085022095353307479e-03 3.085022103264333480e-03 3.084386928427127438e-03
4.008990011846044060e-02 4.009420438819856491e-02 4.009420614607409061e-02 4.009420626264435100e-02 4.009420452648822936e-02
1.701621874585572403e-01 1.701691779388468384e-01 1.701664078494941890e-01 1.701664079626789006e-01 1.701691779828778672e-01
1.987435060320163205e-01 1.987485401703904808e-01 1.987467163907111201e-01 1.987467161767021984e-01 1.987485397743288529e-01
1.999998188631524620e-01 1.999998456058619256e-01 1.999999085096701157e-01 1.999999082337332312e-01 1.999998452148675776e-01
1.983624455052348245e-01 1.983546538100902368e-01 1.983483590056459023e-01 1.983483590477620462e-01 1.983546538696675243e-01
1.921512638685426433e-01 1.921479487412190712e-01 1.921390818817640955e-01 1.921390821909957081e-01 1.921479491725492650e-01
1.981820914540809164e-01 1.981914376576793257e-01 1.981883486302766784e-01 1.981883488448437924e-01 1.981914378986141811e-01
1.998794223944443393e-01 1.999015124657319842e-01 1.999108752504007436e-01 1.999108749758116699e-01 1.999015120462410977e-01
1.998922055104603579e-01 1.999291883956210159e-01 1.999913557100944927e-01 1.999913553665741972e-01 1.999291879752433942e-01
1.998653602420893682e-01 1.997891191227272045e-01 1.998493722177885346e-01 1.998493722444431575e-01 1.997891191759626206e-01
1.995853856243028912e-01 1.994756525414480008e-01 1.995288892734212449e-01 1.995288896258613498e-01 1.994756530352701507e-01
1.978813505677025353e-01 1.994548087134061787e-01 1.998918248456144076e-01 1.998918250587844447e-01 1.994548090000671792e-01
1.800206863744298336e-01 1.930933929550738559e-01 1.996918877991495644e-01 1.996918874407315470e-01 1.930933924603032981e-01
9.705052941646603870e-02 1.509614153727905916e-01 1.957453405931900425e-01 1.957453401304167229e-01 1.509614148546142010e-01
3.702705293746032662e-05 8.523934987899928206e-02 1.622468526868969807e-01 1.622468526376640297e-01 8.523934986890563392e-02
9.705053002179933608e-02 1.509614159608724804e-01 1.957453413729236813e-01 1.957453415826621301e-01 1.509614162346225030e-01
1.800206864495174641e-01 1.930933927885742918e-01 1.996918876032330592e-01 1.996918877644973944e-01 1.930933929948803196e-01
1.978813496394241089e-01 1.994548084255297060e-01 1.998918246101398233e-01 1.998918241698132703e-01 1.994548077429846578e-01
1.995853826362684047e-01 1.994756500333260685e-01 1.995288865557685865e-01 1.995288860253423835e-01 1.994756492415942217e-01
1.998653598298512357e-01 1.997891184886984028e-01 1.998493711312925580e-01 1.998493710555726000e-01 1.997891184064528036e-01
1.998922053576407676e-01 1.999291878879214113e-01 1.999913547735492070e-01 1.999913548944788899e-01 1.999291880436754876e-01
1.998794224399421948e-01 1.999015122653920729e-01 1.999108748579626060e-01 1.999108749284673747e-01 1.999015123138377092e-01
1.981820907825947997e-01 1.981914376569962333e-01 1.981883487087529316e-01 1.981883482413868691e-01 1.981914369154163802e-01
1.921512616680192409e-01 1.921479470998076200e-01 1.921390800566584178e-01 1.921390795233505200e-01 1.921479462748247324e-01
1.983624451440001435e-01 1.983546533121074429e-01 1.983483581245232552e-01 1.983483580416744441e-01 1.983546532037381849e-01
1.999998185306428589e-01 1.999998449628499764e-01 1.999999075205800836e-01 1.999999075991524267e-01 1.999998450575347642e-01
1.987435059565840212e-01 1.987485399091516447e-01 1.987467160203715277e-01 1.987467160579034220e-01 1.987485399224453719e-01
1.701621882673414743e-01 1.701691794626112031e-01 1.701664095984148084e-01 1.701664091660357037e-01 1.701691787716045068e-01
4.008990532396027040e-02 4.009421029415313753e-02 4.009421228407207549e-02 4.009421184637256691e-02 4.009420959025920828e-02
3.083371487338445755e-03 3.084388049243419645e-03 3.085023273905624416e-03 3.085023235477455782e-03 3.084387983250198341e-03
