2.803082121883736927e-02 2.803093848796107609e-02 2.803035328099014872e-02 2.802969372340733886e-02 2.802989043147007323e-02
1.717140401305233544e-01 1.717142223144943192e-01 1.717126180100574939e-01 1.717102907209303309e-01 1.717106961464225368e-01
2.008994848972485148e-01 2.008983434362365539e-01 2.008968746574683328e-01 2.008941408257595984e-01 2.008941610824459267e-01
2.004700229044234783e-01 2.004669261148327442e-01 2.004651755731357843e-01 2.004627123031946234e-01 2.004620027210039512e-01
1.999156755443598221e-01 1.999132877430875588e-01 1.999087018669245264e-01 1.999045862343128976e-01 1.999024932239928942e-01
1.992416292387489962e-01 1.992390753993116270e-01 1.992340236045585800e-01 1.992308311139660282e-01 1.992274369225565112e-01
1.992448215111572718e-01 1.992417652366950676e-01 1.992399676571071365e-01 1.992377742078259573e-01 1.992219157416351694e-01
1.998530386755645039e-01 1.998428564219814074e-01 1.998455418862726263e-01 1.998524135500244492e-01 1.998130422820137420e-01
2.004952784428488122e-01 2.004450691000535245e-01 2.004512886200053301e-01 2.004484833610339634e-01 2.004053906515114725e-01
2.003559721392582926e-01 2.002829144682932994e-01 2.002871830071392689e-01 2.001805563658442255e-01 2.000504555959277675e-01
1.993621489023801041e-01 1.992897557184193369e-01 1.994326752919814427e-01 1.994182384994896418e-01 1.991766314555487860e-01
1.996872998946467304e-01 1.995741513350339502e-01 1.997839390491349398e-01 1.998624866419671242e-01 1.997121868303511349e-01
1.993064733884568895e-01 1.996888621257281726e-01 1.998307720680966293e-01 1.999044404400229513e-01 1.998113731049154518e-01
1.881685838357018414e-01 1.951911247825885432e-01 1.982819959991833358e-01 1.982758017018629582e-01 1.952074354525089872e-01
1.194890061171433315e-01 1.572893873159487144e-01 1.882686946368737346e-01 1.882278578859921114e-01 1.572530649545920423e-01
1.491924763899169989e-02 8.154425607526329112e-02 1.381857834419286113e-01 1.381451003552295054e-01 8.147260062551647808e-02
1.162282786778668781e-01 1.548710274533304787e-01 1.873615170723209600e-01 1.873524467607780852e-01 1.548444407904047138e-01
1.873626965913705034e-01 1.944154861513060495e-01 1.975792602456281910e-01 1.975756749067663909e-01 1.944041120069033290e-01
1.990826638488275846e-01 1.993538093144368584e-01 1.993254991587976310e-01 1.993143285208809345e-01 1.993298148338563947e-01
1.992644251644639375e-01 1.990108352995144103e-01 1.990639591256959107e-01 1.990558060451654010e-01 1.989956527313573309e-01
1.992229344459210405e-01 1.992690176488537968e-01 1.994718633177461620e-01 1.994761387823951737e-01 1.992775767560513167e-01
1.992319962397862132e-01 1.993807234729756128e-01 1.995557940275156650e-01 1.995615199066931578e-01 1.993981312638948566e-01
1.956360626151626425e-01 1.956938673877761103e-01 1.956800266861838389e-01 1.956492773345023251e-01 1.956455863803263917e-01
1.643221442762692885e-01 1.644117166969590038e-01 1.641201470535136875e-01 1.638670462872370281e-01 1.639967421158808891e-01
8.140258674659862914e-02 8.148004567466969605e-02 8.118084027013412751e-02 8.092415226871600697e-02 8.106239482880860103e-02
1.640722606502477421e-01 1.640778288271472207e-01 1.640301423551525084e-01 1.639948423746997452e-01 1.640208599365022835e-01
1.955197990879186665e-01 1.955193303139493022e-01 1.955167754464302854e-01 1.955153019101210365e-01 1.955169415942442368e-01
1.980266289289196457e-01 1.980254805508883942e-01 1.980290734034763911e-01 1.980315761768706440e-01 1.980305434587366631e-01
1.681285330601047512e-01 1.681214385327569061e-01 1.681481672555398821e-01 1.681709578019749685e-01 1.681595981259554340e-01
3.314072303565693961e-02 3.313375188982431441e-02 3.315965721360839003e-02 3.318228313064938012e-02 3.317089658882997616e-02
1.808080560441470462e-03 1.807352563091125077e-03 1.809823158382614866e-03 1.812047124074315715e-03 1.810983399192335171e-03
