2.032989104154948046e-01 2.033201051352349076e-01 2.033413296219687139e-01 2.033201051640788626e-01
2.434581652159723553e-01 2.435470527554420561e-01 2.436371779411809213e-01 2.435470528188479200e-01
2.317131559689643294e-01 2.317853284398374014e-01 2.318579764292399426e-01 2.317853283531433051e-01
2.234133199483704646e-01 2.231587067720738060e-01 2.228957015714093104e-01 2.231587066894693272e-01
2.234751937335400229e-01 2.236401291262142266e-01 2.237972815403820592e-01 2.236401291503194166e-01
2.190734104227923529e-01 2.192425440541233284e-01 2.194176494480540862e-01 2.192425440568316342e-01
2.259348123378018824e-01 2.261057411834262454e-01 2.262873875934335033e-01 2.261057411434915232e-01
2.299770745515333781e-01 2.299940573628921070e-01 2.299994453982843468e-01 2.299940573726999837e-01
2.322787866026228276e-01 2.319955070983225065e-01 2.316784298487539473e-01 2.319955071801187707e-01
2.241952607740188841e-01 2.243441916569868522e-01 2.244912638572547636e-01 2.243441915286848720e-01
2.178047414424244821e-01 2.177035160247245138e-01 2.176395458163835617e-01 2.177035159330511505e-01
2.232373223315321786e-01 2.228067766901119240e-01 2.223563663846882810e-01 2.228067766104912806e-01
2.280211301432581161e-01 2.280765581845419221e-01 2.279962365932921564e-01 2.280765581337355907e-01
2.257347740014682969e-01 2.265619660940803581e-01 2.273956421263202410e-01 2.265619663471787615e-01
2.248793124500854390e-01 2.240680259811294039e-01 2.234675451747562824e-01 2.240680258395366387e-01
2.198007761056832710e-01 2.188788022170545244e-01 2.181210492809689261e-01 2.188788022168902947e-01
2.265065982203477712e-01 2.255052084155567405e-01 2.244240340954956614e-01 2.255052085300387754e-01
2.296951215826018300e-01 2.299847524234088225e-01 2.298161210930127485e-01 2.299847522778713793e-01
2.297305766535426841e-01 2.314062672599163650e-01 2.330499850572995968e-01 2.314062673653413948e-01
2.254099433133230357e-01 2.241028237951105118e-01 2.232953658650898288e-01 2.241028238507778436e-01
2.180577561702702338e-01 2.177241611334186089e-01 2.179047833858709093e-01 2.177241612540779248e-01
2.216728483055267485e-01 2.225593023167367901e-01 2.246259869597131420e-01 2.225593024918171570e-01
2.280964428199373228e-01 2.282310311095607780e-01 2.285991179213031355e-01 2.282310311021518712e-01
2.289213851693984447e-01 2.277299852962272331e-01 2.228521564491662832e-01 2.277299851821406873e-01
2.209740782369262468e-01 2.254917265977854079e-01 2.261651729279058887e-01 2.254917267200298725e-01
2.157185255688484626e-01 2.194285957187851466e-01 2.245559273810724676e-01 2.194285958097524358e-01
2.212393985010427666e-01 2.244785131575501858e-01 2.361021320087047515e-01 2.244785132344397083e-01
2.319129065058134487e-01 2.302652336137290257e-01 2.319023207371109507e-01 2.302652337124779791e-01
2.472283777069890220e-01 2.428814415239602953e-01 2.154626511972087544e-01 2.428814413844525566e-01
2.274632610060798033e-01 2.343074851261297276e-01 2.409036003194371389e-01 2.343074851752756649e-01
1.605940816759143241e-01 1.866342841806727937e-01 3.645235268264806483e-01 1.866342841929048979e-01
