1.746990685309218472e-01 1.747027031747335202e-01 1.746938758921661727e-01 1.746949407484919836e-01 1.746942637012425803e-01
2.217200089977803545e-01 2.217157234733304894e-01 2.217010117183243201e-01 2.217066986990694211e-01 2.216963544225840910e-01
2.040572415144497331e-01 2.040545377557025364e-01 2.040254370721616417e-01 2.039790114820232425e-01 2.039461205716843750e-01
2.003324468069296316e-01 2.003270769462698886e-01 2.002905747836456751e-01 2.001867331280081652e-01 2.001487483490086428e-01
1.995184927836961275e-01 1.994589909311539622e-01 1.994637120383139783e-01 1.993826825028321426e-01 1.993533910746291826e-01
1.994841452634591450e-01 1.994524958636444412e-01 1.994700152392707426e-01 1.994810091631256666e-01 1.994396290010474748e-01
2.000459290422149927e-01 2.000381695457785214e-01 2.000314972710758588e-01 2.000095992180581372e-01 1.999750199692703345e-01
2.004104391554868136e-01 2.003597244763559160e-01 2.002581668479611610e-01 2.001711243052949341e-01 2.001566593793221438e-01
2.000469783790686795e-01 2.000276938508140367e-01 1.999737831739415994e-01 1.999554463471845123e-01 1.998783068082041203e-01
1.997561232817980648e-01 1.998466316227688055e-01 1.999597525392577402e-01 1.999848141384625577e-01 1.998135612355915192e-01
1.995338115864851714e-01 1.995451033734744195e-01 1.997773628977822791e-01 1.997806270185056021e-01 1.996141437013418118e-01
2.000305045372959833e-01 1.997819673257592299e-01 1.998963719646154047e-01 1.999183680586535949e-01 1.998535909587585702e-01
1.994185294789631302e-01 1.996982574224740181e-01 1.996835312142914431e-01 1.996802708189135411e-01 1.997196794252372176e-01
1.882335263058068087e-01 1.949023334704193533e-01 1.977337389174025906e-01 1.977246329602223296e-01 1.948687460974687091e-01
1.188484952902032071e-01 1.561218515096006176e-01 1.871690882187322935e-01 1.871622157157193100e-01 1.560699108354831333e-01
1.577855344901143639e-02 8.124000069449915928e-02 1.367540167192925482e-01 1.367546275824990942e-01 8.122251437375599403e-02
1.193090687994265292e-01 1.564871152715003044e-01 1.873613621214514635e-01 1.873645744176702377e-01 1.564875893415014207e-01
1.882920563135684899e-01 1.949528785524938523e-01 1.978264546796409118e-01 1.978266275824048515e-01 1.949457016662352604e-01
1.993831855114023555e-01 1.996363824542515819e-01 1.996364402979861896e-01 1.996275083532745021e-01 1.996108446923055002e-01
1.998402524881319475e-01 1.996030797445021987e-01 1.996819742313373225e-01 1.996743756761232003e-01 1.995885087993096718e-01
1.988735119740298041e-01 1.989386295582054875e-01 1.991463572784048230e-01 1.991481583750306650e-01 1.989404203420290507e-01
1.994312325432387178e-01 1.995914720219965910e-01 1.997544939429849731e-01 1.997313917287175111e-01 1.995504224651458158e-01
1.994406180617385171e-01 1.994903782418911697e-01 1.995104321353258214e-01 1.995079047087530977e-01 1.994936919572111722e-01
1.956778030678738844e-01 1.957064691875225471e-01 1.957143962228921064e-01 1.957145014667842353e-01 1.957358216276939011e-01
1.645987852802224816e-01 1.646616978893130634e-01 1.646215481595408037e-01 1.645436137049674785e-01 1.645580793871830594e-01
8.166051288432686628e-02 8.173547669190173171e-02 8.166804335607329157e-02 8.155335570286942337e-02 8.155882352172234839e-02
1.645137848472979503e-01 1.645502935676675937e-01 1.645129186366149077e-01 1.644530932557331238e-01 1.644540106604046870e-01
1.958697444903985951e-01 1.958745569899701944e-01 1.958694802152833037e-01 1.958615623499981029e-01 1.958612291394906113e-01
2.000940564856661941e-01 2.000943657767929873e-01 2.000940487835633774e-01 2.000935839931133886e-01 2.000934716300612759e-01
1.711980996027989976e-01 1.711977430625113428e-01 1.711981050664645176e-01 1.711986946127729836e-01 1.711986542500785469e-01
2.784620589338341126e-02 2.784596785092652294e-02 2.784620292796910826e-02 2.784658767204690327e-02 2.784657961884352134e-02
