2.077167043943670965e-01 2.077158254622879507e-01 2.077200168668301983e-01 2.077182517631273317e-01
2.497036669341131387e-01 2.497020094906539645e-01 2.497063448345724079e-01 2.497055647287838021e-01
2.630355638627928649e-01 2.630371479956831737e-01 2.630442561003338842e-01 2.630429496174626625e-01
2.608457402134134462e-01 2.608523883685329725e-01 2.608812218046885345e-01 2.608824701926126255e-01
2.261504633316067103e-01 2.261537382765151649e-01 2.261590288233830959e-01 2.261624826530450050e-01
2.184972870065172157e-01 2.184951240758033486e-01 2.184924559092560892e-01 2.184925669244502378e-01
2.115873971296961253e-01 2.115517956557411428e-01 2.115605725437279816e-01 2.115591342017011933e-01
2.095885447939420110e-01 2.095075140493030674e-01 2.095676973805321863e-01 2.094883431448008038e-01
2.094523305926141443e-01 2.094253583518989603e-01 2.093763385388173470e-01 2.093322210377583925e-01
2.107049695173840720e-01 2.106061868686602556e-01 2.106024633200102025e-01 2.105962499559763668e-01
2.135465763817671614e-01 2.134887647436691793e-01 2.135301625009455584e-01 2.135468327640350772e-01
2.049950076769971319e-01 2.050078426047390878e-01 2.049920185456732269e-01 2.049705726015063900e-01
1.895307900618190544e-01 1.895414726506006176e-01 1.894807507181140438e-01 1.895072645104143305e-01
1.893140664119789540e-01 1.894304872243699478e-01 1.893050782509159424e-01 1.893839578490784659e-01
2.045698505837852399e-01 2.046596616300299376e-01 2.046167045190742662e-01 2.046205656236504966e-01
2.122211643008106718e-01 2.121916828030505076e-01 2.122105012644427968e-01 2.122037656393862826e-01
2.047657799934908263e-01 2.047066592368484983e-01 2.047020525842765948e-01 2.047082609082456484e-01
1.891657511070694297e-01 1.891749643437314887e-01 1.891217400211654132e-01 1.891654590281443837e-01
1.891105050697684531e-01 1.891375637159772582e-01 1.891124870470518582e-01 1.891262364775218863e-01
2.046087928100898956e-01 2.045937151789543051e-01 2.045781763563035982e-01 2.045810122733287828e-01
2.121189590898427957e-01 2.121343332825205430e-01 2.121388494605963293e-01 2.121395407476052986e-01
2.045824644656152880e-01 2.045687182791390279e-01 2.045808876638321450e-01 2.045820347561982944e-01
1.892214249510476010e-01 1.892253769294663102e-01 1.892051294848102749e-01 1.892167555005345447e-01
1.893189828741028424e-01 1.893294048560565102e-01 1.893218765795023073e-01 1.893238298291175792e-01
2.046988763619861373e-01 2.046935795477569930e-01 2.046910860362952667e-01 2.046896224576529866e-01
2.121434029160332024e-01 2.121484158975276424e-01 2.121706995954326103e-01 2.121456629634711488e-01
2.045975645849210656e-01 2.045984830942035038e-01 2.045226811296015357e-01 2.045968156326165577e-01
1.898039890590553225e-01 1.897579299911568707e-01 1.892497203726745125e-01 1.897582127056125223e-01
1.936859349709789124e-01 1.919251462120808160e-01 1.903344644977822686e-01 1.919252623148993697e-01
2.252604532125862258e-01 2.197638569338645209e-01 2.261574013859008747e-01 2.197639297805308034e-01
1.824561252457476968e-01 1.949510317919948554e-01 2.679049503561238832e-01 1.949510474762028711e-01
