1.890115945482981064e-01 1.890729566422038876e-01 1.890513672991760985e-01 1.889624673273840871e-01 1.889237259427963556e-01
2.651376113100685217e-01 2.653098713419215215e-01 2.651920856575560315e-01 2.647844648171444049e-01 2.645791409257288729e-01
3.046401691717364746e-01 3.047848787866278553e-01 3.046985783448155072e-01 3.040340138606127396e-01 3.033369772720965196e-01
2.811561124405932977e-01 2.810434714920359012e-01 2.808535347995247400e-01 2.804118200275624861e-01 2.798524069833184802e-01
3.054727973996844703e-01 3.059744587503450686e-01 3.047829800840249903e-01 3.032583473872823010e-01 3.033216221620855246e-01
2.468597362954597918e-01 2.475738615278851862e-01 2.461353905633115735e-01 2.440548437729856968e-01 2.442344917169697316e-01
2.251253374685615594e-01 2.256676337003175326e-01 2.243862317072228552e-01 2.226350558942937208e-01 2.229749969529103704e-01
2.471788216732996035e-01 2.491172487275790937e-01 2.449997240089140105e-01 2.401860154626836441e-01 2.415007479687993619e-01
2.873805032880475951e-01 2.893879521479377770e-01 2.853508637147293414e-01 2.808657731275677194e-01 2.822151689302999644e-01
2.414727800700422755e-01 2.421031518332284471e-01 2.411413606176580626e-01 2.401423499956440444e-01 2.405639582804099952e-01
2.122438128550655501e-01 2.123394379090128570e-01 2.121057048710229265e-01 2.118766506641262537e-01 2.120716470070545534e-01
2.030621978441790876e-01 2.030645414571161100e-01 2.030695916227996944e-01 2.031021630311416470e-01 2.031604668032931937e-01
2.006594706202930456e-01 2.007234042232049764e-01 2.007740636327593475e-01 2.008236907661397896e-01 2.008187268164814132e-01
1.998087599575527062e-01 1.999459502996689952e-01 2.001660791877324930e-01 2.001945816032978387e-01 1.999990757431565347e-01
2.000367320732324428e-01 1.988169368488822419e-01 1.996505254306767119e-01 1.996644230894296934e-01 1.988382813666631221e-01
2.108242877292957063e-01 1.992706880248149570e-01 1.984010608200892922e-01 1.984051503071339595e-01 1.992708002933897271e-01
1.998474599451322831e-01 1.985881411872700841e-01 1.993760112552380170e-01 1.993761892122911938e-01 1.985673002093893691e-01
1.994951669343100475e-01 1.996193941815781747e-01 1.997577847139033747e-01 1.997245838657339123e-01 1.995507161845480881e-01
1.996272629266003795e-01 1.996887594043993963e-01 1.996330174988454331e-01 1.995952399084738871e-01 1.996015313343173780e-01
1.984119341760321176e-01 1.984525178957459168e-01 1.983706058689050089e-01 1.983380022680691912e-01 1.983825768158198055e-01
1.995705740763302483e-01 1.996101321625327607e-01 1.995993936327826457e-01 1.996156418477174621e-01 1.997570670870215115e-01
1.996558863926494454e-01 1.997132074780109401e-01 1.997332013155987684e-01 1.997269475776043413e-01 1.998104225578191395e-01
1.963902180407527953e-01 1.964911372218238750e-01 1.964731186763286619e-01 1.963890596757945639e-01 1.964088663523736455e-01
1.664295690837156450e-01 1.669997944684351310e-01 1.667136330421397916e-01 1.659826630295690719e-01 1.658490833146178678e-01
8.224130163792160719e-02 8.286384076260241982e-02 8.248521792255374130e-02 8.164539770121230500e-02 8.150730613799749003e-02
1.662926495650463576e-01 1.664509797734723129e-01 1.663049177716773297e-01 1.660843191375699912e-01 1.660678835053755742e-01
1.963491584351243768e-01 1.963657337965129812e-01 1.963469613533196378e-01 1.963324375198152727e-01 1.963291902134688127e-01
1.999131457883056018e-01 1.999133064403366689e-01 1.999134783195015419e-01 1.999135503158244731e-01 1.999146426320868031e-01
1.999035653488947517e-01 1.999139185871600943e-01 1.999097838213718392e-01 1.998940007400997476e-01 1.998925718704121501e-01
1.683124031808264087e-01 1.683235922642464522e-01 1.683188637945607913e-01 1.683032741331425275e-01 1.683004762015618272e-01
2.733541468562631846e-02 2.733606736803557979e-02 2.733613509327056240e-02 2.733531372513832436e-02 2.733503051564373579e-02
