2.795061722761713746e-02 2.795061721411861919e-02 2.795061722288705655e-02 2.795061723149095539e-02 2.795061723455681199e-02
1.714457218665658977e-01 1.714457218224047230e-01 1.714457218345132317e-01 1.714457218297713581e-01 1.714457218006367467e-01
2.005916798653748223e-01 2.005916797263866125e-01 2.005916797409965924e-01 2.005916797441203159e-01 2.005916795949235221e-01
2.002266413232058340e-01 2.002266411737718410e-01 2.002266410351696835e-01 2.002266409030420413e-01 2.002266407360297484e-01
1.999999149160279766e-01 1.999999149172723978e-01 1.999999146995289079e-01 1.999999144934080653e-01 1.999999144882102509e-01
1.998321205586340299e-01 1.998321206353689261e-01 1.998321205586940930e-01 1.998321205232197473e-01 1.998321205946040624e-01
1.999548728276644427e-01 1.999548728366306594e-01 1.999548728367538386e-01 1.999548728561231781e-01 1.999548728656971308e-01
1.999985233215522962e-01 1.999985231967994770e-01 1.999985232166509308e-01 1.999985232461673479e-01 1.999985231050459555e-01
1.999996616092997725e-01 1.999996615188269211e-01 1.999996613520598487e-01 1.999996611857988993e-01 1.999996609980295437e-01
1.999983676173806568e-01 1.999983677122945114e-01 1.999983674392256106e-01 1.999983671523284101e-01 1.999983671469812430e-01
1.999994841962595693e-01 1.999994842438162224e-01 1.999994841364542419e-01 1.999994840429464293e-01 1.999994839792046675e-01
1.999999380070993649e-01 1.999999380752140732e-01 1.999999380952442452e-01 1.999999382576920226e-01 1.999999382977442897e-01
1.999996854231311239e-01 1.999996853226284621e-01 1.999996853611415992e-01 1.999996854847989058e-01 1.999996853085473369e-01
1.999935926730490587e-01 1.999935926153997290e-01 1.999935925004880932e-01 1.999935923458696363e-01 1.999935920769350950e-01
1.999723384966558826e-01 1.999723386343024989e-01 1.999723383574767144e-01 1.999723380249194549e-01 1.999723379938787848e-01
1.999947632384616591e-01 1.999947633789346257e-01 1.999947632527646901e-01 1.999947631504194467e-01 1.999947632474509962e-01
1.999999999293760045e-01 1.999999999411557206e-01 1.999999999492467762e-01 1.999999999448406340e-01 1.999999999537327433e-01
1.999947605868186706e-01 1.999947604464785422e-01 1.999947604895906117e-01 1.999947605230310566e-01 1.999947603571565202e-01
1.998922728788144476e-01 1.998922728429450013e-01 1.998922725988119542e-01 1.998922723416871050e-01 1.998922721030692295e-01
1.995348637620026344e-01 1.995348639389264711e-01 1.995348635650242286e-01 1.995348631586982002e-01 1.995348631311464893e-01
1.999117503867601786e-01 1.999117505344666923e-01 1.999117503874359714e-01 1.999117502730038132e-01 1.999117503617410530e-01
1.999999999913820992e-01 2.000000000045075443e-01 2.000000000017758683e-01 2.000000000013336110e-01 2.000000000071708861e-01
1.999119941563462510e-01 1.999119940113472660e-01 1.999119940418501717e-01 1.999119940867381540e-01 1.999119939120832801e-01
1.981882484075633277e-01 1.981882483582952381e-01 1.981882480662460477e-01 1.981882478033314965e-01 1.981882475585947379e-01
1.921393482702735966e-01 1.921393484405733709e-01 1.921393480272524379e-01 1.921393476011565293e-01 1.921393475755287517e-01
1.983525869069651115e-01 1.983525870489669385e-01 1.983525869023777810e-01 1.983525867936891118e-01 1.983525868686278060e-01
2.000000000050208004e-01 2.000000000166451963e-01 2.000000000161425151e-01 2.000000000181877957e-01 2.000000000280999224e-01
1.987471084172701408e-01 1.987471082752581830e-01 1.987471083132518745e-01 1.987471083434066976e-01 1.987471081889437829e-01
1.701708142046982064e-01 1.701708141581241562e-01 1.701708138915180024e-01 1.701708136030320451e-01 1.701708133742107221e-01
4.011063939619174262e-02 4.011063948268538126e-02 4.011063918141970913e-02 4.011063882570125444e-02 4.011063874983825106e-02
3.087693326106424278e-03 3.087693327730785080e-03 3.087693307676052032e-03 3.087693279483479190e-03 3.087693267012370842e-03
