1.778243701107993791e-01 1.778483793830428483e-01 1.779142510110049147e-01 1.779116703117630260e-01 1.778292270604231173e-01
2.339062830954730110e-01 2.338121578013187263e-01 2.338437082956183466e-01 2.338191469236579612e-01 2.337110804929867780e-01
2.454932503930468413e-01 2.451644181937690792e-01 2.451680862296815588e-01 2.450993690763487443e-01 2.449545650585154000e-01
2.871814124993405382e-01 2.868674213047469612e-01 2.868040028726644430e-01 2.866228980895580425e-01 2.864391748068192967e-01
2.412500189374587045e-01 2.413274709958316000e-01 2.412309225648381350e-01 2.411109899994099692e-01 2.410205916221021261e-01
2.118634972320182497e-01 2.118595329344464540e-01 2.118500562786758135e-01 2.118162374215081523e-01 2.117115567571315193e-01
2.027519502177149158e-01 2.027301173729855466e-01 2.027220098621392852e-01 2.027233944826102030e-01 2.027193654112185994e-01
2.005713047359470036e-01 2.005775632774269568e-01 2.005789697768410873e-01 2.005693624732314273e-01 2.005812812741553652e-01
2.001473915911451129e-01 2.001557566720989501e-01 2.001538754688977628e-01 2.001655760375746218e-01 2.001654571034038876e-01
2.000600086677649381e-01 2.000703444554477461e-01 2.000938633982012049e-01 2.001088773847031210e-01 2.000869940453188778e-01
2.000283389346442786e-01 2.000280472757921257e-01 2.000960776172530653e-01 2.001026331187169827e-01 2.000457466716847044e-01
2.001304114085082075e-01 2.002026662379529365e-01 2.002506629698770912e-01 2.002423321001330081e-01 2.001925477561574684e-01
2.010834349574023294e-01 2.015595568713766661e-01 2.011908313299390072e-01 2.012158874272043652e-01 2.015817924775523129e-01
2.025835146747021476e-01 2.046134520236041754e-01 2.047966870446767951e-01 2.047985650281470837e-01 2.045909790443020682e-01
2.334534950032033096e-01 2.102288350753078461e-01 2.123683226557668835e-01 2.123382590822314731e-01 2.101390365603661714e-01
8.678151789814582129e-01 2.458689025711481291e-01 2.155732671298710434e-01 2.155930553906772462e-01 2.458123923126315780e-01
2.317814242876484188e-01 2.089383505166685639e-01 2.111797930446312199e-01 2.112070802362766286e-01 2.089588550522857302e-01
2.030072575885680519e-01 2.045705056564147695e-01 2.041945665540056687e-01 2.041957634982879966e-01 2.045771923883885623e-01
2.016585950270532723e-01 2.017784551678132032e-01 2.010342464116952055e-01 2.010154949552140080e-01 2.017241189641582333e-01
2.004920813359209741e-01 2.003731935519979523e-01 2.001857758746546645e-01 2.001802050202756422e-01 2.002653938272743461e-01
2.000843584754712912e-01 2.000721259524209095e-01 1.999544495714008774e-01 1.998485888533743371e-01 1.998098422066461599e-01
1.997501846179362550e-01 1.998439647812662867e-01 1.997947919785327542e-01 1.998131538402840579e-01 1.998250236459668538e-01
1.999514925682069899e-01 2.001543996674135240e-01 2.001146650269312044e-01 2.007061342661680681e-01 2.006955338932810973e-01
2.006963538456200680e-01 2.008155924840469564e-01 2.007501217840287622e-01 2.010472080750440038e-01 2.010525361569264480e-01
2.001665754307418166e-01 2.001886435137416875e-01 2.001714214484850429e-01 2.002157110384990835e-01 2.002200423953513220e-01
1.985060508856070216e-01 1.985239677954032667e-01 1.985048054350006252e-01 1.984751631513042847e-01 1.984782961688984493e-01
1.985308320112805502e-01 1.985369011070318990e-01 1.985319234075714201e-01 1.985220625594957267e-01 1.985233409814523009e-01
2.001539906638763466e-01 2.001547861910403792e-01 2.001553505476396377e-01 2.001561437125020104e-01 2.001566739605468992e-01
2.012374318267277085e-01 2.012372202805615129e-01 2.012383134495769055e-01 2.012395011070357564e-01 2.012396232069924573e-01
1.721389653971910350e-01 1.721388890631970481e-01 1.721391011552561023e-01 1.721392298482860850e-01 1.721393875545129959e-01
2.812529283321944448e-02 2.812523614471995961e-02 2.812531250795589563e-02 2.812539222273583231e-02 2.812542915146454617e-02
