2.019807806126663885e-01 2.019807806131133088e-01 2.019807806119802152e-01 2.019807806104524928e-01
2.289430473675979905e-01 2.289430473628636942e-01 2.289430473621197337e-01 2.289430473575979619e-01
1.935637614655023875e-01 1.935637614565321463e-01 1.935637614552229158e-01 1.935637614467720369e-01
1.898398872438379625e-01 1.898398872354775668e-01 1.898398872303115881e-01 1.898398872279113136e-01
2.045926925429160104e-01 2.045926925398261209e-01 2.045926925377705152e-01 2.045926925369164484e-01
2.120927781736700601e-01 2.120927781706196946e-01 2.120927781674908918e-01 2.120927781648320187e-01
2.046133988561608386e-01 2.046133988519196201e-01 2.046133988489821920e-01 2.046133988447415286e-01
1.893732705471389277e-01 1.893732705442258690e-01 1.893732705452917109e-01 1.893732705416151796e-01
1.893706808289476740e-01 1.893706808262284602e-01 1.893706808228388661e-01 1.893706808230884442e-01
2.045946478034711691e-01 2.045946478061806129e-01 2.045946478055632456e-01 2.045946478044760319e-01
2.120700495136199071e-01 2.120700495206609415e-01 2.120700495204667635e-01 2.120700495156462306e-01
2.045946644908187562e-01 2.045946644928340608e-01 2.045946644952239823e-01 2.045946644958528404e-01
1.893703402428645877e-01 1.893703402416513359e-01 1.893703402453437712e-01 1.893703402459735452e-01
1.893703380564784600e-01 1.893703380559378369e-01 1.893703380545441739e-01 1.893703380569960182e-01
2.045946485809722881e-01 2.045946485835650197e-01 2.045946485826619643e-01 2.045946485820736294e-01
2.120700268327376514e-01 2.120700268350125539e-01 2.120700268350898532e-01 2.120700268355708018e-01
2.045946486958542254e-01 2.045946486969325573e-01 2.045946486973877210e-01 2.045946486989461133e-01
1.893703377223229511e-01 1.893703377223681650e-01 1.893703377224873474e-01 1.893703377247445696e-01
1.893703342526158739e-01 1.893703342542617241e-01 1.893703342538854972e-01 1.893703342550363544e-01
2.045945703939911486e-01 2.045945703957560979e-01 2.045945703948294780e-01 2.045945703942988747e-01
2.120697732935863389e-01 2.120697732942928848e-01 2.120697732938612023e-01 2.120697732948945702e-01
2.045946478102749488e-01 2.045946478107233124e-01 2.045946478113777056e-01 2.045946478137820324e-01
1.893704046095167626e-01 1.893704046116407858e-01 1.893704046115220196e-01 1.893704046134751517e-01
1.893683939924210302e-01 1.893683939954358131e-01 1.893683939963393681e-01 1.893683939974155350e-01
2.045367838409007100e-01 2.045367838425050655e-01 2.045367838410037387e-01 2.045367838427330776e-01
2.118678738697059583e-01 2.118678738704404541e-01 2.118678738698196173e-01 2.118678738724484589e-01
2.045926925503615268e-01 2.045926925519854778e-01 2.045926925533274876e-01 2.045926925563411325e-01
1.896149829307035295e-01 1.896149829341001736e-01 1.896149829343350413e-01 1.896149829364471295e-01
1.895932531967130241e-01 1.895932532000658144e-01 1.895932532003365145e-01 1.895932532020252470e-01
1.665629667140598735e-01 1.665629667160176963e-01 1.665629667143273818e-01 1.665629667157510208e-01
1.886332297755951085e-02 1.886332297811252334e-02 1.886332297677252925e-02 1.886332297733676194e-02
