1.886371122170998199e-02 1.886371123472773900e-02 1.886371118524135873e-02 1.886371118111440995e-02
1.665318912048212030e-01 1.665318912774884086e-01 1.665318905712864228e-01 1.665318905174052178e-01
1.891775772956150736e-01 1.891775774006795863e-01 1.891775757564263805e-01 1.891775756517807827e-01
1.892149555338052680e-01 1.892149554432202285e-01 1.892149546694986972e-01 1.892149547100633600e-01
2.045704325682380087e-01 2.045704324976586608e-01 2.045704322515563833e-01 2.045704322408895270e-01
2.118732747268911865e-01 2.118732746273208900e-01 2.118732746003223200e-01 2.118732745016783381e-01
2.041272964523140887e-01 2.041272961847334089e-01 2.041272959454920322e-01 2.041272958174983332e-01
1.845669937651631953e-01 1.845669935617711976e-01 1.845669925566703062e-01 1.845669922557046927e-01
1.847677564665650696e-01 1.847677566498846791e-01 1.847677551067036517e-01 1.847677544349914103e-01
2.042807777166058825e-01 2.042807775532766434e-01 2.042807764219240763e-01 2.042807760425597585e-01
2.118752229338121962e-01 2.118752225341858086e-01 2.118752219583951435e-01 2.118752213614026325e-01
1.993511714272691304e-01 1.993511705730525441e-01 1.993511714661916345e-01 1.993511704990820199e-01
1.374136256282494362e-01 1.374136246118602134e-01 1.374136295954792586e-01 1.374136283613872078e-01
1.378898364677452193e-01 1.378898353680951816e-01 1.378898456016323659e-01 1.378898441617629200e-01
1.996177712230728651e-01 1.996177707489841802e-01 1.996177746751942594e-01 1.996177746768614536e-01
2.117672631298806729e-01 2.117672627840488930e-01 2.117672632707285618e-01 2.117672637692275261e-01
1.996172467437445641e-01 1.996172463549844567e-01 1.996172549655515771e-01 1.996172552667289102e-01
1.378849989796342435e-01 1.378849978985776936e-01 1.378850212439512446e-01 1.378850222372145773e-01
1.374088220251646342e-01 1.374088203056231805e-01 1.374088426049369371e-01 1.374088441910980840e-01
1.993506599472707752e-01 1.993506590014340329e-01 1.993506671377514861e-01 1.993506673169943011e-01
2.118751929370773224e-01 2.118751921312468367e-01 2.118751946225118366e-01 2.118751943863395049e-01
2.042807404661562964e-01 2.042807407894062788e-01 2.042807413504350855e-01 2.042807415745926392e-01
1.847672918103535067e-01 1.847672921233009802e-01 1.847672937505258073e-01 1.847672944750801405e-01
1.845665117115986853e-01 1.845665123518326622e-01 1.845665141641437967e-01 1.845665153184877783e-01
2.041272499281102382e-01 2.041272504945847999e-01 2.041272514003425742e-01 2.041272518173633255e-01
2.118732712173297672e-01 2.118732712097513571e-01 2.118732713194286243e-01 2.118732713054055083e-01
2.045704278550772581e-01 2.045704279176673579e-01 2.045704280877676251e-01 2.045704282034072619e-01
1.892148907596071239e-01 1.892148907738158692e-01 1.892148914565056905e-01 1.892148915870124348e-01
1.891775071676969622e-01 1.891775071367982619e-01 1.891775084610727298e-01 1.891775085348755547e-01
1.665318832208685929e-01 1.665318832061371546e-01 1.665318837605344604e-01 1.665318837828771159e-01
1.886371062811665819e-02 1.886371062725057321e-02 1.886371066350501363e-02 1.886371066520563938e-02
