2.019812376628662975e-01 2.019812376307431601e-01 2.019812382278256269e-01 2.019812382460062505e-01
2.289510556177940248e-01 2.289510554774864814e-01 2.289510569363386039e-01 2.289510570154257851e-01
1.935732632883654658e-01 1.935732631322700514e-01 1.935732624341713060e-01 1.935732624084436360e-01
1.898373215700212002e-01 1.898373217300821925e-01 1.898373151174644891e-01 1.898373142687553861e-01
2.045971274091391012e-01 2.045971267536925708e-01 2.045971186625285265e-01 2.045971183852982600e-01
2.121200005828448032e-01 2.121200011410502573e-01 2.121199935047380081e-01 2.121199917986310579e-01
2.046535182110297835e-01 2.046535165767107145e-01 2.046535108701919292e-01 2.046535112683128543e-01
1.893719789673930509e-01 1.893719540029258352e-01 1.893719637913881537e-01 1.893719751881026425e-01
1.893223898562673424e-01 1.893223792465986710e-01 1.893223799970321641e-01 1.893223302387382345e-01
2.046035095125804948e-01 2.046035070265198597e-01 2.046034513144324163e-01 2.046035215239308258e-01
2.121503825910622254e-01 2.121503656703356555e-01 2.121502681765527476e-01 2.121503542180317725e-01
2.046666269865707044e-01 2.046666811627659011e-01 2.046662297177109513e-01 2.046662608592460797e-01
1.892649794244515571e-01 1.892650441392858540e-01 1.892655062161519297e-01 1.892652677137859896e-01
1.891922949873977300e-01 1.891923236736278158e-01 1.891930510707562907e-01 1.891934314229472835e-01
2.046029237299014647e-01 2.046029432545658222e-01 2.046034132170016784e-01 2.046040036739237844e-01
2.121597743157128402e-01 2.121593695214127884e-01 2.121596230208167844e-01 2.121600136751123356e-01
2.045973874265074877e-01 2.045977468431483259e-01 2.045973389771201245e-01 2.045975920083843991e-01
1.892274394908059487e-01 1.892284471589567862e-01 1.892285767333838631e-01 1.892287309892200509e-01
1.893097251803037562e-01 1.893104345945663403e-01 1.893109108098929572e-01 1.893110322351985453e-01
2.046675086603041704e-01 2.046678234520296902e-01 2.046682809591349739e-01 2.046683806495655511e-01
2.121364536059795192e-01 2.121364749563555696e-01 2.121366759914188327e-01 2.121368479846132415e-01
2.046033560644860971e-01 2.046032637873266835e-01 2.046032311852514773e-01 2.046034033977489064e-01
1.893402221225685966e-01 1.893402334870799564e-01 1.893401852371753291e-01 1.893401976759399030e-01
1.893724356580132051e-01 1.893724429992668934e-01 1.893724280121197034e-01 1.893724268833225644e-01
2.045649933823176225e-01 2.045649950526235161e-01 2.045649920490713314e-01 2.045649916100685251e-01
2.118842152656992550e-01 2.118842170537611480e-01 2.118842157171310914e-01 2.118842140764059245e-01
2.045953946522305056e-01 2.045953949758864132e-01 2.045953947564223274e-01 2.045953947371199899e-01
1.896163596627248593e-01 1.896163600212700251e-01 1.896163599808229627e-01 1.896163599304284963e-01
1.896002821510059666e-01 1.896002822132306365e-01 1.896002821355136092e-01 1.896002821931460081e-01
1.665680388581905480e-01 1.665680388380957333e-01 1.665680387940079721e-01 1.665680388469551465e-01
1.886467970085067836e-02 1.886467969896711908e-02 1.886467969435999537e-02 1.886467970149713000e-02
