2.795061735829752064e-02 2.795061734664345057e-02 2.795061735346344306e-02 2.795061735292298302e-02 2.795061735035146711e-02
1.714457222442844486e-01 1.714457221887530081e-01 1.714457222050315699e-01 1.714457221964230671e-01 1.714457221486187510e-01
2.005916802176734293e-01 2.005916800303029768e-01 2.005916800327807725e-01 2.005916800434268121e-01 2.005916798420526725e-01
2.002266422633608156e-01 2.002266420528771851e-01 2.002266417746766114e-01 2.002266415660435006e-01 2.002266413328322725e-01
1.999999178768003538e-01 1.999999178479414108e-01 1.999999174617648756e-01 1.999999171427344347e-01 1.999999171292436706e-01
1.998321210048268626e-01 1.998321210495055400e-01 1.998321209177822966e-01 1.998321208377646929e-01 1.998321209177746915e-01
1.999548728159008248e-01 1.999548727961658612e-01 1.999548727973317896e-01 1.999548727869915887e-01 1.999548727863142139e-01
1.999985233598320922e-01 1.999985231747224423e-01 1.999985231752089698e-01 1.999985232360343423e-01 1.999985230142195258e-01
1.999996629188578179e-01 1.999996627546959116e-01 1.999996623756651326e-01 1.999996621419804221e-01 1.999996618712945595e-01
1.999983727906071151e-01 1.999983728777323388e-01 1.999983723530442958e-01 1.999983719347314393e-01 1.999983719693015638e-01
1.999994852744051976e-01 1.999994854035890557e-01 1.999994852210201512e-01 1.999994851145664998e-01 1.999994852300149006e-01
1.999999381850293134e-01 1.999999382038466500e-01 1.999999382021079297e-01 1.999999382155703553e-01 1.999999382302878603e-01
1.999996855550099095e-01 1.999996853739903491e-01 1.999996853812979203e-01 1.999996854012841829e-01 1.999996852280840898e-01
1.999935947741906805e-01 1.999935946359531480e-01 1.999935939965997167e-01 1.999935934781965352e-01 1.999935934175086916e-01
1.999723466182170561e-01 1.999723467624037465e-01 1.999723459015299021e-01 1.999723451799835516e-01 1.999723454202151640e-01
1.999947649766826707e-01 1.999947651350576228e-01 1.999947648773137132e-01 1.999947647006618534e-01 1.999947648568100311e-01
1.999999999382877369e-01 1.999999999581036081e-01 1.999999999560574393e-01 1.999999999711816467e-01 1.999999999837994147e-01
1.999947607036306196e-01 1.999947605072306123e-01 1.999947605064184841e-01 1.999947605234966841e-01 1.999947603431342091e-01
1.998922753746507630e-01 1.998922752634005318e-01 1.998922743416365888e-01 1.998922735624309999e-01 1.998922736107948683e-01
1.995348731664985109e-01 1.995348733525607599e-01 1.995348721996440811e-01 1.995348711425080634e-01 1.995348715248532190e-01
1.999117524698779957e-01 1.999117526316231963e-01 1.999117523448014910e-01 1.999117520540724668e-01 1.999117522452046602e-01
2.000000000342315176e-01 2.000000000597754457e-01 2.000000000612313644e-01 2.000000000313446047e-01 2.000000000545604506e-01
1.999119941436874603e-01 1.999119939993471429e-01 1.999119939407363322e-01 1.999119939842087801e-01 1.999119937819225923e-01
1.981882500438959527e-01 1.981882500500609934e-01 1.981882489411311843e-01 1.981882481910705873e-01 1.981882481901028059e-01
1.921393544463491365e-01 1.921393546931377538e-01 1.921393534021200999e-01 1.921393523597096087e-01 1.921393526963582343e-01
1.983525882347648150e-01 1.983525883940324974e-01 1.983525880744776149e-01 1.983525878512490404e-01 1.983525880311356182e-01
1.999999999478329071e-01 1.999999999785810889e-01 1.999999999661612182e-01 1.999999999948079421e-01 2.000000000357491092e-01
1.987471080157319492e-01 1.987471079046705946e-01 1.987471078468390495e-01 1.987471079434138810e-01 1.987471077747529069e-01
1.701708076509409195e-01 1.701708076697993621e-01 1.701708066603492553e-01 1.701708060781982612e-01 1.701708060715440007e-01
4.011060989348545075e-02 4.011061000778640834e-02 4.011060902068430689e-02 4.011060826797544637e-02 4.011060849605755513e-02
3.087687569194807590e-03 3.087687561009879594e-03 3.087687476916430810e-03 3.087687405711231955e-03 3.087687426111966008e-03
