2.021079558829531053e-01 2.021080662043906739e-01 2.021081673485457531e-01 2.021080663947723011e-01
2.303630181326642434e-01 2.303634809307569531e-01 2.303639674181880981e-01 2.303634810006793265e-01
1.974743688886624049e-01 1.974747953890823582e-01 1.974753051348641653e-01 1.974747948004389742e-01
1.928701936561122154e-01 1.928688689851598137e-01 1.928673671420228497e-01 1.928688682574200841e-01
2.068262680747640636e-01 2.068274708685641505e-01 2.068282809138396461e-01 2.068274702623407735e-01
2.135011106769397482e-01 2.135032559139608266e-01 2.135052974324352371e-01 2.135032556270000381e-01
2.107229436681410106e-01 2.107267237603459020e-01 2.107312982757252318e-01 2.107267239276709170e-01
2.027331606234191452e-01 2.027344166404048131e-01 2.027368330131364693e-01 2.027344165165356760e-01
2.015353950384463910e-01 2.015267789094589701e-01 2.015159829358444954e-01 2.015267788702179430e-01
2.118133749686514911e-01 2.118222996409234449e-01 2.118271305978279007e-01 2.118222996662859070e-01
2.152230642522918180e-01 2.152348598583863903e-01 2.152458247864324214e-01 2.152348598544989167e-01
2.151686821042674003e-01 2.151852672903975805e-01 2.152078572864332406e-01 2.151852672539490141e-01
2.104852650333655095e-01 2.104888221663949455e-01 2.105006220641944537e-01 2.104888221950039218e-01
2.099253644846519606e-01 2.098891471551907195e-01 2.098369328437225123e-01 2.098891470903124779e-01
2.157085748145510240e-01 2.157530647430168924e-01 2.157689635698759323e-01 2.157530647117297251e-01
2.160692565459615411e-01 2.161171549089938027e-01 2.161599027926806860e-01 2.161171548859163738e-01
2.159568248177355654e-01 2.160108084268253237e-01 2.160999851717118336e-01 2.160108083925612321e-01
2.105988114855140703e-01 2.106027333336625840e-01 2.106526922965615556e-01 2.106027334368822945e-01
2.112095254200072048e-01 2.110964065921558386e-01 2.108901230063741639e-01 2.110964065863766004e-01
2.154514256518924586e-01 2.156363620502996792e-01 2.156619665259638108e-01 2.156363620326302577e-01
2.152980845513818575e-01 2.154558412795675726e-01 2.155890016873798776e-01 2.154558412631088493e-01
2.124004114909373020e-01 2.125275266531281571e-01 2.128215184689962736e-01 2.125275265683203019e-01
2.029841677232548935e-01 2.029595619834085318e-01 2.031353537941446574e-01 2.029595621267858419e-01
2.045406842147371729e-01 2.042976062385788716e-01 2.036119198026462851e-01 2.042976061706459623e-01
2.110362821064090955e-01 2.116698584885846612e-01 2.116082979068261705e-01 2.116698583802971156e-01
2.133678195226257346e-01 2.137692266848429945e-01 2.141319806019912897e-01 2.137692265754069787e-01
2.071787139665868527e-01 2.073385753334112958e-01 2.079643483422748962e-01 2.073385750259320037e-01
1.939459111982073936e-01 1.937569075616909775e-01 1.931777666485433309e-01 1.937569081240071989e-01
1.995283552065049981e-01 1.960275290243232715e-01 1.906598809731686328e-01 1.960275290129933068e-01
2.222117700108790228e-01 2.116801233093340007e-01 2.219912619256904363e-01 2.116801231045809528e-01
1.597927678155372511e-01 1.838500614804420563e-01 3.526874159270706466e-01 1.838500614157056456e-01
