1.987266997918043787e-01 1.987339296608972294e-01 1.987327505106246395e-01 1.987274281115166685e-01 1.987372185236040978e-01
2.288137654208993732e-01 2.288159881746253399e-01 2.288156251528365159e-01 2.288139891295389583e-01 2.288169979474297400e-01
2.110419638563360567e-01 2.110361944498602149e-01 2.110371344685810224e-01 2.110413813794190796e-01 2.110335666749944272e-01
2.233731007223755949e-01 2.233635183811477076e-01 2.233650814032593079e-01 2.233721342741204763e-01 2.233591579735193788e-01
2.000014832486881888e-01 2.000016197447997135e-01 2.000015974489972037e-01 2.000014969437576839e-01 2.000016817734990016e-01
2.226339691056823666e-01 2.226701412074893194e-01 2.226642424733880077e-01 2.226376128742685867e-01 2.226865957929070883e-01
2.067682128662750585e-01 2.067702245622542734e-01 2.067698952151957870e-01 2.067684150406096932e-01 2.067711357788618309e-01
2.062310166889338436e-01 2.062104743876852497e-01 2.062138225314411877e-01 2.062289449038385292e-01 2.062011228604132274e-01
2.190058294122103344e-01 2.189825484317708681e-01 2.189863456101803774e-01 2.190034823257202001e-01 2.189719555696056641e-01
2.000055705860472322e-01 2.000060832718947856e-01 2.000059996270731055e-01 2.000056222220340241e-01 2.000063164427084428e-01
2.184006676022247628e-01 2.184576205740885457e-01 2.184483333733236721e-01 2.184064048467905528e-01 2.184835289957186011e-01
2.053067230878241334e-01 2.053083047873918987e-01 2.053080452947173840e-01 2.053068818017872998e-01 2.053090193939524910e-01
2.045774865937724507e-01 2.045479636097281007e-01 2.045527758766468307e-01 2.045745097217019082e-01 2.045345254934742840e-01
2.133674107416224930e-01 2.133368929018025772e-01 2.133418701158887321e-01 2.133643344351100757e-01 2.133230075409296711e-01
2.000112630315249440e-01 2.000122995531228853e-01 2.000121304883168416e-01 2.000113674112045659e-01 2.000127710034595996e-01
2.126501113787427899e-01 2.127146047373539572e-01 2.127040883203488442e-01 2.126566083969040344e-01 2.127439442392883295e-01
2.034812342391972839e-01 2.034822721818560221e-01 2.034821015641458120e-01 2.034813381977305380e-01 2.034827400369163541e-01
2.027241701915442618e-01 2.026936538084457839e-01 2.026986282665688699e-01 2.027210936577837630e-01 2.026797648862600776e-01
2.074301273398815593e-01 2.074006031687024576e-01 2.074054179741490478e-01 2.074271515336295058e-01 2.073871700787381089e-01
2.000171825849763330e-01 2.000187625963680271e-01 2.000185049083443578e-01 2.000173417119621988e-01 2.000194812942347466e-01
2.067758483331169628e-01 2.068327990891233314e-01 2.068235129621215640e-01 2.067815857409277813e-01 2.068587082853212133e-01
2.017218060997294782e-01 2.017223195850877393e-01 2.017222350268662590e-01 2.017218574169916123e-01 2.017225505788677042e-01
2.011218793366227053e-01 2.010985995741626509e-01 2.011023945870545060e-01 2.011195327610848793e-01 2.010880052794656869e-01
2.026473524527285242e-01 2.026268093754785560e-01 2.026301592553867714e-01 2.026452821159067386e-01 2.026174626160862913e-01
2.000380102216368916e-01 2.000400205227695904e-01 2.000396926951573395e-01 2.000382127204763660e-01 2.000409350213546433e-01
2.022256779359056511e-01 2.022618473769812741e-01 2.022559500427749402e-01 2.022293219599071157e-01 2.022783030642761326e-01
2.004584660083852665e-01 2.004586027513859392e-01 2.004585801991281557e-01 2.004584796415695980e-01 2.004586641680475012e-01
2.005681116156518284e-01 2.005585296883567459e-01 2.005600918045088998e-01 2.005671459628382280e-01 2.005541695557951365e-01
2.039494551324605442e-01 2.039436852132198996e-01 2.039446260071531569e-01 2.039488737342524116e-01 2.039410600181907063e-01
2.213739350899437686e-01 2.213761572955376955e-01 2.213757949606171838e-01 2.213741589699535217e-01 2.213771682838666099e-01
1.745231449462350815e-01 1.745303741656271945e-01 1.745291955288059693e-01 1.745238733377137696e-01 1.745336633621425992e-01
