2.034052769480162171e-01 2.034062049031913066e-01 2.034071224762152297e-01 2.034062048262058053e-01
2.444643425184742092e-01 2.444682124294752790e-01 2.444721087030659046e-01 2.444682120670529646e-01
2.340847922404329651e-01 2.340878626155508957e-01 2.340910137894122445e-01 2.340878628833310271e-01
2.253835975889240117e-01 2.253724838329904945e-01 2.253611698130477403e-01 2.253724839329946938e-01
2.246263104502932706e-01 2.246334041466168663e-01 2.246401662124629106e-01 2.246334036402920231e-01
2.193842763274483076e-01 2.193913798075739496e-01 2.193984579502996080e-01 2.193913795643053499e-01
2.261293077859297396e-01 2.261359793781829164e-01 2.261428384770519107e-01 2.261359793405403606e-01
2.298746455221898910e-01 2.298748730287509812e-01 2.298752077812628025e-01 2.298748727936396896e-01
2.319779684157175503e-01 2.319670106156823675e-01 2.319556712163046430e-01 2.319670107502725953e-01
2.242771694451893560e-01 2.242824181864866984e-01 2.242874466336045869e-01 2.242824180777551191e-01
2.177900618025750412e-01 2.177852591305013963e-01 2.177806035053180267e-01 2.177852593266325631e-01
2.238376688328168607e-01 2.238187685992291120e-01 2.237982573064172531e-01 2.238187691574278215e-01
2.306225779731266579e-01 2.306239118021538026e-01 2.306227815380696433e-01 2.306239103599165008e-01
2.289607774649860539e-01 2.289947855928034237e-01 2.290325260521550443e-01 2.289947863782820225e-01
2.252753632603258782e-01 2.252421689906207447e-01 2.252154938098058501e-01 2.252421693220959531e-01
2.190744755320149229e-01 2.190414556847588012e-01 2.190093587726594515e-01 2.190414560773222552e-01
2.253218721372684530e-01 2.252876362853885317e-01 2.252488084587488670e-01 2.252876368655264139e-01
2.290931508727853116e-01 2.290991722391357843e-01 2.291007631015757606e-01 2.290991714477243479e-01
2.306740411724582662e-01 2.307241331918528648e-01 2.307824428562799401e-01 2.307241335948512218e-01
2.238946164527383098e-01 2.238589470115111280e-01 2.238299676073720601e-01 2.238589473460908252e-01
2.177739777820694167e-01 2.177842161647864649e-01 2.177927067645366588e-01 2.177842163448195367e-01
2.241647729976532222e-01 2.242174552678712629e-01 2.243101102452148277e-01 2.242174553350426702e-01
2.318428667181943736e-01 2.318219208284919564e-01 2.318599799365536063e-01 2.318219215635795860e-01
2.298655475398339865e-01 2.297697599484626596e-01 2.295705475978223054e-01 2.297697595540596771e-01
2.259098664598904183e-01 2.261281770036344951e-01 2.261593200111563506e-01 2.261281769834907474e-01
2.192109742662709249e-01 2.194039560015494661e-01 2.195707619793733079e-01 2.194039558711621540e-01
2.245545042546586989e-01 2.246858882329652585e-01 2.250554764869880098e-01 2.246858879996297964e-01
2.257234355491491706e-01 2.255758028959005956e-01 2.256371156851732784e-01 2.255758038658537967e-01
2.346763767104207976e-01 2.341615210289400839e-01 2.331256300335092513e-01 2.341615205669227429e-01
2.433970101857755031e-01 2.431251176638759559e-01 2.443563743729445792e-01 2.431251175375360729e-01
1.996332730180621073e-01 2.023550408301532655e-01 2.153550250881469119e-01 2.023550407983766841e-01
