2.804092165695171168e-02 2.804106246834307814e-02 2.804068743448433904e-02 2.803993893540709589e-02 2.803992665973330939e-02
1.717599600810381377e-01 1.717593786719323889e-01 1.717595912522206503e-01 1.717585696665541450e-01 1.717582117445650147e-01
2.008976736565235288e-01 2.008952548205693855e-01 2.008938249769703643e-01 2.008906306375238537e-01 2.008892107040797514e-01
2.003735482303548865e-01 2.003693733895714479e-01 2.003675447547946242e-01 2.003591449857458906e-01 2.003422480674538209e-01
1.997609897194039807e-01 1.997514196349147730e-01 1.997519966417239945e-01 1.997434293173427355e-01 1.996982124270698378e-01
1.992433485902095069e-01 1.992273338308218067e-01 1.992257643141751855e-01 1.992235548536983036e-01 1.991735539505184172e-01
1.994820339559273681e-01 1.994659801334352223e-01 1.994658081400216276e-01 1.994724149978102656e-01 1.994353225929473006e-01
2.000648628428413345e-01 2.000490978437916012e-01 2.000438890704521466e-01 2.000334936925879659e-01 1.999819631204074466e-01
2.002101658921331406e-01 2.001905523490168093e-01 2.000941485758337968e-01 1.999970616532920908e-01 1.999367954199130493e-01
1.993748118087265986e-01 1.996220786902992705e-01 1.994793576586989803e-01 1.991515669927868271e-01 1.990258195769994409e-01
1.996087414257275150e-01 1.998067375627828879e-01 1.997605084781262919e-01 1.995387999806616242e-01 1.994227485716363324e-01
1.996602081422379216e-01 1.995562896412133025e-01 1.996320078677584486e-01 1.997847710127622078e-01 1.998472083221526918e-01
1.968328800835042747e-01 1.960822007936559308e-01 1.960059652267699959e-01 1.967526281190672965e-01 1.972733324437901115e-01
1.692935468002981225e-01 1.656360337736557109e-01 1.645698061186341710e-01 1.676355922071546267e-01 1.708939774004767931e-01
8.340494332915857068e-02 9.479428795639818772e-02 9.172683399223328926e-02 7.850895713925937214e-02 7.419918755685399325e-02
1.591103174827266376e-01 1.753820187445725987e-01 1.729832621356496292e-01 1.553223530062898539e-01 1.471913482944555152e-01
1.946673118486992871e-01 1.966556041739974114e-01 1.963819622094790662e-01 1.942665587881469702e-01 1.932183206566440714e-01
1.995822884107706363e-01 1.995995761498461363e-01 1.995799259719057694e-01 1.995457577132690452e-01 1.994807191722462458e-01
1.993571705035250274e-01 1.991917182728774049e-01 1.991730997026515404e-01 1.993148130526181672e-01 1.993817602181585380e-01
1.970935364066601081e-01 1.974182310422342712e-01 1.973259395611601241e-01 1.969372866722259585e-01 1.967981998872000149e-01
1.988453543624627562e-01 1.993976730098148409e-01 1.993370720412255548e-01 1.987878682470108072e-01 1.985675353697104184e-01
1.994248073164055501e-01 1.995149383822569511e-01 1.995336893706742554e-01 1.994746593937403445e-01 1.994724231220255939e-01
1.954482010065413111e-01 1.954605979802832849e-01 1.954632523477714545e-01 1.954493618963653312e-01 1.954704555349207618e-01
1.635866932925519324e-01 1.636147937282031450e-01 1.635939237371825117e-01 1.635476528830354104e-01 1.635562798912280902e-01
8.251076842163114489e-02 8.254247427559577299e-02 8.250224982539532126e-02 8.244379704829037092e-02 8.245332188541269758e-02
1.635028727066850374e-01 1.635179651623885622e-01 1.634924499288805677e-01 1.634618878551742649e-01 1.634684232467878418e-01
1.952408339365549472e-01 1.952435427602643436e-01 1.952397809372375670e-01 1.952350422991313006e-01 1.952355740436170495e-01
1.979903064377533384e-01 1.979903956482343408e-01 1.979902540769441499e-01 1.979902242928811840e-01 1.979903069852299857e-01
1.681714634622594462e-01 1.681697760899072969e-01 1.681726566764124298e-01 1.681763082547700350e-01 1.681756019062230212e-01
3.330254779660210551e-02 3.330075759630263948e-02 3.330348400470135167e-02 3.330703586167695768e-02 3.330647112342029204e-02
1.836616896510253954e-03 1.836393801106446771e-03 1.836557707087136835e-03 1.836887931531705660e-03 1.836931097605704749e-03
