1.744445836673451100e-01 1.744445836559522234e-01 1.744445836587283361e-01 1.744445836660604987e-01 1.744445836560009622e-01
2.213497865301315426e-01 2.213497865014911747e-01 2.213497865028158373e-01 2.213497865005802645e-01 2.213497864631339407e-01
2.037680874594035019e-01 2.037680874211430793e-01 2.037680874067800962e-01 2.037680873839523565e-01 2.037680873447136054e-01
2.004065844961359089e-01 2.004065844629849269e-01 2.004065844445368227e-01 2.004065844194914958e-01 2.004065843953116988e-01
1.999999999499781356e-01 1.999999999388615279e-01 1.999999999206947265e-01 1.999999999049187627e-01 1.999999998955882541e-01
2.000120597979382908e-01 2.000120597974933134e-01 2.000120597836180514e-01 2.000120597844601833e-01 2.000120597756761265e-01
2.000161648263230063e-01 2.000161648224871025e-01 2.000161648115637014e-01 2.000161648147959770e-01 2.000161647951040067e-01
2.000024430144421439e-01 2.000024430121254138e-01 2.000024430054483937e-01 2.000024430129660469e-01 2.000024430047904478e-01
2.000002607705250179e-01 2.000002607786986464e-01 2.000002607781433406e-01 2.000002607860668358e-01 2.000002607946527178e-01
1.999999999641013659e-01 1.999999999831540975e-01 1.999999999825610997e-01 1.999999999920605009e-01 2.000000000067559125e-01
2.000000138897639057e-01 2.000000139061711424e-01 2.000000139048622172e-01 2.000000139153035039e-01 2.000000139298310775e-01
2.000000134773123328e-01 2.000000134894003578e-01 2.000000134878261449e-01 2.000000134933150597e-01 2.000000135062290629e-01
2.000000019320967715e-01 2.000000019437000176e-01 2.000000019469502510e-01 2.000000019485987102e-01 2.000000019616984537e-01
2.000000001947604966e-01 2.000000002029725388e-01 2.000000002104126151e-01 2.000000002103053953e-01 2.000000002239987751e-01
1.999999999115530669e-01 1.999999999189718825e-01 1.999999999281058261e-01 1.999999999251989014e-01 1.999999999411853913e-01
1.999999997533438989e-01 1.999999997603660318e-01 1.999999997718760469e-01 1.999999997675450114e-01 1.999999997838228238e-01
2.000000000004122092e-01 2.000000000072070794e-01 2.000000000207237394e-01 2.000000000156122171e-01 2.000000000279990309e-01
1.999999999205167855e-01 1.999999999268836370e-01 1.999999999367191306e-01 1.999999999344537760e-01 1.999999999449568189e-01
1.999999971334111559e-01 1.999999971385967579e-01 1.999999971447092850e-01 1.999999971463905790e-01 1.999999971550745770e-01
1.999999381969883028e-01 1.999999382042383644e-01 1.999999382060139441e-01 1.999999382064583109e-01 1.999999382136316561e-01
1.999997929277860520e-01 1.999997929346238046e-01 1.999997929363054316e-01 1.999997929393696472e-01 1.999997929476585168e-01
1.999999999975870246e-01 2.000000000035334069e-01 2.000000000057946536e-01 2.000000000107042819e-01 2.000000000199635419e-01
2.000000398435482774e-01 2.000000398513742950e-01 2.000000398517052247e-01 2.000000398550052794e-01 2.000000398642631239e-01
1.999985418400854198e-01 1.999985418482184141e-01 1.999985418472100540e-01 1.999985418508508916e-01 1.999985418575789542e-01
1.999548729094162980e-01 1.999548729168930117e-01 1.999548729109369427e-01 1.999548729117021639e-01 1.999548729159052185e-01
1.998321364536040923e-01 1.998321364592482996e-01 1.998321364542821055e-01 1.998321364543918510e-01 1.998321364605409878e-01
2.000000000063520966e-01 2.000000000129894262e-01 2.000000000124355359e-01 2.000000000143005996e-01 2.000000000223031427e-01
2.002266610257155688e-01 2.002266610345027342e-01 2.002266610339151487e-01 2.002266610353878318e-01 2.002266610419413673e-01
2.005916807743892971e-01 2.005916807800838531e-01 2.005916807800109947e-01 2.005916807832232307e-01 2.005916807853088957e-01
1.714457218867637411e-01 1.714457218892231627e-01 1.714457218875046762e-01 1.714457218892407597e-01 1.714457218880172662e-01
2.795061741566139124e-02 2.795061741670673908e-02 2.795061741502389771e-02 2.795061741437669667e-02 2.795061741366004424e-02
