3.083370275031807432e-03 3.084386767463838299e-03 3.085021958894837088e-03 3.085021972022005277e-03 3.084386784120709494e-03
4.008989922921857296e-02 4.009420348303147086e-02 4.009420536389267375e-02 4.009420556219661647e-02 4.009420374312987201e-02
1.701621871765029992e-01 1.701691776601689798e-01 1.701664077093094085e-01 1.701664078962084881e-01 1.701691778293332458e-01
1.987435059670349946e-01 1.987485402375813448e-01 1.987467165888680831e-01 1.987467162812734389e-01 1.987485397051565184e-01
1.999998188633362040e-01 1.999998457095204796e-01 1.999999088001185588e-01 1.999999084021156781e-01 1.999998451735086058e-01
1.983624456619770271e-01 1.983546539510733508e-01 1.983483592260160133e-01 1.983483592467458756e-01 1.983546540254780832e-01
1.921512645671133723e-01 1.921479493688853235e-01 1.921390824993940982e-01 1.921390828651563243e-01 1.921479498795438112e-01
1.981820916162596036e-01 1.981914377876786704e-01 1.981883487434794588e-01 1.981883489984446189e-01 1.981914380793642350e-01
1.998794223480264698e-01 1.999015125560692496e-01 1.999108754864322712e-01 1.999108751073487567e-01 1.999015120051887695e-01
1.998922055716622070e-01 1.999291886031555054e-01 1.999913561804001205e-01 1.999913557099340933e-01 1.999291880487667206e-01
1.998653603247142752e-01 1.997891192568010676e-01 1.998493724572268371e-01 1.998493724857551557e-01 1.997891193625516149e-01
1.995853859804527508e-01 1.994756528892109859e-01 1.995288895907060822e-01 1.995288899498943447e-01 1.994756533933218223e-01
1.978813507122806348e-01 1.994548088153852150e-01 1.998918248623834104e-01 1.998918250969485555e-01 1.994548090770804083e-01
1.800206863147684189e-01 1.930933930415572597e-01 1.996918880375842531e-01 1.996918875790072156e-01 1.930933923931152651e-01
9.705052947847313261e-02 1.509614156085945791e-01 1.957453411352369499e-01 1.957453405542425862e-01 1.509614149576973263e-01
3.702704092016129194e-05 8.523934988403621127e-02 1.622468527494734525e-01 1.622468526558319135e-01 8.523934985026843103e-02
9.705053004123458116e-02 1.509614159689287860e-01 1.957453412687824856e-01 1.957453414392204549e-01 1.509614162186145303e-01
1.800206864522095607e-01 1.930933927980858500e-01 1.996918876169154200e-01 1.996918877837181305e-01 1.930933929913673797e-01
1.978813495460909899e-01 1.994548085307185081e-01 1.998918248224931526e-01 1.998918243224634961e-01 1.994548077443442646e-01
1.995853827601261898e-01 1.994756504048040280e-01 1.995288869988298963e-01 1.995288863128858170e-01 1.994756494594472074e-01
1.998653598407481857e-01 1.997891185232135158e-01 1.998493710674714430e-01 1.998493709908031879e-01 1.997891184646783946e-01
1.998922054327192943e-01 1.999291879920750692e-01 1.999913549126235979e-01 1.999913550318440369e-01 1.999291881655280712e-01
1.998794224507914330e-01 1.999015122991246451e-01 1.999108748811115888e-01 1.999108749435926091e-01 1.999015123376972625e-01
1.981820906900866597e-01 1.981914377313683806e-01 1.981883488804642435e-01 1.981883483610002439e-01 1.981914369335876225e-01
1.921512617943676449e-01 1.921479474027307510e-01 1.921390805165560378e-01 1.921390799238219260e-01 1.921479464963428974e-01
1.983624451437527303e-01 1.983546533672912171e-01 1.983483582364035658e-01 1.983483581390184103e-01 1.983546532364953430e-01
1.999998185466718981e-01 1.999998449866449979e-01 1.999999075242591962e-01 1.999999075922755942e-01 1.999998450690686491e-01
1.987435059228290779e-01 1.987485399231006811e-01 1.987467159860585586e-01 1.987467160108224440e-01 1.987485399166888378e-01
1.701621877900794388e-01 1.701691791636200379e-01 1.701664092981700627e-01 1.701664088311165834e-01 1.701691784204813485e-01
4.008990375066621287e-02 4.009420884033375321e-02 4.009421085868202644e-02 4.009421038744018229e-02 4.009420808570719752e-02
3.083371201613723227e-03 3.084387770788862056e-03 3.085022993414096842e-03 3.085022952054407731e-03 3.084387700605609618e-03
