1.775396597220037787e-01 1.775785261719843022e-01 1.775538203865265896e-01 1.774971371431759704e-01 1.774877552388985091e-01
2.332914729429729217e-01 2.334578922396459699e-01 2.333529160651471590e-01 2.331114145390933146e-01 2.330684493121988887e-01
2.446967389674447602e-01 2.452529610507864222e-01 2.448910165372279457e-01 2.440888418903094936e-01 2.439501056125868428e-01
2.880634167188663719e-01 2.894650737407490348e-01 2.884442382089407730e-01 2.863681863972843411e-01 2.860517184493803766e-01
2.417682144807341005e-01 2.429426756250272212e-01 2.420053260068500134e-01 2.402142787803766555e-01 2.399964606660612565e-01
2.121410054993050909e-01 2.124517125507638660e-01 2.122212576985953170e-01 2.117691638404269328e-01 2.117278013687228233e-01
2.029291001588642840e-01 2.030147784989940196e-01 2.029752715432072141e-01 2.028933137375986961e-01 2.028822447242036309e-01
2.006246575423543954e-01 2.006372021914220871e-01 2.006382599094207464e-01 2.006453032101460365e-01 2.006476392883333182e-01
1.999069825695164171e-01 1.999927130831053168e-01 2.000735606506339748e-01 2.000732080747421593e-01 1.999928001090909568e-01
1.991031269208739796e-01 1.993078137606339728e-01 1.995125907571002055e-01 1.995077611117916927e-01 1.993036646396811606e-01
1.993047270251261383e-01 1.992801366951963138e-01 1.993478067054408054e-01 1.993544852564002601e-01 1.993022215126742935e-01
2.001836025901246319e-01 1.995040313071776983e-01 1.991911199365677676e-01 1.992173136969587199e-01 1.995389999613403353e-01
1.981857581498179810e-01 1.981897904882770345e-01 1.978781207581610524e-01 1.978433668283411107e-01 1.981712369779020655e-01
1.746538472806709319e-01 1.861200533581497674e-01 1.930977051630370644e-01 1.924351931682944661e-01 1.849113266333047845e-01
8.767282229350939482e-02 1.369933414027607876e-01 1.797561821965975581e-01 1.793887771864721703e-01 1.361056474476929068e-01
1.136823033134410320e-02 8.744908033364726108e-02 1.521865375579682933e-01 1.522441593993016096e-01 8.764596105790443958e-02
1.174255104591090254e-01 1.595701362316886140e-01 1.924546494014421905e-01 1.924174908340665346e-01 1.595082298138434662e-01
1.865405133807318816e-01 1.943682036927132373e-01 1.986707148112854537e-01 1.986010416318548799e-01 1.943293481993341176e-01
1.965848448982869257e-01 1.943508784900579434e-01 1.927490810480775030e-01 1.922531775983992997e-01 1.940895856831414690e-01
1.883397804148095878e-01 1.703216966697119472e-01 1.413999412185918680e-01 1.393996532474037764e-01 1.677453968359167713e-01
1.294377224377630253e-01 1.101058598711287667e-01 7.553719527470142969e-02 7.377080809053457311e-02 1.073978950117060738e-01
1.798762926005867124e-01 1.753209201388997163e-01 1.673941458290205686e-01 1.672644481373771752e-01 1.748642547193831331e-01
1.978236772506931918e-01 1.973690344174214018e-01 1.970626675975104825e-01 1.971184315914837060e-01 1.973409351446301085e-01
1.991638452962017358e-01 1.990985526472647815e-01 1.992946146424750820e-01 1.992861943392718604e-01 1.991073552746046582e-01
1.953651522704277499e-01 1.941115185223022677e-01 1.921758411635753061e-01 1.920826384444299650e-01 1.938737276743015270e-01
1.619293494695560609e-01 1.594367624940837003e-01 1.552122596839577151e-01 1.550240487747744089e-01 1.590032297382763249e-01
8.267856427195988123e-02 8.109050002809957414e-02 7.831740721884612733e-02 7.820295247438820152e-02 8.087097759967329380e-02
1.657855241127405010e-01 1.654614166981335788e-01 1.649040436142190091e-01 1.648939292552456526e-01 1.654513633114239879e-01
1.964663482435287656e-01 1.964390753167810921e-01 1.963900491942606741e-01 1.963877565869323882e-01 1.964415971087188351e-01
1.708867972949858205e-01 1.708888387610065507e-01 1.708896540612353243e-01 1.708884941382672051e-01 1.708902587123461159e-01
2.783245031781975826e-02 2.783387273120581720e-02 2.783582231914822833e-02 2.783579342753393290e-02 2.783444705895415580e-02
