2.033841136457162913e-01 2.033904208207172604e-01 2.033966771775412852e-01 2.033904201080256324e-01
2.442730110363921792e-01 2.442993448955629865e-01 2.443259023908196104e-01 2.442993419959094414e-01
2.336462653614114759e-01 2.336672643553198980e-01 2.336887067259550421e-01 2.336672626787860696e-01
2.250402298277795754e-01 2.249646581233113452e-01 2.248874652911401206e-01 2.249646639391451319e-01
2.244060571660831671e-01 2.244544385153253441e-01 2.245005669031503170e-01 2.244544307770173497e-01
2.193187171482163522e-01 2.193673830729486740e-01 2.194163491007918021e-01 2.193673771181327836e-01
2.260919748872100843e-01 2.261384482549963493e-01 2.261866348982244368e-01 2.261384440344851310e-01
2.299018387239814276e-01 2.299041987907944062e-01 2.299062704016017200e-01 2.299041950622273678e-01
2.320627595280378985e-01 2.319863034644693844e-01 2.319055294836717407e-01 2.319863140485830533e-01
2.242578233643579833e-01 2.242952711533709731e-01 2.243314842611408566e-01 2.242952655996597600e-01
2.177989207666159444e-01 2.177666871010479621e-01 2.177377901137847183e-01 2.177666842670655245e-01
2.237501954981818142e-01 2.236217363677387160e-01 2.234834925566332453e-01 2.236217373552103760e-01
2.301281160550371907e-01 2.301389078091607976e-01 2.301276186172139804e-01 2.301388956665667562e-01
2.282788322518193302e-01 2.285133582944718356e-01 2.287679557526044460e-01 2.285133619504258196e-01
2.252527385954863348e-01 2.250236984543077523e-01 2.248430020999097334e-01 2.250237012522668389e-01
2.192549555408729312e-01 2.190198160603043231e-01 2.188002595809137585e-01 2.190198220558343123e-01
2.256038622579915331e-01 2.253573338673817983e-01 2.250812341964958663e-01 2.253573452178940506e-01
2.292362478562391670e-01 2.292868280117299762e-01 2.292846003359642615e-01 2.292868128685069951e-01
2.305103982022239095e-01 2.308841858902898336e-01 2.313001625043419884e-01 2.308841870455906609e-01
2.241913517451153692e-01 2.239178684408071329e-01 2.237119520427149622e-01 2.239178790134982167e-01
2.177280488971856942e-01 2.177620634662502386e-01 2.178182756666060538e-01 2.177620708229407454e-01
2.234960955778061420e-01 2.238340527643698508e-01 2.244584636486131046e-01 2.238340572900037739e-01
2.310737313910377899e-01 2.309683107759079590e-01 2.311955023880644944e-01 2.309683116434490813e-01
2.297820324879307208e-01 2.291923011257945564e-01 2.278246610754184609e-01 2.291922988939700812e-01
2.246047149003787269e-01 2.260562596325869367e-01 2.262660058096399029e-01 2.260562617285620246e-01
2.181808564681777252e-01 2.194471100189019364e-01 2.206511472039722754e-01 2.194471089751839632e-01
2.238803051428742141e-01 2.247860499160285463e-01 2.274988624127690928e-01 2.247860450677326150e-01
2.273874095631771286e-01 2.265018266219251120e-01 2.270318717343096093e-01 2.265018405146995983e-01
2.377571010811285190e-01 2.350591532945435214e-01 2.279706582199935994e-01 2.350591488093179693e-01
2.380919263705329469e-01 2.376734709142934721e-01 2.431239171784266295e-01 2.376734677227766435e-01
1.829351516956343460e-01 1.967480466119579663e-01 2.711176006042828601e-01 1.967480461790762358e-01
