1.875706557141730221e-02 1.875700381011585413e-02 1.875693962858383107e-02 1.875700062608343099e-02
1.640034619444149244e-01 1.640025836853196139e-01 1.640016627328594045e-01 1.640025380215387463e-01
1.613522510596581139e-01 1.613443578956929858e-01 1.613363756095885504e-01 1.613442557499424057e-01
1.620530066636760580e-01 1.620260255138716854e-01 1.619990747022179711e-01 1.620259991153459034e-01
2.024798260808927386e-01 2.024686599769894291e-01 2.024575701789982640e-01 2.024686590196647651e-01
2.118477984357870492e-01 2.118478375849951190e-01 2.118478955803978492e-01 2.118478378263105311e-01
2.003011859654431626e-01 2.003003508878833383e-01 2.002994540891842312e-01 2.003003384924194052e-01
1.386059705932092823e-01 1.385838264303453360e-01 1.385616217945713491e-01 1.385837965068575095e-01
1.386968302252324370e-01 1.386107637691089134e-01 1.385248469735168853e-01 1.386107562888954925e-01
2.004086818446850216e-01 2.003701826807253172e-01 2.003320298817804768e-01 2.003701825637916878e-01
2.120244774982769087e-01 2.120217035856963306e-01 2.120193283966480546e-01 2.120217041775433187e-01
2.016516302063147970e-01 2.016523890002782093e-01 2.016533615571995397e-01 2.016523933311133443e-01
1.527181588345422059e-01 1.527241172332339525e-01 1.527294771586068245e-01 1.527241264783518737e-01
1.524473147022746000e-01 1.524618493727593060e-01 1.524748085130903097e-01 1.524618526330547008e-01
2.014547869505166067e-01 2.014536169352673656e-01 2.014523246396787981e-01 2.014536174686468173e-01
2.119719962042445893e-01 2.119619133127970401e-01 2.119548935703159387e-01 2.119619136205675158e-01
2.014623978259970638e-01 2.014705796166328666e-01 2.014802269256930900e-01 2.014705845962610764e-01
1.520586450742859586e-01 1.523023481625762621e-01 1.525374315199675146e-01 1.523023596921161404e-01
1.514001087340923757e-01 1.523294172362059662e-01 1.532436131806227675e-01 1.523294211905385775e-01
2.006977136944644025e-01 2.011176974795537975e-01 2.015459869608614285e-01 2.011176980962341987e-01
2.119515005831716092e-01 2.119599351032385448e-01 2.119948682248270766e-01 2.119599352531456871e-01
2.003856617463948275e-01 2.003991290722372254e-01 2.003773814085810512e-01 2.003991314855375905e-01
1.380768180939991041e-01 1.386638108316453344e-01 1.391213946718452554e-01 1.386638164970689091e-01
1.326073708446194599e-01 1.349166052648321235e-01 1.372370399354605197e-01 1.349166073797561372e-01
1.898405200361865663e-01 1.916871208209807720e-01 1.940143907953683355e-01 1.916871212242007849e-01
2.102655923388445647e-01 2.108242809808909823e-01 2.118761803561022006e-01 2.108242810977629389e-01
2.024994206930517682e-01 2.024634888058966242e-01 2.015694729353016967e-01 2.024634900252738623e-01
1.605996931574582010e-01 1.575228596077097309e-01 1.514837879107139018e-01 1.575228623155678631e-01
1.100919618279620898e-01 9.545434041586325913e-02 7.755234947828629211e-02 9.545434110719981657e-02
2.634747834913290024e-02 1.864181680460837848e-02 8.969659960405090143e-03 1.864181684269863512e-02
2.974403625772794723e-03 1.909249701423236566e-03 6.127132048214096430e-05 1.909249699471756139e-03
