1.883771889168492711e-02 1.883771774920044509e-02 1.883771659143290353e-02 1.883771767470085803e-02
1.659472542123506533e-01 1.659472382270399393e-01 1.659472213849671196e-01 1.659472370895174465e-01
1.828152210451352566e-01 1.828150860958352997e-01 1.828149496977670707e-01 1.828150835065276425e-01
1.830478278518699875e-01 1.830473779848953431e-01 1.830469314738044917e-01 1.830473772017671141e-01
2.041146661046525923e-01 2.041144883668814525e-01 2.041143152810305783e-01 2.041144882728765375e-01
2.118516525571557119e-01 2.118516630336975959e-01 2.118516717120936532e-01 2.118516630081734298e-01
2.028052623321585091e-01 2.028052202918195490e-01 2.028051701005292307e-01 2.028052198101279457e-01
1.690562370034632278e-01 1.690554402481860008e-01 1.690546454577242230e-01 1.690554391206902096e-01
1.693125080823426332e-01 1.693095375968630412e-01 1.693066068091808041e-01 1.693095372912698238e-01
2.030289558967293129e-01 2.030277216687133013e-01 2.030265371120429096e-01 2.030277216433762355e-01
2.120647865659948672e-01 2.120648101618456960e-01 2.120648280057969848e-01 2.120648101614596992e-01
2.020434254126203533e-01 2.020432730881358829e-01 2.020430660119622579e-01 2.020432730272656852e-01
1.585172605826170034e-01 1.585138038568196239e-01 1.585103666433570757e-01 1.585138037078184792e-01
1.586381074360365129e-01 1.586250205010711622e-01 1.586122123426617347e-01 1.586250205309191474e-01
2.021214987148592934e-01 2.021159265858191445e-01 2.021107069033170056e-01 2.021159266030038981e-01
2.120700259157612677e-01 2.120700261791167995e-01 2.120700265150523012e-01 2.120700261762008543e-01
2.021131772201356647e-01 2.021127090674390281e-01 2.021119368221793444e-01 2.021127092354854660e-01
1.586001387143769759e-01 1.585879453325689803e-01 1.585758622132668327e-01 1.585879457616162225e-01
1.585241066097542728e-01 1.584775308330920729e-01 1.584325283591552502e-01 1.584775311193739322e-01
2.020604926870728790e-01 2.020401568138295578e-01 2.020218378405889137e-01 2.020401568847999263e-01
2.120651857696855269e-01 2.120648364882747050e-01 2.120646838441232751e-01 2.120648364870403590e-01
2.030222437136056657e-01 2.030211857143204568e-01 2.030187723524596866e-01 2.030211859538339492e-01
1.692610485270577558e-01 1.692262097713140290e-01 1.691917294675733263e-01 1.692262104544910994e-01
1.691061239563521890e-01 1.689709200963454006e-01 1.688423779036707650e-01 1.689709207504590249e-01
2.028629287205683251e-01 2.027987279309753921e-01 2.027442177553934466e-01 2.027987281489864180e-01
2.118639261184706024e-01 2.118611835351358608e-01 2.118686075483365572e-01 2.118611835538670718e-01
2.041114125740461360e-01 2.041101524928142785e-01 2.041196050834501730e-01 2.041101526555166856e-01
1.830576833281294391e-01 1.830170606560291291e-01 1.829145294680753209e-01 1.830170612549298359e-01
1.834886173391459263e-01 1.830258577471409465e-01 1.821261535983146052e-01 1.830258588161788325e-01
1.686854530403797126e-01 1.662441231318500523e-01 1.626050659971814416e-01 1.662441235735219458e-01
2.039846846821429666e-02 1.895621489100116422e-02 1.613337377730019936e-02 1.895621491993748284e-02
