1.886330778088023130e-02 1.886330559922051037e-02 1.886330351885566123e-02 1.886330559149716410e-02
1.665625817552150445e-01 1.665625515605912155e-01 1.665625211450688647e-01 1.665625513768769494e-01
1.895889521378418263e-01 1.895886960437167534e-01 1.895884404571889226e-01 1.895886956080425345e-01
1.896114266634161272e-01 1.896105740617081981e-01 1.896097338785326936e-01 1.896105739216509822e-01
2.045926322349943538e-01 2.045923068455055283e-01 2.045920019614502483e-01 2.045923068220488195e-01
2.118677993764106482e-01 2.118678328198024263e-01 2.118678622240914855e-01 2.118678328157433399e-01
2.045348600453254229e-01 2.045347267764591470e-01 2.045345511700419894e-01 2.045347266631670768e-01
1.893469169725291446e-01 1.893446047666207388e-01 1.893422820295096454e-01 1.893446044885021551e-01
1.893550170672759492e-01 1.893465160033052375e-01 1.893382080421310842e-01 1.893465158972158779e-01
2.045946474068103260e-01 2.045912764562494435e-01 2.045882304604435264e-01 2.045912764330825306e-01
2.120692585321724000e-01 2.120695118403792823e-01 2.120697729803297515e-01 2.120695118390758527e-01
2.045880114309251152e-01 2.045871145975501626e-01 2.045856805283887692e-01 2.045871145418457215e-01
1.892998687527599477e-01 1.892816778801897915e-01 1.892632275365924155e-01 1.892816777358436731e-01
1.893389099726498492e-01 1.892710555013919493e-01 1.892054543465715721e-01 1.892710554325701955e-01
2.045859866573940811e-01 2.045592128342617610e-01 2.045367440072821674e-01 2.045592128154731515e-01
2.120644795510654157e-01 2.120665862752960096e-01 2.120695518616905750e-01 2.120665862718940087e-01
2.045759608806678453e-01 2.045703103200617323e-01 2.045580452604925104e-01 2.045703102837330700e-01
1.891954217401054794e-01 1.890593308205157086e-01 1.889176338462873472e-01 1.890593307217366126e-01
1.893665428099417514e-01 1.888520710649496670e-01 1.883620236694004135e-01 1.888520710070365205e-01
2.042677098597885377e-01 2.040803669543156118e-01 2.039497131270868735e-01 2.040803669394913311e-01
2.119868022907056837e-01 2.120114301809859769e-01 2.120582652959477066e-01 2.120114301840158866e-01
2.045533247547161593e-01 2.045238299352374889e-01 2.044112567087974508e-01 2.045238299268799520e-01
1.891539097797681757e-01 1.881706780687310565e-01 1.870770098736031228e-01 1.881706780171956139e-01
1.883716225411768974e-01 1.845909238663422658e-01 1.810597185343197080e-01 1.845909237662195779e-01
1.970228729592312378e-01 1.961530287807530804e-01 1.960591575731810143e-01 1.961530287392831418e-01
2.104106382734286518e-01 2.108830528737315191e-01 2.118815777302640868e-01 2.108830528725408326e-01
2.045452763235772742e-01 2.044533424362330876e-01 2.033466925417502236e-01 2.044533424406049515e-01
1.895532121856315644e-01 1.830487385395584143e-01 1.736792644382910145e-01 1.830487384868743905e-01
1.514016497763767677e-01 1.231717790770171239e-01 9.253642936703855570e-02 1.231717788501462685e-01
3.930326196116025461e-02 2.482669041541695973e-02 9.398760789564595056e-03 2.482669030879724320e-02
4.325809883465698072e-03 2.425811223199163952e-03 7.034630779288299847e-05 2.425811212045024274e-03
