2.795061730823660689e-02 2.795061728127961123e-02 2.795061730262797181e-02 2.795061733296138815e-02 2.795061733543657140e-02
1.714457218737237831e-01 1.714457218004890038e-01 1.714457218382073322e-01 1.714457218781464953e-01 1.714457218483061429e-01
2.005916798664689193e-01 2.005916797195494983e-01 2.005916797477952374e-01 2.005916797650581507e-01 2.005916796158826731e-01
2.002266413750134755e-01 2.002266412283290331e-01 2.002266410893647208e-01 2.002266409656635049e-01 2.002266407901067413e-01
1.999999150823885685e-01 1.999999150917580459e-01 1.999999148723126952e-01 1.999999146652466919e-01 1.999999146595179966e-01
1.998321205983205895e-01 1.998321206790166504e-01 1.998321205998571937e-01 1.998321205336975326e-01 1.998321206107581960e-01
1.999548728728523239e-01 1.999548728640791750e-01 1.999548728850029378e-01 1.999548728653251506e-01 1.999548728719376112e-01
1.999985233718135635e-01 1.999985232203054242e-01 1.999985232607116581e-01 1.999985232712133409e-01 1.999985231217729642e-01
1.999996617135806065e-01 1.999996615967007674e-01 1.999996613973733794e-01 1.999996612072055813e-01 1.999996610355250504e-01
1.999983678012342558e-01 1.999983678768187112e-01 1.999983675703915498e-01 1.999983672673027457e-01 1.999983672982170446e-01
1.999994842280662100e-01 1.999994843526036736e-01 1.999994842455582456e-01 1.999994841537962031e-01 1.999994842532868133e-01
1.999999382039631401e-01 1.999999382137578885e-01 1.999999382298888739e-01 1.999999382271523685e-01 1.999999382382559587e-01
1.999996854766432908e-01 1.999996853349048642e-01 1.999996853760726001e-01 1.999996854078050779e-01 1.999996852500851852e-01
1.999935928523664252e-01 1.999935927831162086e-01 1.999935925634741540e-01 1.999935923494287338e-01 1.999935921322334165e-01
1.999723391170022124e-01 1.999723392502471275e-01 1.999723389057155298e-01 1.999723385459147573e-01 1.999723385427194244e-01
1.999947633587803586e-01 1.999947634955139553e-01 1.999947633574729322e-01 1.999947632428642486e-01 1.999947633429749461e-01
1.999999999254734595e-01 1.999999999322938371e-01 1.999999999358332836e-01 1.999999999306992238e-01 1.999999999351134428e-01
1.999947605796740802e-01 1.999947604387667666e-01 1.999947604701450554e-01 1.999947605153122032e-01 1.999947603470586532e-01
1.998922729957697264e-01 1.998922729342224036e-01 1.998922726607485767e-01 1.998922724450482302e-01 1.998922722314875333e-01
1.995348643071465922e-01 1.995348644498257940e-01 1.995348640402404561e-01 1.995348636564410194e-01 1.995348636673584808e-01
1.999117505108790327e-01 1.999117506509831277e-01 1.999117504891748665e-01 1.999117503646220262e-01 1.999117504644820631e-01
1.999999999855619492e-01 1.999999999985429266e-01 1.999999999953211149e-01 1.999999999935627715e-01 2.000000000004234502e-01
1.999119941297160252e-01 1.999119939953809266e-01 1.999119940235093429e-01 1.999119940714922383e-01 1.999119939135364510e-01
1.981882483001652095e-01 1.981882482324592576e-01 1.981882479606782432e-01 1.981882477534545328e-01 1.981882475544580191e-01
1.921393479834717644e-01 1.921393481190022123e-01 1.921393477164672348e-01 1.921393473524138640e-01 1.921393473704489097e-01
1.983525868619571420e-01 1.983525870062061713e-01 1.983525868451366525e-01 1.983525867379165031e-01 1.983525868327857544e-01
2.000000000049688698e-01 2.000000000178607795e-01 2.000000000195472638e-01 2.000000000208106699e-01 2.000000000327710470e-01
1.987471083902777880e-01 1.987471082608363027e-01 1.987471082961052571e-01 1.987471083312294662e-01 1.987471081963610442e-01
1.701708138748879995e-01 1.701708137997131887e-01 1.701708135416547529e-01 1.701708133371959419e-01 1.701708131845846572e-01
4.011063807248296115e-02 4.011063810223729209e-02 4.011063782029752195e-02 4.011063755490022753e-02 4.011063753097268703e-02
3.087693072902889316e-03 3.087693067601116406e-03 3.087693049307287715e-03 3.087693029648900817e-03 3.087693021468804460e-03
