3.082881660415987945e-03 3.084046609277457055e-03 3.084773596506030623e-03 3.084773593833541657e-03 3.084046610140856251e-03
4.008763007894643182e-02 4.009256300560478520e-02 4.009256351071635582e-02 4.009256357193052844e-02 4.009256309943474983e-02
1.701610747456905048e-01 1.701691067857096784e-01 1.701659403541682936e-01 1.701659403646777202e-01 1.701691067954282099e-01
1.987427238015819775e-01 1.987486556003906779e-01 1.987466662025681730e-01 1.987466659002839753e-01 1.987486552012940610e-01
1.999986137705230538e-01 1.999991777377964630e-01 1.999998461070925382e-01 1.999998457911101313e-01 1.999991773577523002e-01
1.983623647710007765e-01 1.983536132676941011e-01 1.983472333013315547e-01 1.983472333651942199e-01 1.983536133615383668e-01
1.921532477644574688e-01 1.921485905255635174e-01 1.921390267868179069e-01 1.921390271470418132e-01 1.921485909972859563e-01
1.981769921533984014e-01 1.981903532525645661e-01 1.981883715182167216e-01 1.981883717101210196e-01 1.981903534901328368e-01
1.998248255700510734e-01 1.998812035421954070e-01 1.999099386514875121e-01 1.999099383025508825e-01 1.998812030810369900e-01
1.996326736888738573e-01 1.997936059023666944e-01 1.999790790897013892e-01 1.999790786893487771e-01 1.997936054303789954e-01
1.994770554871418966e-01 1.994954173135945474e-01 1.997421291205896121e-01 1.997421291576828573e-01 1.994954173888706384e-01
1.996431547301718290e-01 1.993415256307144445e-01 1.995167658145669265e-01 1.995167661229294287e-01 1.993415260390095645e-01
1.982479614902988296e-01 1.993553478266018308e-01 1.998909758265542402e-01 1.998909759679220466e-01 1.993553479985356036e-01
1.804866448226415121e-01 1.930306607733181801e-01 1.996927563261872429e-01 1.996927558744883979e-01 1.930306601487465079e-01
9.765321543935101545e-02 1.510976162086351549e-01 1.957571281534229435e-01 1.957571276433229812e-01 1.510976156015805261e-01
5.898386528866305821e-04 8.555539027126368712e-02 1.623492871201062393e-01 1.623492870479325001e-01 8.555539029109270055e-02
9.765321547816997738e-02 1.510976163447965426e-01 1.957571278888589894e-01 1.957571280697322780e-01 1.510976166867775139e-01
1.804866445550895038e-01 1.930306604140828164e-01 1.996927558516661816e-01 1.996927560080923592e-01 1.930306606907261080e-01
1.982479604053385414e-01 1.993553475390728580e-01 1.998909759663320407e-01 1.998909754345352119e-01 1.993553468330150347e-01
1.996431520600976672e-01 1.993415237039095622e-01 1.995167639651477531e-01 1.995167632916600986e-01 1.993415228122858429e-01
1.994770548858450510e-01 1.994954167223666475e-01 1.997421279600449240e-01 1.997421279022522644e-01 1.994954166751684577e-01
1.996326730649272962e-01 1.997936052725252376e-01 1.999790778549412895e-01 1.999790779830292187e-01 1.997936054992950350e-01
1.998248253401470886e-01 1.998812032672764860e-01 1.999099381283111765e-01 1.999099381648132001e-01 1.998812033473671701e-01
1.981769912900874508e-01 1.981903531910567395e-01 1.981883717774542975e-01 1.981883711411677740e-01 1.981903523155196245e-01
1.921532452952886827e-01 1.921485888378677009e-01 1.921390251533384441e-01 1.921390244563044303e-01 1.921485877864200498e-01
1.983623640615596873e-01 1.983536127075160860e-01 1.983472323659366265e-01 1.983472322500018925e-01 1.983536125618469426e-01
1.999986130528261241e-01 1.999991770576930727e-01 1.999998448906849802e-01 1.999998449673283663e-01 1.999991771728271694e-01
1.987427234354560979e-01 1.987486552884970281e-01 1.987466656481256810e-01 1.987466656809086796e-01 1.987486553369847697e-01
1.701610748668953288e-01 1.701691077869849356e-01 1.701659416643348244e-01 1.701659411962223034e-01 1.701691071157639956e-01
4.008763309113572842e-02 4.009256679027437681e-02 4.009256761505480826e-02 4.009256715163321549e-02 4.009256606336029927e-02
3.082882278489577649e-03 3.084047291139372076e-03 3.084774314125512257e-03 3.084774271358933784e-03 3.084047209506327134e-03
