1.744564429296941999e-01 1.744467373769283680e-01 1.744512354358240258e-01 1.744512354070855698e-01 1.744467372751450085e-01
2.213665093675302731e-01 2.213511994479183953e-01 2.213515823057016496e-01 2.213515822802537281e-01 2.213511992938701212e-01
2.037858039254419606e-01 2.037890654588795925e-01 2.037682689908104361e-01 2.037682689643031120e-01 2.037890653154311726e-01
2.004264440063502350e-01 2.004730131133260762e-01 2.004213750510051295e-01 2.004213750092997959e-01 2.004730130336440930e-01
2.000116075498051260e-01 2.000296397750738198e-01 2.000149635890211830e-01 2.000149636164388067e-01 2.000296397130528203e-01
2.003285792779701813e-01 2.000124353229873198e-01 2.001037822798538979e-01 2.001037823149825201e-01 2.000124352179065979e-01
2.004706878489804500e-01 2.000482183669272662e-01 2.000328630793910822e-01 2.000328631051539185e-01 2.000482182930993780e-01
2.003918813655095887e-01 2.006721840830611170e-01 2.000139608643879963e-01 2.000139608722717177e-01 2.006721841543995799e-01
2.004348109056987570e-01 2.018564761253141548e-01 2.003425838564859285e-01 2.003425838335669562e-01 2.018564762799061052e-01
2.003410760109910760e-01 2.008788362413417572e-01 2.004462780578824266e-01 2.004462781496409440e-01 2.008788362873619726e-01
2.088085842485796206e-01 2.000028393628506818e-01 2.024900405588010988e-01 2.024900406843580802e-01 2.000028393456587950e-01
2.125672920676001665e-01 2.008812146830563916e-01 2.004479640691445574e-01 2.004479641051728211e-01 2.008812147162203632e-01
2.098437613771149679e-01 2.185645470830772097e-01 2.003392763483656525e-01 2.003392763363465445e-01 2.185645473266739358e-01
2.065441418983886002e-01 2.490295602160085553e-01 2.093236373334842748e-01 2.093236373253766491e-01 2.490295605075976415e-01
2.046693522354973704e-01 2.118435427289491746e-01 2.109185309993239221e-01 2.109185311241912331e-01 2.118435427989929787e-01
5.785968289494127781e-01 1.916960398335519900e-01 2.578668538576044389e-01 2.578668539028520779e-01 1.916960398948976685e-01
2.046693525438934846e-01 2.118435429754116361e-01 2.109185311957278985e-01 2.109185312123114109e-01 2.118435430747006576e-01
2.065441419559009284e-01 2.490295617581810561e-01 2.093236376383779684e-01 2.093236376741700322e-01 2.490295617339116918e-01
2.098437618022813145e-01 2.185645485494552009e-01 2.003392765450405510e-01 2.003392765702930456e-01 2.185645484271750150e-01
2.125672936716687389e-01 2.008812150141461861e-01 2.004479643255658861e-01 2.004479643284795554e-01 2.008812150129939689e-01
2.088085868676967938e-01 2.000028394560967593e-01 2.024900413960566692e-01 2.024900413232787466e-01 2.000028395133129910e-01
2.003410764686923695e-01 2.008788366704010731e-01 2.004462783973249285e-01 2.004462783541058057e-01 2.008788366838782091e-01
2.004348110347861645e-01 2.018564776740230937e-01 2.003425841551999820e-01 2.003425841544638486e-01 2.018564775976447456e-01
2.003918817295862187e-01 2.006721851333339579e-01 2.000139609530157958e-01 2.000139609483330694e-01 2.006721850566798027e-01
2.004706888399457876e-01 2.000482185108159450e-01 2.000328632047598254e-01 2.000328631843740490e-01 2.000482184886768766e-01
2.003285805091580274e-01 2.000124351890562313e-01 2.001037826128825026e-01 2.001037825748547272e-01 2.000124351954453150e-01
2.000116074132596566e-01 2.000296397347847699e-01 2.000149635530017456e-01 2.000149635382494073e-01 2.000296397537228710e-01
2.004264437505906271e-01 2.004730134281333953e-01 2.004213750210335487e-01 2.004213750305158248e-01 2.004730134710998868e-01
2.037858036442488641e-01 2.037890653881622161e-01 2.037682687513226731e-01 2.037682687627902778e-01 2.037890654879828956e-01
2.213665091338500868e-01 2.213511991488908148e-01 2.213515820606166418e-01 2.213515820769793030e-01 2.213511992362107161e-01
1.744564427326547318e-01 1.744467370512004512e-01 1.744512352302142466e-01 1.744512352354159468e-01 1.744467371316425486e-01
