2.033840872311870329e-01 2.033903952649007418e-01 2.033966533397472409e-01 2.033903952062217357e-01
2.442729665188103083e-01 2.442993072904134644e-01 2.443258741741413109e-01 2.442993070058018523e-01
2.336461954739871838e-01 2.336672015942559133e-01 2.336886499042115650e-01 2.336672011926432257e-01
2.250402047210839085e-01 2.249646160052197752e-01 2.248873951089508105e-01 2.249646156525310359e-01
2.244060256774190465e-01 2.244544226787230923e-01 2.245005699003316257e-01 2.244544219533537721e-01
2.193187065880062570e-01 2.193673807463456249e-01 2.194163599790470986e-01 2.193673802104821879e-01
2.260919836766949187e-01 2.261384597361091042e-01 2.261866528437439239e-01 2.261384590846491904e-01
2.299018722955331051e-01 2.299042333804570681e-01 2.299063067038235042e-01 2.299042341093710806e-01
2.320627927155265724e-01 2.319863326253958913e-01 2.319055438580144013e-01 2.319863330444512095e-01
2.242578338826013429e-01 2.242952828314853098e-01 2.243315032463572001e-01 2.242952817723500858e-01
2.177989272912925212e-01 2.177666885009461317e-01 2.177377902578715996e-01 2.177666878746826462e-01
2.237502110655309184e-01 2.236217389095970509e-01 2.234834807824360170e-01 2.236217385649424128e-01
2.301280990000442728e-01 2.301388987753538451e-01 2.301276247185529700e-01 2.301388977432201888e-01
2.282788210051112099e-01 2.285133616442935611e-01 2.287679694650824047e-01 2.285133638544116497e-01
2.252527553471787292e-01 2.250237000057428716e-01 2.248429870428766686e-01 2.250236994342628416e-01
2.192549715846006941e-01 2.190198194038639745e-01 2.188002474994697466e-01 2.190198197167314564e-01
2.256038894070969969e-01 2.253573466138493742e-01 2.250812225636622810e-01 2.253573476732499692e-01
2.292362533178966544e-01 2.292868459430728867e-01 2.292846382782661729e-01 2.292868434775155451e-01
2.305104070051064158e-01 2.308842054493362439e-01 2.313001929142492752e-01 2.308842068812440307e-01
2.241913844324520677e-01 2.239178830838210732e-01 2.237119466596471096e-01 2.239178839166029722e-01
2.177280626675688890e-01 2.177620694745071861e-01 2.178182730910712683e-01 2.177620705360155395e-01
2.234960958796055608e-01 2.238340548977515165e-01 2.244584645013707469e-01 2.238340561888019220e-01
2.310737267803902595e-01 2.309683071367683027e-01 2.311954885556720962e-01 2.309683064943069408e-01
2.297820318917141724e-01 2.291923012919688807e-01 2.278246620640662357e-01 2.291923008632471004e-01
2.246047109039047696e-01 2.260562529336602455e-01 2.262660066414455273e-01 2.260562538155586332e-01
2.181808486267861336e-01 2.194471066040720175e-01 2.206511591289663510e-01 2.194471071331629553e-01
2.238802900784753191e-01 2.247860472308141622e-01 2.274988861416629427e-01 2.247860475406932568e-01
2.273874500066277449e-01 2.265018494609400412e-01 2.270318595033546938e-01 2.265018502828808900e-01
2.377571086342851192e-01 2.350591676971062749e-01 2.279706634351103545e-01 2.350591668810273760e-01
2.380919160133568857e-01 2.376734765356323109e-01 2.431239345521573891e-01 2.376734767735988185e-01
1.829351504320777810e-01 1.967480468094641444e-01 2.711176106996288637e-01 1.967480468596254084e-01
