1.886371135233497198e-02 1.886371133048321894e-02 1.886371129721146900e-02 1.886371131411752194e-02
1.665318908422575850e-01 1.665318905487511436e-01 1.665318899008340070e-01 1.665318901703202459e-01
1.891775677224429020e-01 1.891775661427848032e-01 1.891775636892364387e-01 1.891775652108548811e-01
1.892149475968929184e-01 1.892149433680372084e-01 1.892149388053928627e-01 1.892149429032664310e-01
2.045704324403604391e-01 2.045704309764601325e-01 2.045704294905356657e-01 2.045704308346745215e-01
2.118732753141213954e-01 2.118732756122303496e-01 2.118732757715032777e-01 2.118732755840540827e-01
2.041273118318925883e-01 2.041273102951557117e-01 2.041273081897845565e-01 2.041273100666025075e-01
1.845671670741466097e-01 1.845671461526404988e-01 1.845671249963358185e-01 1.845671455131975003e-01
1.847679653156378832e-01 1.847678917306875002e-01 1.847678202502835987e-01 1.847678910903808869e-01
2.042808072377635398e-01 2.042807799488442488e-01 2.042807554222497157e-01 2.042807795873148868e-01
2.118752369252671353e-01 2.118752433783178402e-01 2.118752472804179277e-01 2.118752433415335978e-01
1.993516230617750906e-01 1.993516093696816316e-01 1.993515881703062098e-01 1.993516092612344082e-01
1.374180472888635041e-01 1.374177554716661254e-01 1.374174687694571240e-01 1.374177555026907249e-01
1.378950570943916487e-01 1.378939670871274503e-01 1.378929261611836488e-01 1.378939673048832359e-01
1.996186773910275658e-01 1.996182062621542630e-01 1.996177969330198976e-01 1.996182062890550224e-01
2.117672798512964805e-01 2.117672898790756986e-01 2.117673012406144362e-01 2.117672897589612802e-01
1.996171683164442434e-01 1.996171509112641684e-01 1.996170828748718706e-01 1.996171512834676864e-01
1.378847944544226711e-01 1.378838569894974553e-01 1.378829391500128176e-01 1.378838581653854534e-01
1.374112384753990446e-01 1.374076655591994212e-01 1.374043690889295566e-01 1.374076666105568112e-01
1.993521622349634093e-01 1.993504918718157770e-01 1.993491888174452886e-01 1.993504923285847608e-01
2.118753038829818969e-01 2.118751930527266181e-01 2.118752029798429970e-01 2.118751931797503985e-01
2.042806419171070698e-01 2.042806198188353850e-01 2.042805170344402788e-01 2.042806200189239418e-01
1.847667934309746574e-01 1.847655403462119539e-01 1.847642114813048131e-01 1.847655409028906570e-01
1.845703929639784246e-01 1.845649565741697973e-01 1.845596490970694559e-01 1.845649574838236495e-01
2.041356703761798841e-01 2.041298991806507479e-01 2.041253201067520506e-01 2.041298995270700301e-01
2.118836404463434464e-01 2.118832820111209159e-01 2.118914823917593393e-01 2.118832820547521256e-01
2.045703542673679709e-01 2.045703907991924253e-01 2.045852234353522925e-01 2.045703908594148079e-01
1.892244201258527492e-01 1.892528454112172298e-01 1.892178743143193287e-01 1.892528456904228606e-01
1.896555308660235195e-01 1.894650042083698693e-01 1.888151281460138942e-01 1.894650049746990361e-01
1.691599722822097196e-01 1.668477950002635046e-01 1.633075522750377651e-01 1.668477953245476597e-01
2.041567145328223448e-02 1.898604566678636918e-02 1.616284582683211873e-02 1.898604568562763106e-02
