2.021079520091308146e-01 2.021080630930086330e-01 2.021081643543102824e-01 2.021080630866713412e-01
2.303630146933379197e-01 2.303634792947687748e-01 2.303639657439135180e-01 2.303634792852880531e-01
1.974743670447785815e-01 1.974747960324743645e-01 1.974753055785117561e-01 1.974747959870461200e-01
1.928701932130818808e-01 1.928688707855889251e-01 1.928673691998970818e-01 1.928688707431419624e-01
2.068262696331922279e-01 2.068274729614795193e-01 2.068282836088275178e-01 2.068274729527881661e-01
2.135011121449594540e-01 2.135032565432578855e-01 2.135052988538262420e-01 2.135032565441637165e-01
2.107229445004029922e-01 2.107267250347497900e-01 2.107312992423565623e-01 2.107267250424558203e-01
2.027331612270631411e-01 2.027344172904197439e-01 2.027368336326857978e-01 2.027344172708018255e-01
2.015353955566158706e-01 2.015267793904244875e-01 2.015159833533179679e-01 2.015267793900875903e-01
2.118133750233429091e-01 2.118222997365438176e-01 2.118271306685289290e-01 2.118222997322181667e-01
2.152230641927967425e-01 2.152348597991866064e-01 2.152458247456920937e-01 2.152348598017787551e-01
2.151686815414955434e-01 2.151852666878866782e-01 2.152078567686828425e-01 2.151852666925192503e-01
2.104852638763635153e-01 2.104888209725858939e-01 2.105006208306990922e-01 2.104888209515758946e-01
2.099253633249472950e-01 2.098891459324093989e-01 2.098369315913529154e-01 2.098891459438171903e-01
2.157085740132619889e-01 2.157530640248295495e-01 2.157689628617600608e-01 2.157530640243701947e-01
2.160692561599329431e-01 2.161171545964959695e-01 2.161599025303254373e-01 2.161171546040216163e-01
2.159568239684378776e-01 2.160108076377524888e-01 2.160999844964817673e-01 2.160108076463841398e-01
2.105988104779015491e-01 2.106027323525253014e-01 2.106526912886646785e-01 2.106027323464771950e-01
2.112095245378256270e-01 2.110964055362502256e-01 2.108901217722703725e-01 2.110964055545129781e-01
2.154514250852068713e-01 2.156363616148028739e-01 2.156619661480711214e-01 2.156363616111056092e-01
2.152980843716686687e-01 2.154558412036375603e-01 2.155890017985592488e-01 2.154558412019133007e-01
2.124004113751036538e-01 2.125275266317250278e-01 2.128215188018453830e-01 2.125275266330001189e-01
2.029841682673737824e-01 2.029595625431778461e-01 2.031353544288413693e-01 2.029595625510211276e-01
2.045406850444748403e-01 2.042976067014725117e-01 2.036119197323242869e-01 2.042976067128106366e-01
2.110362820009671625e-01 2.116698588473514830e-01 2.116082984319378468e-01 2.116698588386392577e-01
2.133678193303042425e-01 2.137692267677116231e-01 2.141319811717460331e-01 2.137692267650286582e-01
2.071787142373421042e-01 2.073385756918630918e-01 2.079643496542140091e-01 2.073385756884222331e-01
1.939459126576678072e-01 1.937569090666769744e-01 1.931777682746851632e-01 1.937569090995334420e-01
1.995283572943455097e-01 1.960275307407524092e-01 1.906598811311632780e-01 1.960275307658806976e-01
2.222117696766320039e-01 2.116801241810174206e-01 2.219912626687860491e-01 2.116801241788059673e-01
1.597927677092860488e-01 1.838500612920447586e-01 3.526874165261942862e-01 1.838500612891251773e-01
