2.020434369005188191e-01 2.020434372330185691e-01 2.020433628603378329e-01 2.020434999372422991e-01
2.291721887616595121e-01 2.291723802206005189e-01 2.291718835337353266e-01 2.291723868162967859e-01
1.943187479319030686e-01 1.943186438805807881e-01 1.943181812984052514e-01 1.943187227064743228e-01
1.907378285539614859e-01 1.907378513203439041e-01 1.907379430737117521e-01 1.907375060564527047e-01
2.060391109896640427e-01 2.060388322581548082e-01 2.060385474186535171e-01 2.060386642107070732e-01
2.185511496022206901e-01 2.185510551159356718e-01 2.185499196348088535e-01 2.185502184502951528e-01
2.317616868517042850e-01 2.317614434776490429e-01 2.317576731761146480e-01 2.317579608502964017e-01
2.786327424287207699e-01 2.786316722174850269e-01 2.786216114109019704e-01 2.786224214152333567e-01
2.786233579327049847e-01 2.786171349174308420e-01 2.785970755538280663e-01 2.786033144691844599e-01
2.327932137651946842e-01 2.327886802243084863e-01 2.327816459396552795e-01 2.327828616742515233e-01
2.247257956619738151e-01 2.247243000108126720e-01 2.247264238984245377e-01 2.247256848750374125e-01
2.326133239798462149e-01 2.326117919340834339e-01 2.326199759064322969e-01 2.326199708414587453e-01
2.786383207744015933e-01 2.786372865530827858e-01 2.786532711924603611e-01 2.786544307178732693e-01
2.786853192447749650e-01 2.786923757522574152e-01 2.786838313508836484e-01 2.786855594414251458e-01
2.315997964045114765e-01 2.316017873403519167e-01 2.315976375863690595e-01 2.315948744731302633e-01
2.185636361792719640e-01 2.185645688718447222e-01 2.185646389438077875e-01 2.185640341722311919e-01
2.061918306599287709e-01 2.061924312535763915e-01 2.061917201646364384e-01 2.061912120962989259e-01
1.908013353358233022e-01 1.908013710116596706e-01 1.908012735784559988e-01 1.908013092945541889e-01
1.907998361730630088e-01 1.907996045219274295e-01 1.907998698919261271e-01 1.907996519275323155e-01
2.061870981511593481e-01 2.061868017735591085e-01 2.061869526716390844e-01 2.061869618384968295e-01
2.185671961568726451e-01 2.185671980116157265e-01 2.185671330123691025e-01 2.185672023381125262e-01
2.316794720627504134e-01 2.316796573193680431e-01 2.316797448040076313e-01 2.316797265735606737e-01
2.784214044497632656e-01 2.784218641514099035e-01 2.784221137659095291e-01 2.784217398916822295e-01
2.784163674893709306e-01 2.784173079415652174e-01 2.784181418035933109e-01 2.784173647246853678e-01
2.316824248711996381e-01 2.316819134271943526e-01 2.316824052639382125e-01 2.316819388152126791e-01
2.185197719778723957e-01 2.185208999618685477e-01 2.185252460885301895e-01 2.185209041415191455e-01
2.059205268762273888e-01 2.059208304633226017e-01 2.059048749456894034e-01 2.059208334183819378e-01
1.903396732672236746e-01 1.903287688745300410e-01 1.902277286846336402e-01 1.903287691676554816e-01
1.939373818269536642e-01 1.935840273161527902e-01 1.933032104934705731e-01 1.935840279267365405e-01
2.283477810847471534e-01 2.273444949208999477e-01 2.287007532660485232e-01 2.273444949977434237e-01
1.984011191187401157e-01 2.009047430193557360e-01 2.137441867502810067e-01 2.009047430170084747e-01
