1.845699274239663290e-01 1.814696823055687025e-01 1.830239702889344955e-01 1.830239714058690126e-01 1.814696860803764467e-01
2.253934286280311061e-01 2.232992123979798682e-01 2.239234305519191004e-01 2.239234325342982224e-01 2.232992144196113971e-01
2.062979987521149361e-01 2.076245618619856903e-01 2.054997218259464742e-01 2.054997257155193879e-01 2.076245682648602264e-01
2.062778943338798021e-01 2.113506284034602500e-01 2.076258999932282800e-01 2.076258998706032033e-01 2.113506247655975723e-01
2.008684875542534887e-01 2.002203236395310448e-01 2.002777975502038343e-01 2.002777993818437297e-01 2.002203169057127918e-01
2.197326684280486997e-01 2.035537864211573456e-01 2.108820911685937161e-01 2.108820953879989024e-01 2.035537960045142036e-01
2.062317201350859219e-01 2.017342695934844499e-01 2.024638887165648438e-01 2.024638895638685709e-01 2.017342682526122588e-01
2.010064051873534374e-01 2.093018245420426304e-01 2.014304588498199711e-01 2.014304570953030504e-01 2.093018355231267003e-01
2.028701450493781422e-01 2.160864776480857785e-01 2.062452452363095212e-01 2.062452499245807647e-01 2.160864604175952164e-01
2.035167437147672176e-01 2.008916015775255026e-01 2.011249388635081847e-01 2.011249435595808543e-01 2.008915829332650893e-01
2.331165390435050999e-01 2.015650746080271949e-01 2.149263804472811845e-01 2.149263961064848683e-01 2.015650803971429650e-01
2.090282905198807550e-01 2.017505037600783868e-01 2.024514851680548899e-01 2.024514850271660338e-01 2.017505037705440707e-01
2.000916520960993039e-01 2.178529130547563752e-01 2.026975390926389897e-01 2.026975259479331382e-01 2.178529275374258556e-01
2.004897061245790035e-01 2.224435519061595812e-01 2.055924895171034883e-01 2.055924912144833916e-01 2.224435392581425863e-01
2.079470583156453611e-01 2.009399892016551226e-01 2.024354949347306476e-01 2.024355025777283545e-01 2.009399667816358370e-01
2.616432356477945698e-01 2.005474409276835068e-01 2.199024644802985984e-01 2.199024821286766629e-01 2.005474444617007246e-01
2.079496540008888283e-01 2.009409145989204948e-01 2.024368923963803246e-01 2.024368930777193931e-01 2.009409150314881431e-01
2.004871396499685876e-01 2.224386221267645181e-01 2.055882993166554262e-01 2.055882802270123655e-01 2.224386401917338996e-01
2.000906308434966530e-01 2.178552313255290585e-01 2.026992448525762047e-01 2.026992452284344381e-01 2.178552244912131397e-01
2.090253691413785642e-01 2.017492934559419193e-01 2.024498894023077644e-01 2.024498996611330537e-01 2.017492800375566553e-01
2.331134928628965097e-01 2.015623321616445696e-01 2.149236115773431877e-01 2.149236264353035775e-01 2.015623322223171199e-01
2.035181248818531130e-01 2.008920588759128267e-01 2.011256374368358135e-01 2.011256387974526549e-01 2.008920572438502861e-01
2.028658510438655638e-01 2.160807097971253754e-01 2.062401680018794980e-01 2.062401528913412607e-01 2.160807183120911634e-01
2.010044568775268825e-01 2.093015435949471814e-01 2.014300857106586518e-01 2.014300846666199907e-01 2.093015414546532671e-01
2.062292603649301947e-01 2.017328002645118190e-01 2.024621796255978157e-01 2.024621856607092818e-01 2.017327920787973794e-01
2.197275943881378535e-01 2.035489971757296346e-01 2.108773287493923010e-01 2.108773376351491258e-01 2.035489991229543216e-01
2.008688767961774868e-01 2.002204440046315426e-01 2.002779839828229824e-01 2.002779850153618424e-01 2.002204424696167884e-01
2.062724471965882156e-01 2.113446550000992186e-01 2.076203264173971386e-01 2.076203165768750192e-01 2.113446549625563609e-01
2.062958817134049327e-01 2.076228889886917450e-01 2.054981722062614868e-01 2.054981753930474608e-01 2.076228951416821122e-01
2.253914155845891110e-01 2.232975339535749060e-01 2.239216669430818818e-01 2.239216715633315369e-01 2.232975343374904997e-01
1.845640906105315837e-01 1.814639850224566975e-01 1.830182520567469606e-01 1.830182549478872323e-01 1.814639874426395294e-01
