1.875708750172294312e-02 1.875698784678406228e-02 1.875688156684737068e-02 1.875698409714806128e-02
1.640036239406690577e-01 1.640021919612112689e-01 1.640006790024497174e-01 1.640021381997410488e-01
1.613526556218544961e-01 1.613398716481244666e-01 1.613268907163754318e-01 1.613397516430580547e-01
1.620639530490037838e-01 1.620202619169132385e-01 1.619765127641528690e-01 1.620202319573443850e-01
2.024838271393645250e-01 2.024655050571084192e-01 2.024472917774201020e-01 2.024655044628456968e-01
2.118477101856312272e-01 2.118474822559461013e-01 2.118473832517865363e-01 2.118474825857727950e-01
2.003019124908692605e-01 2.003010416533332338e-01 2.003000920355737235e-01 2.003010266422300678e-01
1.386189410012177436e-01 1.385916046302216875e-01 1.385638986847736731e-01 1.385915684158742223e-01
1.387154890079415615e-01 1.386073093903237297e-01 1.384989587886990003e-01 1.386073004614631898e-01
2.003938267243355054e-01 2.003441496830261903e-01 2.002950912046357612e-01 2.003441496231874452e-01
2.120236133100434628e-01 2.120184977292582373e-01 2.120144832213036457e-01 2.120184985280813006e-01
2.016488058129443095e-01 2.016503237934924586e-01 2.016519235781996933e-01 2.016503285525419742e-01
1.526615915264650791e-01 1.526957191553685866e-01 1.527275254464699750e-01 1.526957291395672212e-01
1.522224773298362643e-01 1.523438469393390005e-01 1.524624476388225236e-01 1.523438501136952228e-01
2.011968158927717742e-01 2.012400868860856340e-01 2.012859191738145259e-01 2.012400873038617810e-01
2.119490874056135787e-01 2.119372899767244245e-01 2.119328425076753841e-01 2.119372903407847342e-01
2.014679472341057431e-01 2.014746166956155604e-01 2.014809199993009559e-01 2.014746224322713219e-01
1.520140673172036549e-01 1.523030546306525235e-01 1.525738442618402302e-01 1.523030677655736742e-01
1.505803656732123685e-01 1.516974338925744514e-01 1.527975067005708787e-01 1.516974380408966094e-01
1.991177195597204908e-01 1.996285596008333940e-01 2.001661248324550502e-01 1.996285601467372439e-01
2.117644321982636579e-01 2.117854114536137922e-01 2.118576627348373320e-01 2.117854116263753472e-01
2.003917787477692836e-01 2.003920191540286277e-01 2.003649544342678279e-01 2.003920218537151576e-01
1.380924647016016082e-01 1.383699953770347879e-01 1.385016320927353883e-01 1.383700016598578553e-01
1.302135773371928262e-01 1.312820975948950364e-01 1.323104991218936322e-01 1.312820997543204804e-01
1.827023359094000488e-01 1.837068687843282089e-01 1.850649627753752635e-01 1.837068691893757322e-01
2.095449796094793482e-01 2.099086894860508201e-01 2.107405395378462998e-01 2.099086896408820513e-01
2.024861757724549793e-01 2.024514648138746875e-01 2.021524802195178716e-01 2.024514659207509448e-01
1.604235242010471074e-01 1.579904059934991167e-01 1.540888880724583521e-01 1.579904084630750216e-01
1.109076509707787039e-01 9.977816337651040923e-02 8.685696991717899162e-02 9.977816425083689544e-02
3.340741456637039836e-02 2.750388948511967371e-02 2.030532209961391846e-02 2.750388963841886997e-02
3.672827668115697785e-03 2.789780888346291877e-03 1.171157336061929297e-03 2.789780897668831146e-03
