3.098409860115691229e-03 3.096840879649385460e-03 3.095873424370261875e-03 3.095873364790961615e-03 3.096840782352067254e-03
4.016404089567043867e-02 4.015738585180247955e-02 4.015741820019630426e-02 4.015741772990645553e-02 4.015738503189686393e-02
1.701890901997942240e-01 1.701782661510891081e-01 1.701825849355416698e-01 1.701825845108594915e-01 1.701782653333973605e-01
1.987528523635548605e-01 1.987450594143733706e-01 1.987479418506390427e-01 1.987479418036884327e-01 1.987450592950588124e-01
1.999999768450940185e-01 1.999999885588180371e-01 1.999999990550727358e-01 1.999999990370061875e-01 1.999999884862274091e-01
1.983374936307408243e-01 1.983493896456088867e-01 1.983591125089718965e-01 1.983591123827528890e-01 1.983493893280696696e-01
1.921221219466451580e-01 1.921272637402892114e-01 1.921410133487113925e-01 1.921410124354517579e-01 1.921272620624080441e-01
1.981924125601420283e-01 1.981823117750278473e-01 1.981883784810012927e-01 1.981883776811600439e-01 1.981823101698737821e-01
1.999175320459606331e-01 1.999092851154469497e-01 1.999122823359546774e-01 1.999122822717258885e-01 1.999092849562005558e-01
2.000000228905830790e-01 2.000004194842915362e-01 2.000000659755908350e-01 2.000000659711355933e-01 2.000004194542192304e-01
1.998935482890017157e-01 1.999078767517604716e-01 1.999185120302570673e-01 1.999185118947809370e-01 1.999078763354647237e-01
1.995219494072718869e-01 1.995190981076236658e-01 1.995332961891913282e-01 1.995332952876461285e-01 1.995190963492092517e-01
1.999836668411303642e-01 1.999038684648629105e-01 1.998915766616625178e-01 1.998915759379160384e-01 1.999038668765272808e-01
2.004637574511579090e-01 2.002515079361004424e-01 2.000103629381078107e-01 2.000103628913932896e-01 2.002515077341522620e-01
2.000630989202717147e-01 2.010614463490527914e-01 2.001449536524376460e-01 2.001449536052174183e-01 2.010614462458395757e-01
1.898685833328961903e-01 2.003625542334357690e-01 2.010168334617637442e-01 2.010168333515399419e-01 2.003625538015298968e-01
2.000069577044169267e-01 2.010174025217997540e-01 2.001154391123284859e-01 2.001154387522233735e-01 2.010174013285968286e-01
2.004516023672303915e-01 2.002493004394553799e-01 2.000081980765274214e-01 2.000081979868895687e-01 2.002492994933163795e-01
2.000878643944298818e-01 2.000177790612992501e-01 1.999997207469086102e-01 1.999997211453728163e-01 2.000177789521856708e-01
2.000089352158739564e-01 2.000002682458291714e-01 1.999999836246454943e-01 1.999999831601463329e-01 2.000002650653074088e-01
1.999968549304366738e-01 1.999994068334895458e-01 2.000003043007100856e-01 2.000003061823835970e-01 1.999994027188244095e-01
1.999967047834257383e-01 1.999978189798128358e-01 1.999983055738819571e-01 1.999983286377488290e-01 1.999978102736523489e-01
1.999996094150920667e-01 1.999994993900887919e-01 1.999996377491224941e-01 1.999996836599606254e-01 1.999994992065275701e-01
1.999987298446226636e-01 1.999984987458622854e-01 1.999984774014945677e-01 1.999984785651191532e-01 1.999983667348929350e-01
1.999544970499685659e-01 1.999545080168731725e-01 1.999545964027096001e-01 1.999545987505370048e-01 1.999545113653655171e-01
1.998318434044268899e-01 1.998320468790163174e-01 1.998320946960650824e-01 1.998320979620200610e-01 1.998320532399298077e-01
1.999998028439120001e-01 1.999998490041927368e-01 1.999999049323174238e-01 1.999999059316562022e-01 1.999998507145934745e-01
2.002266626105051461e-01 2.002265247652353364e-01 2.002266157211929631e-01 2.002266160244574045e-01 2.002265240750411013e-01
2.005909143290163787e-01 2.005907458044091096e-01 2.005908372481778335e-01 2.005908371978296079e-01 2.005907443122136036e-01
1.714420464835150759e-01 1.714419544685798213e-01 1.714419879070077091e-01 1.714419872597439387e-01 1.714419527040951796e-01
2.794992491806260262e-02 2.794990585149995446e-02 2.794990672729403061e-02 2.794990643629343546e-02 2.794990525228690376e-02
