2.794951493770007206e-02 2.794951231883342074e-02 2.794951847555923047e-02 2.794951769945386993e-02 2.794951194199411099e-02
1.714292132678752745e-01 1.714291768442434694e-01 1.714292486008929250e-01 1.714292302102908838e-01 1.714291611104664381e-01
2.003436597539604846e-01 2.003439065313371847e-01 2.003444206794122717e-01 2.003443474219870346e-01 2.003438039819447070e-01
1.992289155700970038e-01 1.992309832548062043e-01 1.992343706034146733e-01 1.992349920297472321e-01 1.992318841534891360e-01
1.997286329408741734e-01 1.997309397831063260e-01 1.997336457531859455e-01 1.997343194414010481e-01 1.997318283349886203e-01
1.994632100269657371e-01 1.994629712294492263e-01 1.994628357788663930e-01 1.994627430275038582e-01 1.994628508237401565e-01
1.960449289636462256e-01 1.960426914145229627e-01 1.960444577731845772e-01 1.960442405705992430e-01 1.960429610426256131e-01
1.654472412784863677e-01 1.654555338996626102e-01 1.654813292252945989e-01 1.654854887210690240e-01 1.654630150052113780e-01
8.056659381952534227e-02 8.065676297116912419e-02 8.081980592228975302e-02 8.085733052539210985e-02 8.071508159055795772e-02
1.651017540882580847e-01 1.652595158921418561e-01 1.654525626760632306e-01 1.654918254641985498e-01 1.653173256177880301e-01
1.959313419324331396e-01 1.960260548507734013e-01 1.960875661169549922e-01 1.960935431740777057e-01 1.960326119757983543e-01
1.996192479078667814e-01 1.996122684300696559e-01 1.996256242987123064e-01 1.996262721855409372e-01 1.996106066212864905e-01
1.997600683922209908e-01 1.996630609545768653e-01 1.996841584534898018e-01 1.996838850455051328e-01 1.996570119588262637e-01
1.980596786740857485e-01 1.981501945599698222e-01 1.982532405185971069e-01 1.982399366592655643e-01 1.981140988513344914e-01
1.928643053432147481e-01 1.959342810178280048e-01 1.971178131969108238e-01 1.971044298297854047e-01 1.958830294818450224e-01
1.844258689760551739e-01 1.975942348973550589e-01 2.004821398237578434e-01 2.004897561804138140e-01 1.975683139205899330e-01
1.976927290048957064e-01 1.997231674733071227e-01 1.996193798086108584e-01 1.996250587847336055e-01 1.996943739467507417e-01
1.974155606552102094e-01 1.963699108969812757e-01 1.966897607386764724e-01 1.966862015748394032e-01 1.963031215562541787e-01
1.691619508496187696e-01 1.676671058030722306e-01 1.685006036458601142e-01 1.684401815041501882e-01 1.674631146718058849e-01
8.277124500447148592e-02 8.458966361154419966e-02 8.850714374730168921e-02 8.869789977255493341e-02 8.483993854071673890e-02
1.631567001147941065e-01 1.664239873597422592e-01 1.702212277902180049e-01 1.704856617831807530e-01 1.668168716018353370e-01
1.940625664695226349e-01 1.949436476895127779e-01 1.952973107166331157e-01 1.953079799771775538e-01 1.949257621363713333e-01
1.991869507035899378e-01 1.992150343250297662e-01 1.992290496187999749e-01 1.992496616128699993e-01 1.991995560526986786e-01
1.988657729819253706e-01 1.987584428671200221e-01 1.987929786283419986e-01 1.987958638298492620e-01 1.987441616162787528e-01
1.922580211399591288e-01 1.923364357192240692e-01 1.927328353923621618e-01 1.926746988123479443e-01 1.922770826202580274e-01
1.626761052384269879e-01 1.638792366672596479e-01 1.656784896427570541e-01 1.652293626029349427e-01 1.632094167530220019e-01
8.035498520281057766e-02 8.164012714086746336e-02 8.324572351688624972e-02 8.279699846028935883e-02 8.093768977002342713e-02
1.650793358459759219e-01 1.652716148816483765e-01 1.654690039694127202e-01 1.654228264874461896e-01 1.651782169334587713e-01
1.963165771258033321e-01 1.963496049916303998e-01 1.963466774961664663e-01 1.963487002388785430e-01 1.963393609175692889e-01
1.706564427237436676e-01 1.706680292667835941e-01 1.706590340728515454e-01 1.706596729474498253e-01 1.706655583681156718e-01
2.779364417201295179e-02 2.779574193741153262e-02 2.779332683119854763e-02 2.779321477196659146e-02 2.779495065685268912e-02
