2.019812346578188644e-01 2.019812346629374367e-01 2.019812346658766133e-01 2.019812346448635609e-01
2.289510525049452128e-01 2.289510524989564755e-01 2.289510525050616196e-01 2.289510524940015224e-01
1.935732518671164637e-01 1.935732518472178532e-01 1.935732518331233498e-01 1.935732518418907533e-01
1.898373059638160110e-01 1.898373059570807875e-01 1.898373059443435318e-01 1.898373059489298076e-01
2.045971105955684544e-01 2.045971106047826116e-01 2.045971106020845753e-01 2.045971105874587193e-01
2.121199748569439769e-01 2.121199748574003618e-01 2.121199748525895434e-01 2.121199748402052554e-01
2.046534922665912970e-01 2.046534922693169500e-01 2.046534922268397338e-01 2.046534922256099398e-01
1.893719624974561089e-01 1.893719624912497956e-01 1.893719624711051597e-01 1.893719624513892918e-01
1.893223717008488127e-01 1.893223716943647772e-01 1.893223716661263933e-01 1.893223716650452304e-01
2.046035171329592395e-01 2.046035171375848727e-01 2.046035170971270412e-01 2.046035171011027221e-01
2.121505166131993914e-01 2.121505165874820464e-01 2.121505165944401194e-01 2.121505165580471752e-01
2.046670323029002869e-01 2.046670322940269682e-01 2.046670322985156831e-01 2.046670322527353036e-01
1.892662155145099778e-01 1.892662154949383002e-01 1.892662155058654483e-01 1.892662154809710284e-01
1.891946621669203521e-01 1.891946621452113286e-01 1.891946621635912096e-01 1.891946621326143219e-01
2.046044631713778705e-01 2.046044631665764335e-01 2.046044631422818949e-01 2.046044631382623880e-01
2.121598447660261733e-01 2.121598447695879353e-01 2.121598447688794742e-01 2.121598447602485171e-01
2.045970568932723721e-01 2.045970568985636395e-01 2.045970568985159277e-01 2.045970568946196833e-01
1.892279355643325112e-01 1.892279355841480770e-01 1.892279355798509310e-01 1.892279355725387247e-01
1.893097325918529916e-01 1.893097326084483001e-01 1.893097326065019959e-01 1.893097326057700813e-01
2.046667314511130265e-01 2.046667314595114751e-01 2.046667314610264021e-01 2.046667314620299882e-01
2.121357171018623533e-01 2.121357171119563345e-01 2.121357171282575727e-01 2.121357171367873051e-01
2.046027230321029178e-01 2.046027230464372848e-01 2.046027230583283008e-01 2.046027230665663776e-01
1.893399028726915900e-01 1.893399028843602283e-01 1.893399028926845973e-01 1.893399029021629598e-01
1.893723053388738364e-01 1.893723053479142715e-01 1.893723053559724923e-01 1.893723053671098056e-01
2.045649449451934498e-01 2.045649449486975358e-01 2.045649449503379180e-01 2.045649449578423595e-01
2.118841950184049416e-01 2.118841950238467831e-01 2.118841950261913520e-01 2.118841950328109458e-01
2.045953868308321155e-01 2.045953868413810661e-01 2.045953868489530370e-01 2.045953868553690991e-01
1.896163567942371064e-01 1.896163568047794512e-01 1.896163568064095917e-01 1.896163568140830091e-01
1.896002827324691775e-01 1.896002827423135528e-01 1.896002827455029738e-01 1.896002827496474086e-01
1.665680401184638781e-01 1.665680401300225766e-01 1.665680401365350616e-01 1.665680401314920955e-01
1.886468017639856068e-02 1.886468018088162737e-02 1.886468018254831500e-02 1.886468017976758796e-02
