1.928168548284448502e-01 1.974564706129778857e-01 1.957992752693909211e-01 1.957992293730002609e-01 1.974564684674869619e-01
2.251239050861486846e-01 2.302260385500019824e-01 2.283584935830243745e-01 2.283584116893495053e-01 2.302260192274569461e-01
2.088089848486184008e-01 2.097255370200957203e-01 2.132979899143236935e-01 2.132979373879790308e-01 2.097254634804717743e-01
2.248505530478029923e-01 2.158091030812579469e-01 2.232106714912588663e-01 2.232107641695861289e-01 2.158090291728730070e-01
2.017749707255127867e-01 2.024295439160890830e-01 2.008479776249770254e-01 2.008479395348181651e-01 2.024294992224389134e-01
2.090706779237200552e-01 2.277840755441383480e-01 2.216077314744671067e-01 2.216075430966483462e-01 2.277839992731913454e-01
2.044574555005735927e-01 2.128122549802210495e-01 2.074135888471779210e-01 2.074133732397397678e-01 2.128121486110964022e-01
2.102948943692614925e-01 2.055260928318072000e-01 2.145732534000951430e-01 2.145732066082516876e-01 2.055259620365884332e-01
2.263925165931529315e-01 2.106578612739673784e-01 2.229518109716558949e-01 2.229519711878873989e-01 2.106577420230548170e-01
2.064296211431951300e-01 2.091567924435428771e-01 2.033655685515383116e-01 2.033654420533743679e-01 2.091566440231286683e-01
2.106612032844660254e-01 2.308941964013903891e-01 2.218310433250555713e-01 2.218307657409934186e-01 2.308940434309216527e-01
2.212314343682896811e-01 2.160568703166691196e-01 2.071974260074430363e-01 2.071971419431036521e-01 2.160566638140902496e-01
2.284988984486106267e-01 2.237124674320245810e-01 2.192207893173448441e-01 2.192207940006564715e-01 2.237123432942956514e-01
2.290117244531437168e-01 2.550056479903257123e-01 2.300056302683615161e-01 2.300057488648847570e-01 2.550055345289995445e-01
2.152991827867266617e-01 2.262668572605076311e-01 2.161626002975861327e-01 2.161623990638753545e-01 2.262666188338625095e-01
5.789940770028735306e-01 2.234303837225652956e-01 2.736256157022917690e-01 2.736253569819211418e-01 2.234302041107425474e-01
2.152993226884507560e-01 2.262668008064874781e-01 2.161627174050853029e-01 2.161624694777428968e-01 2.262665526543626848e-01
2.290117075839407379e-01 2.550055719268807808e-01 2.300055783311691915e-01 2.300056384955645183e-01 2.550054720566929944e-01
2.284989040582325048e-01 2.237125342410128948e-01 2.192208313773141570e-01 2.192208935907472844e-01 2.237124093997198693e-01
2.212313175326421910e-01 2.160568949123162497e-01 2.071973200330287646e-01 2.071970804374743957e-01 2.160566996658281891e-01
2.106611909152776019e-01 2.308941605778487283e-01 2.218310488588980944e-01 2.218307798059996616e-01 2.308940138361120220e-01
2.064297095220709033e-01 2.091567523974922349e-01 2.033656419584323749e-01 2.033654852955195380e-01 2.091565946502469409e-01
2.263924931704938137e-01 2.106578346763691989e-01 2.229517566304148046e-01 2.229518777940799612e-01 2.106577372916663693e-01
2.102948929744800077e-01 2.055261208661941508e-01 2.145732776093123018e-01 2.145732716593789224e-01 2.055260064925907015e-01
2.044574235713891575e-01 2.128122454593226742e-01 2.074135304531886381e-01 2.074133477685225768e-01 2.128121472913919732e-01
2.090706667738543301e-01 2.277840277603706276e-01 2.216077378076968529e-01 2.216075621691633579e-01 2.277839586393308191e-01
2.017749981202449083e-01 2.024295326357589409e-01 2.008480004245363493e-01 2.008479525422317280e-01 2.024294842875773714e-01
2.248505266496955146e-01 2.158090983235531890e-01 2.232106373464355920e-01 2.232107168684026866e-01 2.158090434745592590e-01
2.088089767293096755e-01 2.097255295747430526e-01 2.132979970613528009e-01 2.132979618452932880e-01 2.097254728101832222e-01
2.251239034506518355e-01 2.302260169726258188e-01 2.283584843561794753e-01 2.283584151559768793e-01 2.302260003101062047e-01
1.928168367882493739e-01 1.974564423421273363e-01 1.957992691224257065e-01 1.957992288480582821e-01 1.974564402891060000e-01
