1.749874182379710374e-01 1.746308312902729309e-01 1.747870330496939795e-01 1.747870330452254151e-01 1.746308312480980007e-01
2.217792273573070128e-01 2.214068399693717160e-01 2.214468570548766557e-01 2.214468570429468375e-01 2.214068399013344179e-01
2.040609754345044380e-01 2.042108925699694100e-01 2.037898109317028972e-01 2.037898109056174301e-01 2.042108924935344683e-01
2.006882209097194669e-01 2.015769889840126616e-01 2.007814306714977015e-01 2.007814306528410975e-01 2.015769889327690134e-01
2.003263815932420366e-01 2.002067105295514404e-01 2.001427680835106970e-01 2.001427681073431053e-01 2.002067104885902060e-01
2.038743873900228931e-01 2.000439554699522671e-01 2.012388423437890816e-01 2.012388424014757704e-01 2.000439554345251614e-01
2.027842896359880465e-01 2.002983393189215200e-01 2.002503428568500610e-01 2.002503428838509902e-01 2.002983392957165543e-01
2.009749089379112563e-01 2.040510367367176503e-01 2.001570210830221075e-01 2.001570210822909979e-01 2.040510368261431173e-01
2.006867094707326105e-01 2.076243387831323284e-01 2.015004427384663455e-01 2.015004427469423987e-01 2.076243388792658184e-01
2.028399735956434580e-01 2.017969683926351121e-01 2.012430064097411597e-01 2.012430064909790095e-01 2.017969684121489748e-01
2.256394435066316762e-01 2.000139274703388592e-01 2.074982143701367687e-01 2.074982144674297202e-01 2.000139274682214696e-01
2.180593123707905978e-01 2.018650454896140090e-01 2.013218388981932450e-01 2.013218389569429723e-01 2.018650455419035983e-01
2.051563486901601674e-01 2.277346953084911640e-01 2.013215169527088344e-01 2.013215169610253485e-01 2.277346954949092117e-01
2.010888596480778223e-01 2.485963088461334847e-01 2.089426584651085661e-01 2.089426584894518990e-01 2.485963089561943340e-01
2.180156839749534115e-01 2.063093721369114175e-01 2.077182975981474444e-01 2.077182976831973005e-01 2.063093721331517583e-01
4.277021323496659200e-01 1.969923413847843030e-01 2.431817656257562466e-01 2.431817656616550860e-01 1.969923413937978152e-01
2.180156840034197796e-01 2.063093720949488452e-01 2.077182975484081207e-01 2.077182975746941218e-01 2.063093721406963343e-01
2.010888599017332523e-01 2.485963101289994370e-01 2.089426589302047776e-01 2.089426589286452196e-01 2.485963101692629795e-01
2.051563490953883517e-01 2.277346962551135279e-01 2.013215169035279806e-01 2.013215169133762694e-01 2.277346962055367685e-01
2.180593136486381201e-01 2.018650457303697299e-01 2.013218391342739277e-01 2.013218391335562796e-01 2.018650457207220861e-01
2.256394464653990739e-01 2.000139275271997641e-01 2.074982154070539042e-01 2.074982153723933798e-01 2.000139275573428743e-01
2.028399741333115902e-01 2.017969685929070223e-01 2.012430065992582284e-01 2.012430065889470043e-01 2.017969685917247458e-01
2.006867097304659842e-01 2.076243407341396008e-01 2.015004433304329046e-01 2.015004433163986863e-01 2.076243406500192790e-01
2.009749093041953150e-01 2.040510379926897822e-01 2.001570211371401509e-01 2.001570211500695307e-01 2.040510379392315443e-01
2.027842908843828229e-01 2.002983395538432965e-01 2.002503431305333037e-01 2.002503431250817478e-01 2.002983395595587524e-01
2.038743900404352827e-01 2.000439556388060591e-01 2.012388434237183388e-01 2.012388433947470412e-01 2.000439556628674787e-01
2.003263818581454692e-01 2.002067106458094714e-01 2.001427682162937871e-01 2.001427682044021050e-01 2.002067106612006042e-01
2.006882212558234180e-01 2.015769903458195511e-01 2.007814312541373325e-01 2.007814312576080007e-01 2.015769903694702991e-01
2.040609757008916281e-01 2.042108930522943955e-01 2.037898109068279340e-01 2.037898109087331600e-01 2.042108930667314581e-01
2.217792278516159121e-01 2.214068399399652665e-01 2.214468571158831889e-01 2.214468571141734732e-01 2.214068399527373832e-01
1.749874192956666630e-01 1.746308316931871885e-01 1.747870337669739094e-01 1.747870337669097107e-01 1.746308317065956017e-01
