2.019807806283968610e-01 2.019807806252972016e-01 2.019807806254573790e-01 2.019807806234960867e-01
2.289430473831474411e-01 2.289430473738260086e-01 2.289430473751732920e-01 2.289430473662643351e-01
1.935637614750223001e-01 1.935637614630449643e-01 1.935637614614328650e-01 1.935637614498919579e-01
1.898398872521109837e-01 1.898398872421944439e-01 1.898398872332171805e-01 1.898398872288134254e-01
2.045926925481851844e-01 2.045926925444898625e-01 2.045926925396100438e-01 2.045926925356183479e-01
2.120927781752987018e-01 2.120927781700097381e-01 2.120927781680635171e-01 2.120927781623024866e-01
2.046133988527293890e-01 2.046133988443300245e-01 2.046133988458546105e-01 2.046133988388754987e-01
1.893732705413204986e-01 1.893732705334275623e-01 1.893732705355655188e-01 1.893732705328302623e-01
1.893706808230291860e-01 1.893706808199387692e-01 1.893706808152439136e-01 1.893706808179601575e-01
2.045946478018633163e-01 2.045946478061974882e-01 2.045946478031190896e-01 2.045946478056011597e-01
2.120700495147822273e-01 2.120700495199150937e-01 2.120700495206164493e-01 2.120700495209125458e-01
2.045946644878371967e-01 2.045946644872864983e-01 2.045946644909204526e-01 2.045946644921616264e-01
1.893703402408543623e-01 1.893703402364919908e-01 1.893703402393445145e-01 1.893703402433011829e-01
1.893703380526010338e-01 1.893703380519591861e-01 1.893703380497992472e-01 1.893703380540545378e-01
2.045946485783914359e-01 2.045946485824149674e-01 2.045946485788899816e-01 2.045946485801344861e-01
2.120700268347553985e-01 2.120700268392360366e-01 2.120700268379650810e-01 2.120700268404649702e-01
2.045946486932100072e-01 2.045946486948114762e-01 2.045946486965903310e-01 2.045946486995201541e-01
1.893703377219892181e-01 1.893703377202542171e-01 1.893703377229314089e-01 1.893703377261901633e-01
1.893703342582931659e-01 1.893703342549702684e-01 1.893703342564694858e-01 1.893703342550861479e-01
2.045945704027716805e-01 2.045945703984684561e-01 2.045945703962223639e-01 2.045945703927572745e-01
2.120697733009258013e-01 2.120697733004481000e-01 2.120697732981636219e-01 2.120697732985756812e-01
2.045946478108233435e-01 2.045946478137277702e-01 2.045946478135814706e-01 2.045946478156441817e-01
1.893704046072277047e-01 1.893704046103093508e-01 1.893704046110264994e-01 1.893704046117165030e-01
1.893683939927175708e-01 1.893683939927553184e-01 1.893683939958425155e-01 1.893683939936267047e-01
2.045367838453736042e-01 2.045367838416587425e-01 2.045367838405429961e-01 2.045367838392243010e-01
2.118678738748545065e-01 2.118678738731438194e-01 2.118678738691988916e-01 2.118678738698732411e-01
2.045926925437956123e-01 2.045926925464679191e-01 2.045926925478903091e-01 2.045926925546601161e-01
1.896149829243048701e-01 1.896149829288472644e-01 1.896149829305552870e-01 1.896149829349360882e-01
1.895932531966001144e-01 1.895932531960796141e-01 1.895932532019991290e-01 1.895932532013431260e-01
1.665629667197623953e-01 1.665629667129949754e-01 1.665629667156121874e-01 1.665629667134022884e-01
1.886332297249891307e-02 1.886332296891140778e-02 1.886332296762398969e-02 1.886332296696259514e-02
