2.271391989906490216e-01 2.272291710281208466e-01 2.270997278078664972e-01 2.269181280399188150e-01 2.269322343877552550e-01
3.139811087398063916e-01 3.143673914321943874e-01 3.138123421545305769e-01 3.130647364165823343e-01 3.131321438134064272e-01
2.593110476578088242e-01 2.597037169000660506e-01 2.590767333839086861e-01 2.581962280919886665e-01 2.582460764883477422e-01
2.564985258178861249e-01 2.564918825140862224e-01 2.561756140278925731e-01 2.556926617297914928e-01 2.555991205830169810e-01
3.032096453883177944e-01 3.031221716624253881e-01 3.027721343377870467e-01 3.021109640018456721e-01 3.018207923208128807e-01
2.799711620435390014e-01 2.806221071924960841e-01 2.787210979408663580e-01 2.759478580948465654e-01 2.761552263484480241e-01
3.050937427881066921e-01 3.103429666474802895e-01 2.995528103033353595e-01 2.876153268170308919e-01 2.906264963801891144e-01
2.543514714704545043e-01 2.605462584975678508e-01 2.479146149903460605e-01 2.354848971806608182e-01 2.385512382125220820e-01
2.162753233566821476e-01 2.177490499032730953e-01 2.144928784118808052e-01 2.117112033706433638e-01 2.123675973449570542e-01
2.077659924754566012e-01 2.080968868967229823e-01 2.075750185012790738e-01 2.069637478035064038e-01 2.069945606857159226e-01
2.162703539230424465e-01 2.161808040618143911e-01 2.170571475744856871e-01 2.177594917414647502e-01 2.172079080708495258e-01
2.452791129256339520e-01 2.446977137878579012e-01 2.481832916897589725e-01 2.510033736176562891e-01 2.490940460106878251e-01
2.769707199970792288e-01 2.763602726612289229e-01 2.797548005824574968e-01 2.825328462934849072e-01 2.806504528136024579e-01
2.367644620352143681e-01 2.365472846579721733e-01 2.375434578184800194e-01 2.383811355128783449e-01 2.377642285961585056e-01
2.107173565780137148e-01 2.106105538804383948e-01 2.109365262780597827e-01 2.112325564604484451e-01 2.110870770688073883e-01
2.025840329976300036e-01 2.025482878512676610e-01 2.026437087046532581e-01 2.027212973160129605e-01 2.026730663523238496e-01
2.005312640281478320e-01 2.005179959776018372e-01 2.005375938496849753e-01 2.005432939547961979e-01 2.005127044631989930e-01
2.001314305217485323e-01 2.001377242482687002e-01 2.001352889247063338e-01 2.001319742862520124e-01 2.001212995544747186e-01
2.000557976569244112e-01 2.000711626698299939e-01 2.000890389254640078e-01 2.000963533804058225e-01 2.000866512587195778e-01
1.999828017114588241e-01 2.000147977856721881e-01 2.000246349523329692e-01 2.000302922485014678e-01 1.999733365890341563e-01
2.000769687528037577e-01 2.001443942112680063e-01 2.001385361810156804e-01 2.001241991151751221e-01 2.003084645591498569e-01
2.002667298449393729e-01 2.003099325628702743e-01 2.003096829859797867e-01 2.002930858423562221e-01 2.004597908892378766e-01
2.000568683234910938e-01 2.000597964130302331e-01 2.000593441039687503e-01 2.000618212689281583e-01 2.001224881380142262e-01
1.993582239064718431e-01 1.993724318336860257e-01 1.993724076765885922e-01 1.993601799022954035e-01 1.993559409425012530e-01
1.991907683854123867e-01 1.991935853217727259e-01 1.991954986189601040e-01 1.991948806191352062e-01 1.991926377627242506e-01
1.996415240217591924e-01 1.996426015395210696e-01 1.996452343594572465e-01 1.996466436257681998e-01 1.996471366591966445e-01
2.001923272164216894e-01 2.001929017398403066e-01 2.001946056574760713e-01 2.001955109686139045e-01 2.001961535726093089e-01
2.004953216555064033e-01 2.004955680502133464e-01 2.004966896665117404e-01 2.004973411910715708e-01 2.004974106978224535e-01
2.008027300184715147e-01 2.008029256774703231e-01 2.008032866573182529e-01 2.008033786219758920e-01 2.008032691294348582e-01
1.716054253392879647e-01 1.716054796011519112e-01 1.716055350434543270e-01 1.716055286055545304e-01 1.716055171950540970e-01
2.800506880451791858e-02 2.800507632452399129e-02 2.800510075009045308e-02 2.800510999131510317e-02 2.800510323546649000e-02
