2.794227630523190772e-02 2.794853841002555364e-02 2.794590553417853826e-02 2.794491133634122507e-02 2.794931629113767135e-02
1.713802275737364711e-01 1.714364444837116475e-01 1.714185547086020389e-01 1.714084958040581197e-01 1.714431258466064256e-01
2.003072183170168385e-01 2.004945691747821446e-01 2.005207404633589374e-01 2.004741339402353051e-01 2.004567682416676655e-01
1.988748415576000184e-01 1.994949189128631395e-01 2.000897632235909829e-01 1.998764129357812058e-01 1.991578555479532053e-01
1.986828805115914420e-01 1.990523164988488025e-01 1.996468075082660498e-01 1.994650849953488181e-01 1.987577764281834580e-01
1.997725953842631186e-01 1.995870119114411811e-01 1.996833658443836756e-01 1.996948498340418154e-01 1.995851631590333242e-01
1.997466446683553165e-01 1.999079235799537946e-01 1.998818886793951033e-01 1.998735441751239850e-01 1.999357318030910158e-01
1.982327627391526348e-01 1.993349211348560412e-01 1.997415168634933402e-01 1.995555635041122988e-01 1.990940661119836308e-01
1.897953388003905395e-01 1.944995449519998920e-01 1.995004961242392572e-01 1.980377409217084772e-01 1.921464917716607379e-01
1.864983394005557682e-01 1.890699402574824162e-01 1.937832415235513639e-01 1.924243056705453314e-01 1.869387776588831429e-01
1.987229625011550649e-01 1.968421536973833930e-01 1.975555013668895410e-01 1.976380433188883734e-01 1.968003690307321141e-01
1.985864671520381486e-01 1.992414044227674430e-01 1.993110499089477128e-01 1.993354816237544735e-01 1.993741965141230255e-01
1.891541032779412990e-01 1.957632005413174892e-01 1.976290118177746191e-01 1.968135883776691575e-01 1.948056871166805870e-01
1.291658227461105479e-01 1.585039196860612287e-01 1.861709070565349955e-01 1.792296472916274641e-01 1.479107099063340092e-01
2.734625156253552361e-02 6.412785090907167918e-02 1.054739300769040600e-01 9.849432233094464195e-02 5.379608420014473508e-02
3.810925590827269650e-03 5.092995420357512848e-02 1.083183277040061232e-01 1.090771033715842442e-01 5.093495560065990080e-02
9.323301032242470310e-02 1.388702247621191876e-01 1.867632031039564156e-01 1.879802294457381118e-01 1.402886438897154864e-01
1.770383452385506651e-01 1.917517631175694182e-01 1.982980816605695862e-01 1.982878396883144545e-01 1.922592668782769632e-01
1.941911745733735650e-01 1.981645468687446843e-01 1.993808815504696241e-01 1.989590006450202286e-01 1.977439099120101296e-01
1.972277331116377153e-01 1.968308640557135947e-01 1.976310696900015484e-01 1.971416212096740173e-01 1.962223283434738896e-01
1.985456666739994214e-01 1.972506233606397819e-01 1.978689158494708611e-01 1.978750628722311111e-01 1.972240742947087844e-01
1.980491702366267703e-01 1.985105558713162188e-01 1.996794693269107468e-01 1.997616803477551828e-01 1.986105297175715656e-01
1.991639845453783142e-01 1.997053121550684818e-01 1.998418490541082060e-01 1.998285682513724903e-01 1.997596476471810711e-01
1.977106077179109078e-01 1.979924663366882109e-01 1.980681773696536530e-01 1.980332414300641219e-01 1.979800381918293273e-01
1.919615621033391173e-01 1.919599705297664050e-01 1.920582038561783611e-01 1.920115236494358835e-01 1.919177664991660870e-01
1.983184933262711336e-01 1.982333910058050042e-01 1.982788275185374260e-01 1.982752305648545765e-01 1.982325712151911667e-01
1.999172919508571955e-01 1.999302984949413164e-01 1.999809450820783929e-01 1.999880211818691467e-01 1.999398006278420292e-01
1.987064978689163652e-01 1.987321963985095308e-01 1.987316058652313366e-01 1.987330604887602437e-01 1.987429179216835817e-01
1.701736163088373721e-01 1.701218313075600341e-01 1.700690603309444882e-01 1.700928059195228326e-01 1.701672306271440616e-01
4.011174262305423205e-02 4.004831578360464051e-02 3.999229505826260717e-02 4.001713025210965752e-02 4.008957330481124209e-02
3.083944525529626248e-03 3.077367395461451903e-03 3.071146857328369614e-03 3.073625347682827375e-03 3.081174963016380074e-03
