1.886371332804133785e-02 1.886371322155434155e-02 1.886371311485541061e-02 1.886371320381473315e-02
1.665319218951611391e-01 1.665319204666881603e-01 1.665319187526771438e-01 1.665319200986784542e-01
1.891778757575563186e-01 1.891778644903361062e-01 1.891778526080272194e-01 1.891778635795963170e-01
1.892152575494042699e-01 1.892152213111856773e-01 1.892151855145814965e-01 1.892152207793810215e-01
2.045704610576483395e-01 2.045704483414189645e-01 2.045704364322356583e-01 2.045704481569543542e-01
2.118732871564881215e-01 2.118732900089415616e-01 2.118732915322672217e-01 2.118732899760190358e-01
2.041275939401103467e-01 2.041275819156980198e-01 2.041275663101741189e-01 2.041275817129246384e-01
1.845702047538774204e-01 1.845700236600722743e-01 1.845698445807000820e-01 1.845700230459220992e-01
1.847712751414892773e-01 1.847706286539531062e-01 1.847700041992832443e-01 1.847706280347030661e-01
2.042812122130661101e-01 2.042809735522458647e-01 2.042807597709315470e-01 2.042809731952192065e-01
2.118753444769437000e-01 2.118754015360989340e-01 2.118754355523148059e-01 2.118754014895551652e-01
1.993546349661656780e-01 1.993545165123089546e-01 1.993543302281371721e-01 1.993545164332856390e-01
1.374481675267755776e-01 1.374456064765627039e-01 1.374430871128130838e-01 1.374456064998259008e-01
1.379313135538138557e-01 1.379217357727861581e-01 1.379125861251780105e-01 1.379217359355598416e-01
1.996251115756585426e-01 1.996209716412554180e-01 1.996173739865014507e-01 1.996209716488254737e-01
2.117673193189613945e-01 2.117674073248840272e-01 2.117675073367781824e-01 2.117674072462648327e-01
1.996168682376264769e-01 1.996167159505850275e-01 1.996161158001663050e-01 1.996167163493958452e-01
1.378872501229787828e-01 1.378790172430567895e-01 1.378709489361355234e-01 1.378790184078895475e-01
1.374342424566797893e-01 1.374028643423596263e-01 1.373739099921911233e-01 1.374028653870747185e-01
1.993642298301251670e-01 1.993495828667529168e-01 1.993381555843934672e-01 1.993495833405905249e-01
2.118761154322906515e-01 2.118751445852773974e-01 2.118751765945569299e-01 2.118751447193598370e-01
2.042800243089137879e-01 2.042798231840113610e-01 2.042788356044800691e-01 2.042798233405768438e-01
1.847643323496590551e-01 1.847530775913295287e-01 1.847416594816197188e-01 1.847530780352391322e-01
1.845986396779351613e-01 1.845521152950419241e-01 1.845091363055818834e-01 1.845521160821069484e-01
2.041771168494260213e-01 2.041402389409811002e-01 2.041144756459765119e-01 2.041402392533828991e-01
2.119318486157000525e-01 2.119312504317103496e-01 2.119781439123348821e-01 2.119312504699945032e-01
2.045699059485571736e-01 2.045699997204309395e-01 2.046310068590459219e-01 2.045699997436738748e-01
1.892711847051128105e-01 1.893917742050824915e-01 1.890667418868111072e-01 1.893917743730015590e-01
1.917227629210405127e-01 1.903030731875381132e-01 1.860646225629945527e-01 1.903030737464860567e-01
1.816394562213892450e-01 1.674470929056796342e-01 1.460755729002366776e-01 1.674470931572846766e-01
2.919882519141503430e-02 2.081238409557584906e-02 5.654186706139137895e-03 2.081238411674508557e-02
