2.271599898254972050e-01 2.272547337651661670e-01 2.271375485783984349e-01 2.269700480556056943e-01 2.269720209356730634e-01
3.138276141994256196e-01 3.142645917371822972e-01 3.137171326176371733e-01 3.129524202998992810e-01 3.129664636894857743e-01
2.590067747086052807e-01 2.594720676295998452e-01 2.588703580911243529e-01 2.579872882017824054e-01 2.579518622533281680e-01
2.543758790102980671e-01 2.544330855007132519e-01 2.542520555748364885e-01 2.539443696635401149e-01 2.538823630662243591e-01
2.935865951285780984e-01 2.935586023949638412e-01 2.934072754730676635e-01 2.933756437247946880e-01 2.933535167597617899e-01
2.533380620838222019e-01 2.533273427736935091e-01 2.531607414572883963e-01 2.530850226243245293e-01 2.530850677214556144e-01
2.526583783551916707e-01 2.526654004478130489e-01 2.525281465477036136e-01 2.524324175129742387e-01 2.524819479879056860e-01
2.906037470361030328e-01 2.906929989227971523e-01 2.902219642161169011e-01 2.898509307183831929e-01 2.900659879914587180e-01
2.427660675306669014e-01 2.428544025138731632e-01 2.423553812005430352e-01 2.419696490161619418e-01 2.421919200830563723e-01
2.148743754298688136e-01 2.148867370445191050e-01 2.147602866554169376e-01 2.146586737086765284e-01 2.147073174026316034e-01
2.149639673165431031e-01 2.149587436330191448e-01 2.149608654539908736e-01 2.149562004289937989e-01 2.149347611109352907e-01
2.418324219842406531e-01 2.418088916666056021e-01 2.419528588430678584e-01 2.420576465522467080e-01 2.419624007347554173e-01
2.850886382821352094e-01 2.850149547811189898e-01 2.855112156121437650e-01 2.858857837557266524e-01 2.856196274130357038e-01
2.411959839371536074e-01 2.411232932563022457e-01 2.416178999517307191e-01 2.419925640962505287e-01 2.417296474606667189e-01
2.121517227204549327e-01 2.121270380026193392e-01 2.122811012328817970e-01 2.124019263715436201e-01 2.123187137069597052e-01
2.029467252552528134e-01 2.029377639237276987e-01 2.029886505379879247e-01 2.030254973486516623e-01 2.029963478935382648e-01
2.006263800076206749e-01 2.006217430364721499e-01 2.006316003255934621e-01 2.006334345881026493e-01 2.006171734096240389e-01
2.002206931366616594e-01 2.002077511144997601e-01 2.001975197732654144e-01 2.001994164591688052e-01 2.002015585041494183e-01
2.001341086847958639e-01 2.001783556368930683e-01 2.001837673220200897e-01 2.001981172786779506e-01 2.001904573520260078e-01
2.001903793720764546e-01 2.002166634325991124e-01 2.002157636021311415e-01 2.002031259253042039e-01 2.001893697799154159e-01
2.001051998791301967e-01 2.001298521345611925e-01 2.001182049881162772e-01 2.001190601209664743e-01 2.001724379894381511e-01
1.999629459616545646e-01 2.000129098627651814e-01 2.000286581707587108e-01 2.000439389362561049e-01 2.000667873773186722e-01
1.995036178362035728e-01 1.995185272460214543e-01 1.995157897150308390e-01 1.995148594935078901e-01 1.995227240201930818e-01
1.993459203475924091e-01 1.993466491502959848e-01 1.993464935121637971e-01 1.993468395128104587e-01 1.993479966925380265e-01
1.997271962727074079e-01 1.997274701571653821e-01 1.997280272968675885e-01 1.997280107715376229e-01 1.997282112260534426e-01
1.999320964522954824e-01 1.999323629138655134e-01 1.999328269410806658e-01 1.999330877245968363e-01 1.999332848504715154e-01
2.002062023463236085e-01 2.002063669803350043e-01 2.002066673097367133e-01 2.002068575034638420e-01 2.002069590200240001e-01
2.004064278838787461e-01 2.004064918182255628e-01 2.004066125350193461e-01 2.004067035011237174e-01 2.004067701166011017e-01
2.007210306689551083e-01 2.007210525516356647e-01 2.007210719941720789e-01 2.007210916627503727e-01 2.007211283128968182e-01
1.715448257522024511e-01 1.715448303358415583e-01 1.715448244397526911e-01 1.715448233516114196e-01 1.715448404158032569e-01
2.798558463460498053e-02 2.798558448137822979e-02 2.798558622792183398e-02 2.798558854767646889e-02 2.798559018087358463e-02
