1.776035040303122758e-01 1.776080163674535195e-01 1.775884259488683947e-01 1.775703398946374134e-01 1.775789601019798214e-01
2.334614233821018237e-01 2.334839101238811443e-01 2.334233295432333877e-01 2.333540629318253123e-01 2.333677725246890711e-01
2.451241014950305830e-01 2.451472461829065363e-01 2.449273714663460222e-01 2.447040242426984369e-01 2.447753655153316332e-01
2.877948088712973806e-01 2.878257173609173325e-01 2.872041706392834959e-01 2.866231192787869753e-01 2.868410085706195600e-01
2.419499435303522350e-01 2.419159635884344239e-01 2.413311112300828565e-01 2.408178552652144033e-01 2.409960602542791930e-01
2.121040053254391600e-01 2.121210147719163608e-01 2.119388804791293990e-01 2.117823348969104791e-01 2.118113547839737265e-01
2.028055968208757609e-01 2.028169658141347198e-01 2.027555652965223609e-01 2.027110923389115194e-01 2.027625062622410712e-01
2.005336100554657719e-01 2.005511643098796815e-01 2.005558796284527823e-01 2.005558296762220694e-01 2.005698302874251437e-01
2.001360445639026875e-01 2.001487119083414368e-01 2.001624803971424615e-01 2.001557818178451853e-01 2.001656472551124055e-01
1.999868563313020042e-01 1.999938307712482433e-01 2.000314740266460334e-01 2.000512036830765228e-01 2.000319001304564082e-01
2.000496973715811255e-01 1.999370159959192872e-01 1.999053120301000630e-01 1.999225874467298603e-01 1.999633770404497524e-01
2.001988225703768554e-01 1.999809760578694640e-01 1.997711987037118497e-01 1.997668646482073929e-01 1.999737950178875068e-01
1.991188439607076699e-01 1.998089595559712217e-01 1.992374202297051422e-01 1.992293266140274521e-01 1.997997489664856685e-01
1.846815381587103011e-01 1.942820879444200899e-01 1.970719268674427094e-01 1.970725123286767855e-01 1.942936679129202981e-01
1.031458844917485795e-01 1.528955506099266004e-01 1.916631875166174837e-01 1.916691371526949017e-01 1.528988694022109796e-01
8.365551351570116702e-04 8.360805356360627438e-02 1.511249887216422894e-01 1.511184771521529024e-01 8.357148442208564565e-02
1.055667212039309022e-01 1.555207470781804213e-01 1.935101593002269971e-01 1.934920348025693793e-01 1.554200325298666641e-01
1.844163927318689666e-01 1.949969521438539022e-01 1.989577705554124165e-01 1.989647431706064173e-01 1.949188189779486047e-01
1.987056843010622242e-01 1.997963365804754365e-01 1.998176612689882004e-01 1.998206570750124533e-01 1.998015874682640969e-01
1.999082721501997395e-01 1.997928182806929520e-01 1.997631899284797730e-01 1.997519799482238290e-01 1.997608737388913147e-01
1.993415678301817540e-01 1.992765717007648485e-01 1.992926937985989855e-01 1.992960939543176047e-01 1.992796317898025693e-01
1.996684803845121536e-01 1.997096764415663694e-01 1.997719408370493555e-01 1.997835310489879113e-01 1.997392530922537102e-01
1.994760718129339472e-01 1.994961234898368907e-01 1.995122131339176208e-01 1.995145050033542977e-01 1.995074222704628919e-01
1.952698953113934932e-01 1.952804626089836015e-01 1.952700700489667929e-01 1.952591786742829960e-01 1.952629524798676630e-01
1.638931142513228023e-01 1.639310422570669223e-01 1.638516571705040392e-01 1.637705060886747721e-01 1.637952665164922050e-01
8.195126071499696241e-02 8.198932732458340256e-02 8.190362030748019051e-02 8.181549910903877787e-02 8.184502960483090728e-02
1.641812867795092723e-01 1.641881043397611373e-01 1.641693398400336790e-01 1.641518287016414113e-01 1.641601223036038559e-01
1.940099641732904723e-01 1.940110125987401235e-01 1.940095689809966384e-01 1.940075706274112244e-01 1.940090348224663142e-01
1.677269486592928849e-01 1.677265524612915892e-01 1.677297500015399179e-01 1.677317394116114579e-01 1.677313177951128831e-01
3.291560360032484006e-02 3.291511319220893905e-02 3.291789177589600490e-02 3.291989099213554759e-02 3.291909381936680007e-02
1.714993338083908251e-03 1.715083942612496363e-03 1.715094920963946721e-03 1.714963001044333578e-03 1.714996066669477763e-03
