2.019812377493447331e-01 2.019812377468445663e-01 2.019812377463570952e-01 2.019812377450595497e-01
2.289510908455575644e-01 2.289510908382525189e-01 2.289510908387459298e-01 2.289510908320750160e-01
1.935732939186714519e-01 1.935732939110284268e-01 1.935732939062894675e-01 1.935732938965575300e-01
1.898372866596652608e-01 1.898372866520638969e-01 1.898372866447056717e-01 1.898372866382883606e-01
2.045971221122095951e-01 2.045971221085395031e-01 2.045971221039838972e-01 2.045971220969309001e-01
2.121200763978156878e-01 2.121200763895254582e-01 2.121200763829411973e-01 2.121200763734501504e-01
2.046536128479932992e-01 2.046536128404969623e-01 2.046536128298651336e-01 2.046536128151381917e-01
1.893718706113870498e-01 1.893718706025041831e-01 1.893718705862640350e-01 1.893718705771935407e-01
1.893221222691076622e-01 1.893221222569525519e-01 1.893221222334259268e-01 1.893221222299797668e-01
2.046034760333856894e-01 2.046034760233354788e-01 2.046034759888474830e-01 2.046034759921197266e-01
2.121505509303903969e-01 2.121505509914601573e-01 2.121505510247438664e-01 2.121505510048090903e-01
2.046667986520896987e-01 2.046667986878263346e-01 2.046667986909266046e-01 2.046667986815133011e-01
1.892657155575655503e-01 1.892657155513780831e-01 1.892657155274218295e-01 1.892657155347180764e-01
1.891947153257197423e-01 1.891947153603291687e-01 1.891947153498412804e-01 1.891947153491564670e-01
2.046047337258352639e-01 2.046047337614634587e-01 2.046047337657601328e-01 2.046047337564478874e-01
2.121597833921191611e-01 2.121597835207350013e-01 2.121597837033287748e-01 2.121597835456022763e-01
2.045970575042604378e-01 2.045970585221613680e-01 2.045970594489032179e-01 2.045970585573962941e-01
1.892285315390121736e-01 1.892285345942620600e-01 1.892285374053560565e-01 1.892285345582037648e-01
1.893102301276324007e-01 1.893102349004375240e-01 1.893102429696103262e-01 1.893102349574892762e-01
2.046667358977849183e-01 2.046667528013313420e-01 2.046667901848617799e-01 2.046667528361545141e-01
2.121359358934702677e-01 2.121360881834030154e-01 2.121363066106809747e-01 2.121360881505285068e-01
2.046039016395857224e-01 2.046047725817514151e-01 2.046056454940107239e-01 2.046047726835006075e-01
1.893478576409024505e-01 1.893505267673967762e-01 1.893532160570951528e-01 1.893505268339566450e-01
1.893973423921252452e-01 1.894020681651485405e-01 1.894107997774457930e-01 1.894020681889808655e-01
2.046782606974007213e-01 2.046989101363227148e-01 2.047425522648006480e-01 2.046989101371123332e-01
2.122146768643644876e-01 2.123368923348345760e-01 2.125393758210933626e-01 2.123368923519939333e-01
2.052791494124245608e-01 2.058296955400379935e-01 2.064318738077567938e-01 2.058296955524301641e-01
1.939447802131019083e-01 1.954978834456546077e-01 1.972080773119128383e-01 1.954978834671015631e-01
2.052853806691449234e-01 2.077460639477987092e-01 2.146646616354920822e-01 2.077460639916551555e-01
2.415891464305110203e-01 2.542182843754959842e-01 2.982176009106057291e-01 2.542182843982890850e-01
2.072016906251550050e-01 2.407937053720821396e-01 8.963576903827750186e-01 2.407937053749556189e-01
