1.744564487636665051e-01 1.744467449892432853e-01 1.744512422284859310e-01 1.744512421986395279e-01 1.744467431933626744e-01
2.213665153682319586e-01 2.213512061277422005e-01 2.213515888534093035e-01 2.213515897790497844e-01 2.213512010487459492e-01
2.037858077655804734e-01 2.037890667194762195e-01 2.037682718429318640e-01 2.037682737532710564e-01 2.037890585906637908e-01
2.004264430209257153e-01 2.004730073098168197e-01 2.004213716825905267e-01 2.004213736378729349e-01 2.004730005299497908e-01
2.000116011355464463e-01 2.000296326600310703e-01 2.000149563177427703e-01 2.000149574039320477e-01 2.000296337459359641e-01
2.003285667079579002e-01 2.000124314906727430e-01 2.001037756334263229e-01 2.001037759666308424e-01 2.000124316530354218e-01
2.004706785465948105e-01 2.000482142978896594e-01 2.000328592561970431e-01 2.000328594857886944e-01 2.000482155396107742e-01
2.003918777335276513e-01 2.006721769377539377e-01 2.000139595144865834e-01 2.000139596376830364e-01 2.006721778755783114e-01
2.004348089507685671e-01 2.018564667096429122e-01 2.003425812563880137e-01 2.003425812005948936e-01 2.018564677974007127e-01
2.003410727994629770e-01 2.008788343558513823e-01 2.004462760641398666e-01 2.004462772963399309e-01 2.008788345900393291e-01
2.088085689871216621e-01 2.000028388416788261e-01 2.024900359830299479e-01 2.024900370386614745e-01 2.000028391915308068e-01
2.125672861916616529e-01 2.008812135751608940e-01 2.004479633994406818e-01 2.004479640329068502e-01 2.008812142057669614e-01
2.098437631933016689e-01 2.185645453852224640e-01 2.003392765210806614e-01 2.003392766640525735e-01 2.185645470113851407e-01
2.065441468521277135e-01 2.490295699162588527e-01 2.093236400015046350e-01 2.093236402181682942e-01 2.490295695466631931e-01
2.046693532787122738e-01 2.118435490117135944e-01 2.109185346598473898e-01 2.109185344788763183e-01 2.118435474372596383e-01
5.785968964704313322e-01 1.916960389260532471e-01 2.578668746044383009e-01 2.578668723280296837e-01 1.916960386835230845e-01
2.046693526934626750e-01 2.118435480926837144e-01 2.109185353119764905e-01 2.109185334544927681e-01 2.118435482364000311e-01
2.065441463829917890e-01 2.490295717209800030e-01 2.093236400517959339e-01 2.093236401070529551e-01 2.490295709368939292e-01
2.098437648635831654e-01 2.185645496629542162e-01 2.003392764436995321e-01 2.003392764811222360e-01 2.185645477950009519e-01
2.125672909243234432e-01 2.008812147100248746e-01 2.004479638156366761e-01 2.004479635285563166e-01 2.008812140322547846e-01
2.088085777646512542e-01 2.000028393216961853e-01 2.024900389023058522e-01 2.024900381432243601e-01 2.000028390780423937e-01
2.003410747243719037e-01 2.008788358098115845e-01 2.004462777078461766e-01 2.004462774584644391e-01 2.008788352909048891e-01
2.004348106419756304e-01 2.018564724189215731e-01 2.003425833525856736e-01 2.003425833381828891e-01 2.018564717899631045e-01
2.003918813539710686e-01 2.006721825530768111e-01 2.000139612536202260e-01 2.000139611979963317e-01 2.006721818306104743e-01
2.004706850899622417e-01 2.000482177940454132e-01 2.000328623604651634e-01 2.000328623072529510e-01 2.000482176630025977e-01
2.003285754939771179e-01 2.000124348034490740e-01 2.001037808612599056e-01 2.001037807398546309e-01 2.000124349337049912e-01
2.000116068258104007e-01 2.000296393861800415e-01 2.000149633668941718e-01 2.000149633231983470e-01 2.000296393627347125e-01
2.004264432414175623e-01 2.004730115266624701e-01 2.004213744838838351e-01 2.004213746733879697e-01 2.004730116661769534e-01
2.037858028896681051e-01 2.037890648656123516e-01 2.037682686655074016e-01 2.037682685725561160e-01 2.037890653818206499e-01
2.213665079606682573e-01 2.213511995619557304e-01 2.213515822487308604e-01 2.213515821680920592e-01 2.213512000690306403e-01
1.744564422888505995e-01 1.744467374575401075e-01 1.744512351941401584e-01 1.744512351393811000e-01 1.744467378553031522e-01
