1.886330774233479016e-02 1.886330556960102295e-02 1.886330349337394727e-02 1.886330556266134148e-02
1.665625817360142091e-01 1.665625515576378279e-01 1.665625211426174646e-01 1.665625513684818315e-01
1.895889521502126529e-01 1.895886960640551511e-01 1.895884404687961100e-01 1.895886956163936876e-01
1.896114266721592723e-01 1.896105740754835400e-01 1.896097338964346790e-01 1.896105739265595835e-01
2.045926322331114711e-01 2.045923068429905678e-01 2.045920019610322771e-01 2.045923068138345291e-01
2.118677993748860067e-01 2.118678328253714438e-01 2.118678622324266791e-01 2.118678328231178576e-01
2.045348600376581949e-01 2.045347267835868899e-01 2.045345511710507103e-01 2.045347266705981604e-01
1.893469170992136130e-01 1.893446048961372197e-01 1.893422821412779344e-01 1.893446045964814195e-01
1.893550170432216351e-01 1.893465159281899346e-01 1.893382079749872660e-01 1.893465157871337956e-01
2.045946473397058374e-01 2.045912764407880613e-01 2.045882304766414028e-01 2.045912764198342670e-01
2.120692585228163007e-01 2.120695118678795343e-01 2.120697730051098462e-01 2.120695118644905230e-01
2.045880114220837431e-01 2.045871146051985723e-01 2.045856805325920180e-01 2.045871145478409536e-01
1.892998687163204574e-01 1.892816778613517770e-01 1.892632275037575418e-01 1.892816776961177561e-01
1.893389099302918155e-01 1.892710554872702455e-01 1.892054543440920000e-01 1.892710554091682484e-01
2.045859866785464665e-01 2.045592128664173448e-01 2.045367440475971965e-01 2.045592128530756282e-01
2.120644795596270948e-01 2.120665862852982031e-01 2.120695518721280592e-01 2.120665862886460806e-01
2.045759608732242441e-01 2.045703103150547930e-01 2.045580452596764132e-01 2.045703102796718187e-01
1.891954216388110066e-01 1.890593307072671314e-01 1.889176337213843981e-01 1.890593305993462925e-01
1.893665427941003399e-01 1.888520709804945574e-01 1.883620234938822857e-01 1.888520708877886589e-01
2.042677099341577429e-01 2.040803669931354203e-01 2.039497131263182383e-01 2.040803669668706244e-01
2.119868023026685311e-01 2.120114301869384654e-01 2.120582652995637307e-01 2.120114301929167389e-01
2.045533247537529575e-01 2.045238299308338725e-01 2.044112566970905931e-01 2.045238299229134304e-01
1.891539097408082848e-01 1.881706779882738878e-01 1.870770097375633600e-01 1.881706779315916178e-01
1.883716226338327804e-01 1.845909238001039177e-01 1.810597182945135053e-01 1.845909236848111423e-01
1.970228730544152373e-01 1.961530287925918326e-01 1.960591575163014577e-01 1.961530287525315996e-01
2.104106382811347931e-01 2.108830528731294451e-01 2.118815777300469827e-01 2.108830528800951232e-01
2.045452763232250004e-01 2.044533424375824249e-01 2.033466925454791852e-01 2.044533424403564004e-01
1.895532121960337713e-01 1.830487385093640118e-01 1.736792643976710349e-01 1.830487384654337635e-01
1.514016499745542976e-01 1.231717791090351510e-01 9.253642931469992228e-02 1.231717789316381234e-01
3.930326227511204279e-02 2.482669061471277569e-02 9.398760915846975442e-03 2.482669053006793941e-02
4.325809941772676241e-03 2.425811252161095329e-03 7.034630903160868679e-05 2.425811242979383081e-03
