1.886371352141741689e-02 1.886371341252519179e-02 1.886371327772193296e-02 1.886371337240139515e-02
1.665319264404927502e-01 1.665319248493376258e-01 1.665319228184497791e-01 1.665319243335201538e-01
1.891779175189605700e-01 1.891779059142176256e-01 1.891778933028369081e-01 1.891779046173208689e-01
1.892152981976771564e-01 1.892152620090770676e-01 1.892152258422358790e-01 1.892152609671467756e-01
2.045704652066895890e-01 2.045704524239822242e-01 2.045704404854605252e-01 2.045704519988497949e-01
2.118732880459235079e-01 2.118732907866928694e-01 2.118732923813626823e-01 2.118732902292516929e-01
2.041275983740122868e-01 2.041275859628726430e-01 2.041275704446340322e-01 2.041275848406907678e-01
1.845702491841364201e-01 1.845700675214357322e-01 1.845698882881496861e-01 1.845700662390948044e-01
1.847713187563307102e-01 1.847706722160892823e-01 1.847700475649808882e-01 1.847706716396547433e-01
2.042812158677148604e-01 2.042809771279070208e-01 2.042807634003792616e-01 2.042809765912181053e-01
2.118753443361224009e-01 2.118754013414868020e-01 2.118754353343860475e-01 2.118754013262053870e-01
1.993546348767623322e-01 1.993545163236653261e-01 1.993543300138295171e-01 1.993545162173569196e-01
1.374481732388434241e-01 1.374456121416284815e-01 1.374430928433323928e-01 1.374456122240215461e-01
1.379313199419019142e-01 1.379217422210891331e-01 1.379125938490123604e-01 1.379217434759270611e-01
1.996251115229802919e-01 1.996209717997815825e-01 1.996173746804046356e-01 1.996209723364551214e-01
2.117673185263917734e-01 2.117674067973518703e-01 2.117675068525835813e-01 2.117674068564024681e-01
1.996168593929516788e-01 1.996167073496989408e-01 1.996161074287794435e-01 1.996167079329634886e-01
1.378871665105299849e-01 1.378789338806582776e-01 1.378708662359872106e-01 1.378789355689648277e-01
1.374341586531090953e-01 1.374027810389331916e-01 1.373738281082617918e-01 1.374027830048203391e-01
1.993642212015879767e-01 1.993495744116969282e-01 1.993381477489702125e-01 1.993495752577961744e-01
2.118761150809291005e-01 2.118751442039935873e-01 2.118751762831827257e-01 2.118751443631972653e-01
2.042800239344560731e-01 2.042798228489344781e-01 2.042788352214864045e-01 2.042798229664657128e-01
1.847643269497712126e-01 1.847530722067148024e-01 1.847416539740623920e-01 1.847530725863016643e-01
1.845986340977227858e-01 1.845521095687945867e-01 1.845091303058248311e-01 1.845521102403560321e-01
2.041771163873545847e-01 2.041402384055875097e-01 2.041144749747664522e-01 2.041402386602548524e-01
2.119318485746885250e-01 2.119312503742133702e-01 2.119781438479491631e-01 2.119312504133745445e-01
2.045699058863574282e-01 2.045699996300594792e-01 2.046310067375320951e-01 2.045699996702615431e-01
1.892711838921681544e-01 1.893917731606527821e-01 1.890667406060146383e-01 1.893917733272399428e-01
1.917227625659627399e-01 1.903030720563940736e-01 1.860646206391510515e-01 1.903030725229044595e-01
1.816394562931008538e-01 1.674470926346499910e-01 1.460755723589795552e-01 1.674470928409257930e-01
2.919882515378072543e-02 2.081238403847426519e-02 5.654186683967010046e-03 2.081238405550584966e-02
