2.795061867349972473e-02 2.795062052356538096e-02 2.795061823086844241e-02 2.795061480792103425e-02 2.795061577734444039e-02
1.714457364685759433e-01 1.714457406463042732e-01 1.714457364698849517e-01 1.714457264778698753e-01 1.714457282352338519e-01
2.005916585529597396e-01 2.005916833144725520e-01 2.005916936169862275e-01 2.005916826176771806e-01 2.005916728653853731e-01
2.002263620248580234e-01 2.002265429030671562e-01 2.002266640013807553e-01 2.002266505848702693e-01 2.002265302850752271e-01
1.999986713872814181e-01 1.999992403844861877e-01 1.999999287315122609e-01 1.999999185157446957e-01 1.999992280210529383e-01
1.998305430634298996e-01 1.998306049989794220e-01 1.998315226399948463e-01 1.998315326785368717e-01 1.998306088208971765e-01
1.999549232234181795e-01 1.999541122273782168e-01 1.999547994883665025e-01 1.999547997540394584e-01 1.999541064277953195e-01
1.999900945790188123e-01 1.999960255341772242e-01 1.999985335947662701e-01 1.999985353715814929e-01 1.999960204865599833e-01
1.999170209817280330e-01 1.999674078106266628e-01 1.999985096826454312e-01 1.999985114378209083e-01 1.999674025739844874e-01
1.996335643927832082e-01 1.997947712562285205e-01 1.999806487398320121e-01 1.999806495572622744e-01 1.997947678936991545e-01
1.995531344487240788e-01 1.995811175526148729e-01 1.998356824409821542e-01 1.998356824551775768e-01 1.995811167583807222e-01
2.000920053070499305e-01 1.997947013796934901e-01 1.999805880833814276e-01 1.999805883892727953e-01 1.997947019899714849e-01
1.983581745995495471e-01 1.994581684905901708e-01 1.999984693636487343e-01 1.999984695071194418e-01 1.994581662140976763e-01
1.804993445041045141e-01 1.930379455706744685e-01 1.997040088042293660e-01 1.997040093769398561e-01 1.930379416466076747e-01
9.766774748744898316e-02 1.511171418988323800e-01 1.957837649817945891e-01 1.957837655990977421e-01 1.511171397413199891e-01
5.902015558413233227e-04 8.556913931583731703e-02 1.623724295125959227e-01 1.623724296273231782e-01 8.556913884681094373e-02
9.766772685511582175e-02 1.511171363143560820e-01 1.957837654817158324e-01 1.957837655232835539e-01 1.511171364561164909e-01
1.804993333183775583e-01 1.930379427416579474e-01 1.997040094796868615e-01 1.997040096536170928e-01 1.930379432996245370e-01
1.983581759437527958e-01 1.994581653189028414e-01 1.999984687748534162e-01 1.999984689972171825e-01 1.994581654935682347e-01
2.000920061104924652e-01 1.997946963163319545e-01 1.999805880614825837e-01 1.999805882820390179e-01 1.997946966480573516e-01
1.995531073213436812e-01 1.995810990051383182e-01 1.998356765687738790e-01 1.998356767020100788e-01 1.995810995370664587e-01
1.996335386096334819e-01 1.997947607418474603e-01 1.999806501651537338e-01 1.999806501965950556e-01 1.997947614456442589e-01
1.999170130049910121e-01 1.999674074634113508e-01 1.999985126106300082e-01 1.999985126104976141e-01 1.999674079136247729e-01
1.999900940082052769e-01 1.999960258769656607e-01 1.999985358520923462e-01 1.999985358742746855e-01 1.999960260632009101e-01
1.999549216773363336e-01 1.999541097819652613e-01 1.999548000816547821e-01 1.999548000895832178e-01 1.999541098609766421e-01
1.998305418875566397e-01 1.998306082028170894e-01 1.998315299060318406e-01 1.998315299222716002e-01 1.998306083519595655e-01
1.999986597242614794e-01 1.999992383789973016e-01 1.999999275324836345e-01 1.999999275613627558e-01 1.999992386769315345e-01
2.002263488064491281e-01 2.002265371160108498e-01 2.002266556743933223e-01 2.002266556975584866e-01 2.002265373280239513e-01
2.005916439188669687e-01 2.005916714895342734e-01 2.005916805477789833e-01 2.005916805613848219e-01 2.005916715617954427e-01
1.714457179225639394e-01 1.714457202080700848e-01 1.714457185000973216e-01 1.714457185155118524e-01 1.714457202329987273e-01
2.795061444084625743e-02 2.795061505274432437e-02 2.795061414664105903e-02 2.795061415603684873e-02 2.795061506196045570e-02
