1.886371295610853732e-02 1.886371297606580233e-02 1.886371285490196989e-02 1.886371286628857682e-02
1.665319225885016907e-01 1.665319227856948969e-01 1.665319211013015499e-01 1.665319209887189122e-01
1.891778773108719058e-01 1.891778768212151463e-01 1.891778712852336675e-01 1.891778718073548748e-01
1.892152505931420092e-01 1.892152465832667718e-01 1.892152376205006870e-01 1.892152413866174665e-01
2.045704606586133401e-01 2.045704590852175653e-01 2.045704561148301570e-01 2.045704573761748524e-01
2.118732805729998669e-01 2.118732807642128013e-01 2.118732795127845070e-01 2.118732792801437947e-01
2.041273740998001962e-01 2.041273727357390821e-01 2.041273668954285414e-01 2.041273683261712879e-01
1.845678227834274265e-01 1.845678025272954881e-01 1.845677756495563149e-01 1.845677953424525453e-01
1.847686110618434185e-01 1.847685377291923003e-01 1.847684617441800181e-01 1.847685322024054388e-01
2.042808662012048915e-01 2.042808389313426620e-01 2.042808119975665915e-01 2.042808357075678594e-01
2.118752536389794383e-01 2.118752595642635905e-01 2.118752626789673632e-01 2.118752576472291982e-01
1.993518070107814788e-01 1.993517922736887937e-01 1.993517690638704765e-01 1.993517890196889186e-01
1.374197543458391402e-01 1.374194609930218802e-01 1.374191717845733574e-01 1.374194581394651837e-01
1.378967817266227580e-01 1.378956893962305086e-01 1.378946483077141405e-01 1.378956908302161888e-01
1.996188596959900530e-01 1.996183873932871888e-01 1.996179793624729415e-01 1.996183889511159437e-01
2.117672691406635721e-01 2.117672785460660290e-01 2.117672907734369225e-01 2.117672793945216680e-01
1.996168842054890646e-01 1.996168659081283547e-01 1.996168063038274432e-01 1.996168758268156151e-01
1.378822034363997584e-01 1.378812627465248186e-01 1.378803666343458301e-01 1.378812899215720311e-01
1.374086676918731265e-01 1.374050894530240985e-01 1.374018138053793026e-01 1.374051179806582146e-01
1.993518945823095634e-01 1.993502226161428525e-01 1.993489268310336682e-01 1.993502329451636024e-01
2.118752916136818487e-01 2.118751804536022909e-01 2.118751922352936079e-01 2.118751823648845900e-01
2.042806395617450532e-01 2.042806171393506676e-01 2.042805154470773987e-01 2.042806183008472887e-01
1.847667045293969745e-01 1.847654509967727177e-01 1.847641238472990943e-01 1.847654535698343703e-01
1.845702962390212143e-01 1.845648602364091395e-01 1.845595539870794610e-01 1.845648633032483388e-01
2.041356614091386357e-01 2.041298907581258759e-01 2.041253124338748282e-01 2.041298921740280770e-01
2.118836394085281127e-01 2.118832810198071070e-01 2.118914814597711582e-01 2.118832810994536464e-01
2.045703549280080136e-01 2.045703914990834316e-01 2.045852242667487164e-01 2.045703917686779727e-01
1.892244251227040430e-01 1.892528505570131581e-01 1.892178800214553147e-01 1.892528513247437316e-01
1.896555341056399280e-01 1.894650080433502026e-01 1.888151331632614005e-01 1.894650093930891899e-01
1.691599715991662090e-01 1.668477946389405053e-01 1.633075524940467704e-01 1.668477952004362996e-01
2.041567119798705712e-02 1.898604546827357964e-02 1.616284571996307387e-02 1.898604550642335811e-02
