1.883814381776965224e-02 1.883813569082325515e-02 1.883812793254945051e-02 1.883813560010893715e-02
1.659574081730216533e-01 1.659572946780866198e-01 1.659571818610875438e-01 1.659572933002417539e-01
1.829268241963104835e-01 1.829258650320925439e-01 1.829249108417405068e-01 1.829258619049289880e-01
1.831581557967136009e-01 1.831549570370810121e-01 1.831517867387523202e-01 1.831549561125557779e-01
2.041237049896606204e-01 2.041224413339245425e-01 2.041212113056848076e-01 2.041224412182823522e-01
2.118517707875116618e-01 2.118518455150801283e-01 2.118519075354903802e-01 2.118518454850878696e-01
2.028298029870667929e-01 2.028295039005298950e-01 2.028291494100616377e-01 2.028295032932449227e-01
1.693477190076519701e-01 1.693420444779792366e-01 1.693363904479276427e-01 1.693420430697969437e-01
1.696149096488696606e-01 1.695937509379320807e-01 1.695728773884505602e-01 1.695937505667510226e-01
2.030591631205247161e-01 2.030503730236691562e-01 2.030419380725783096e-01 2.030503729956673331e-01
2.120646085915180723e-01 2.120647783887850413e-01 2.120649072344636399e-01 2.120647783864463010e-01
2.020691499898411292e-01 2.020680616360290005e-01 2.020665814513028791e-01 2.020680615108393363e-01
1.588444046363099160e-01 1.588197136557541189e-01 1.587951614604511119e-01 1.588197133593328148e-01
1.590259400928856759e-01 1.589324654548513738e-01 1.588409853782840886e-01 1.589324654513885882e-01
2.021810274678470520e-01 2.021412380249276441e-01 2.021039753870826905e-01 2.021412380433010858e-01
2.120699937497634580e-01 2.120700070616057253e-01 2.120700235776231402e-01 2.120700070594236653e-01
2.021217506810585041e-01 2.021183916298456840e-01 2.021128424178568750e-01 2.021183917559901400e-01
1.587551085333527290e-01 1.586676442346210691e-01 1.585809485434284127e-01 1.586676445783958000e-01
1.588939267756891149e-01 1.585598501338048305e-01 1.582370699221964383e-01 1.585598504646599516e-01
2.021898578568626370e-01 2.020441077107908157e-01 2.019128987314441903e-01 2.020441078123031142e-01
2.120671130219566047e-01 2.120646910337564139e-01 2.120636830548553176e-01 2.120646910344247682e-01
2.030112052374136444e-01 2.030035627514782115e-01 2.029860078657381162e-01 2.030035629409540077e-01
1.692477460290290059e-01 1.689958854753848549e-01 1.687468504927917834e-01 1.689958860356128578e-01
1.697006682405830247e-01 1.687252809116314978e-01 1.678001205375222460e-01 1.687252815604373957e-01
2.032011861081695070e-01 2.027517044510532551e-01 2.023725391990492672e-01 2.027517046800491052e-01
2.119015040157039009e-01 2.118840476123526051e-01 2.119114671762210023e-01 2.118840476170503473e-01
2.041003521788427033e-01 2.040910925901282258e-01 2.040978631899154072e-01 2.040910927195687119e-01
1.831983677876931338e-01 1.827790888930574398e-01 1.820981898499691998e-01 1.827790894486315543e-01
1.859988048312097297e-01 1.831442329049575712e-01 1.786538018441030939e-01 1.831442340510298639e-01
1.764249381314905163e-01 1.664256622978993183e-01 1.519763622988745677e-01 1.664256627850010106e-01
2.523452149603836597e-02 1.969261070273824188e-02 9.451806111078790359e-03 1.969261073916152988e-02
