2.093173741736061022e-01 2.093173929706331204e-01 2.093172353757501714e-01 2.093172087472210396e-01
2.555777932977758016e-01 2.555777510997110369e-01 2.555772845273596161e-01 2.555772453853072390e-01
2.825722369434040537e-01 2.825725800606340710e-01 2.825708104938142173e-01 2.825707752015964580e-01
2.807908152121120771e-01 2.807912774143260237e-01 2.807860569991151301e-01 2.807854391247856518e-01
2.319175768194365328e-01 2.319174658454982996e-01 2.319155729707816915e-01 2.319150246288123884e-01
2.184885910188729408e-01 2.184889072937083732e-01 2.184888094085987442e-01 2.184881756742199088e-01
2.059011188745846210e-01 2.059025091729269064e-01 2.059044311749699541e-01 2.059050523027060597e-01
1.899003757846690066e-01 1.898989363208126724e-01 1.898991432541460578e-01 1.898999195201580836e-01
1.897715433056522960e-01 1.897731169154238950e-01 1.897712513010046120e-01 1.897677747458895170e-01
2.047217081912480752e-01 2.047204143628578166e-01 2.047214168413478974e-01 2.047184273599035043e-01
2.121350312803638727e-01 2.121340013002290803e-01 2.121352122536796780e-01 2.121344080742789129e-01
2.046607657947829284e-01 2.046614590262995914e-01 2.046624791271956789e-01 2.046627444103619187e-01
1.893850092869182322e-01 1.893843392574538764e-01 1.893832405907873162e-01 1.893837151200553626e-01
1.893099823596805509e-01 1.893092483869326104e-01 1.893078477126210191e-01 1.893085702919484470e-01
2.046046799377757019e-01 2.046051303928864140e-01 2.046067486955586712e-01 2.046055994531424949e-01
2.121819935527247125e-01 2.121869385776719297e-01 2.121882958929968699e-01 2.121858938435586261e-01
2.046846963727337043e-01 2.046885223487381611e-01 2.046893773358585966e-01 2.046869931359783235e-01
1.891640253413193751e-01 1.891684284596210075e-01 1.891663642373279108e-01 1.891703725567955019e-01
1.890811830146802985e-01 1.890827538652327389e-01 1.890819375494757482e-01 1.890839354631458635e-01
2.046220131659792774e-01 2.046225346519248700e-01 2.046218922186245071e-01 2.046219724733197021e-01
2.121866890150155838e-01 2.121857085218094574e-01 2.121834697439499151e-01 2.121847140977722868e-01
2.045872857380112708e-01 2.045893150250800152e-01 2.045943483921340289e-01 2.045926875080278928e-01
1.892431647581994947e-01 1.892422197424876440e-01 1.892433703024654357e-01 1.892440104201373596e-01
1.893596705246635148e-01 1.893566086103105062e-01 1.893536540148001435e-01 1.893547860763974133e-01
2.046959046569023777e-01 2.046873727610684091e-01 2.046876082839064470e-01 2.046890506995046877e-01
2.121156973026452064e-01 2.121264137914561920e-01 2.121676439797212099e-01 2.121266303823762800e-01
2.045994048805008791e-01 2.046018423372981399e-01 2.044796979950319615e-01 2.046028776105642544e-01
1.897918465612643268e-01 1.897233920628710879e-01 1.887351003011161488e-01 1.897233136313827007e-01
1.938048112971161585e-01 1.904318182034731299e-01 1.868032298044332018e-01 1.904318320641975593e-01
2.211875467720326172e-01 2.091533427085637553e-01 2.200370412060072001e-01 2.091533480296865477e-01
1.597851798467639084e-01 1.835513191281560874e-01 3.518768361637381603e-01 1.835513181220254642e-01
