2.271623529291958987e-01 2.272535985860072716e-01 2.271365448147954769e-01 2.269724589135058146e-01 2.269758754118067212e-01
3.138330463170157514e-01 3.142542152382342691e-01 3.137101817196130682e-01 3.129583540180434498e-01 3.129794262767418567e-01
2.590103855246282394e-01 2.594574771995049045e-01 2.588625864540693988e-01 2.579895289575314665e-01 2.579623390243199754e-01
2.543785569420169423e-01 2.544274160579675370e-01 2.542521901502061699e-01 2.539423320805779816e-01 2.538827523790319063e-01
2.935872931321753532e-01 2.935565577176994512e-01 2.934102987081685932e-01 2.933737248066968228e-01 2.933511421344420778e-01
2.533448619225197040e-01 2.533364896690515899e-01 2.531599251208592194e-01 2.530676811420601857e-01 2.530728727599054761e-01
2.526910601003494738e-01 2.527153139181398944e-01 2.525173879760660434e-01 2.523605336969826363e-01 2.524370829925637327e-01
2.907471602225055740e-01 2.909112736665213084e-01 2.901957189974750384e-01 2.895935292934165295e-01 2.899128717190853632e-01
2.429401222255320736e-01 2.431071003527834895e-01 2.423560328129658881e-01 2.417350001120940894e-01 2.420627383001321964e-01
2.149123209004532298e-01 2.149443832311462854e-01 2.147585024150963362e-01 2.146010453504214877e-01 2.146729304911984826e-01
2.149157401522747979e-01 2.149078386628744397e-01 2.149370341723086941e-01 2.149528202612219496e-01 2.149156736321820305e-01
2.416269729375009612e-01 2.415731420501860960e-01 2.418737759925715658e-01 2.421059642551745827e-01 2.419324553706977965e-01
2.845925835665769621e-01 2.844180858867818018e-01 2.854256365321491962e-01 2.862172002060950349e-01 2.856962191337100720e-01
2.410078336229234397e-01 2.408334101852592224e-01 2.418415711949442604e-01 2.426321515668033169e-01 2.421146893206149453e-01
2.121461637860944938e-01 2.120891938967311985e-01 2.124045867864963189e-01 2.126544547113500550e-01 2.124906802219970470e-01
2.029456209099401442e-01 2.029279495635315511e-01 2.030283802666093818e-01 2.031063887926182199e-01 2.030508146383387946e-01
2.006244054437661128e-01 2.006166194204417053e-01 2.006417102487456083e-01 2.006555904861871409e-01 2.006319707515635542e-01
2.002183808088965622e-01 2.002048770120062327e-01 2.001985130792422185e-01 2.002038521474833466e-01 2.002040411989160218e-01
2.001332814560563556e-01 2.001774279398177703e-01 2.001837883895016545e-01 2.001990055236933519e-01 2.001910061920955941e-01
2.001904199612283553e-01 2.002167413982471889e-01 2.002157662579368280e-01 2.002032064185396421e-01 2.001894642001922908e-01
2.001056394260945503e-01 2.001303054599078979e-01 2.001185627901500286e-01 2.001193785925078350e-01 2.001727850213007032e-01
1.999638392201075754e-01 2.000138606922303441e-01 2.000295269515529051e-01 2.000447678947758212e-01 2.000676895958746482e-01
1.995050536813361697e-01 1.995200465367596432e-01 1.995172399166291188e-01 1.995162630730211162e-01 1.995241981576149348e-01
1.993458360779871985e-01 1.993466010307248792e-01 1.993464074003626074e-01 1.993467188158192516e-01 1.993479121106393470e-01
1.997256699812021696e-01 1.997259513571995326e-01 1.997264864143456220e-01 1.997264624055816173e-01 1.997266691076530765e-01
1.999313188716942691e-01 1.999315869444959759e-01 1.999320445109119548e-01 1.999323045494090512e-01 1.999324983462021366e-01
2.002061773373846054e-01 2.002063402100892620e-01 2.002066382614306750e-01 2.002068313888722417e-01 2.002069330115835155e-01
2.004066653766348460e-01 2.004067303519993792e-01 2.004068498248148533e-01 2.004069420176554095e-01 2.004070097505194492e-01
2.007212436898257457e-01 2.007212664817380754e-01 2.007212868544557272e-01 2.007213054178470513e-01 2.007213422239925160e-01
1.715449861620136629e-01 1.715449906958102511e-01 1.715449853378355205e-01 1.715449832968843069e-01 1.715450008496748890e-01
2.798563619505157682e-02 2.798563582183631951e-02 2.798563753777217819e-02 2.798563972013487847e-02 2.798564175583619779e-02
