1.750962971923524236e-01 1.751034901987671144e-01 1.750236060014390138e-01 1.749685747890371568e-01 1.750122668073330612e-01
2.245800441796963476e-01 2.246103584273509979e-01 2.242687860206419304e-01 2.240310889717713472e-01 2.242202730397072075e-01
2.168301230420384140e-01 2.169262361085683988e-01 2.158377919739617179e-01 2.150746162846300658e-01 2.156816511231415823e-01
2.445527243019827435e-01 2.448914753248171705e-01 2.410932419565249840e-01 2.384654160468821782e-01 2.405540973596186072e-01
2.891571450856118553e-01 2.896743327388554556e-01 2.838140549485332897e-01 2.798241109217126654e-01 2.830110366702252023e-01
2.442361635394794672e-01 2.445613704533864119e-01 2.408128227859353820e-01 2.382687803468944432e-01 2.403158711504903844e-01
2.136975563753018004e-01 2.137936161648012201e-01 2.126602891360885872e-01 2.118820923206243823e-01 2.125218531139631828e-01
2.061659376729281234e-01 2.061642470318926224e-01 2.057634823184129325e-01 2.055032558101895779e-01 2.057744618161163053e-01
2.129464297256171423e-01 2.128265391451488464e-01 2.123998386007436290e-01 2.122335098409268428e-01 2.126068617319561427e-01
2.421343149201005407e-01 2.416395045558742682e-01 2.402832843491168602e-01 2.399295234214374184e-01 2.410883883501983849e-01
2.876595550368112875e-01 2.864195500263281846e-01 2.832136596667544359e-01 2.824511663865815203e-01 2.851586711197289792e-01
2.441165369490451154e-01 2.430196183270302013e-01 2.402593422399670053e-01 2.396281936430440795e-01 2.419484817206894178e-01
2.131140627527559894e-01 2.128577157841962386e-01 2.120823987884037920e-01 2.119054486559194539e-01 2.125497615099287418e-01
2.028017095095523137e-01 2.029296343335874331e-01 2.029504525421611527e-01 2.029007667720796604e-01 2.028445494175750985e-01
2.006411464766538477e-01 1.996235820060810739e-01 2.005086045888884727e-01 2.005013144636961231e-01 1.996048566820766978e-01
2.111041996289675371e-01 1.999194092842725423e-01 1.992650190344699146e-01 1.992620620791723529e-01 1.999120923546740536e-01
2.000774337813160109e-01 1.990557055278524001e-01 1.999957857797211302e-01 1.999992391274700021e-01 1.990690555690124985e-01
1.996283199408123432e-01 1.998291903640814771e-01 2.000726960834169621e-01 2.000753039571531167e-01 1.998406537594903387e-01
1.999666212162231893e-01 2.000314258028036141e-01 2.000426878858607149e-01 2.000428598844952721e-01 2.000353562935733853e-01
1.999630039519851576e-01 1.999707358406438151e-01 1.999671530135562203e-01 1.999670706727804115e-01 1.999713469967379642e-01
1.998606095810898098e-01 1.998593981570991329e-01 1.998579115165052267e-01 1.998579475406013772e-01 1.998598792541613489e-01
1.998016240192952986e-01 1.998013784443304630e-01 1.998014148125026312e-01 1.998013593952215339e-01 1.998015276450388344e-01
1.998496654649572213e-01 1.998497538316990341e-01 1.998497857891681495e-01 1.998497659574616780e-01 1.998498308484586705e-01
1.999445934984008244e-01 1.999446461655947360e-01 1.999445969723414873e-01 1.999445813142021466e-01 1.999446610442087435e-01
1.999738708113485697e-01 1.999738730662916908e-01 1.999738687668829173e-01 1.999738634902223644e-01 1.999738820547145579e-01
1.998847012172379756e-01 1.998847020430439270e-01 1.998847138495544462e-01 1.998847118366358921e-01 1.998847169107706712e-01
2.000615271432367170e-01 2.000615269191524936e-01 2.000615256796013375e-01 2.000615256641458117e-01 2.000615281715923954e-01
2.002828974925755512e-01 2.002828985645605520e-01 2.002828977894151596e-01 2.002828964514044019e-01 2.002828971338591613e-01
2.006382402080618410e-01 2.006382405204681918e-01 2.006382398488822105e-01 2.006382391215672523e-01 2.006382395702294152e-01
1.714857644588234920e-01 1.714857646114128220e-01 1.714857644062713904e-01 1.714857640437426056e-01 1.714857641469933469e-01
2.796439627804340328e-02 2.796439631026519795e-02 2.796439630012821989e-02 2.796439622217103058e-02 2.796439622192070651e-02
