3.067685793245325879e-03 3.075089355759333051e-03 3.079482473863455558e-03 3.079482524596649680e-03 3.075089545634827719e-03
4.002553788666191742e-02 4.005503490951484169e-02 4.005090542685899729e-02 4.005090622376461518e-02 4.005503678211689428e-02
1.701121926933248096e-01 1.701683391178156757e-01 1.701490012664421680e-01 1.701490018512358537e-01 1.701683400345579411e-01
1.985336360936232336e-01 1.986790606824903604e-01 1.987416301831801402e-01 1.987416301096169846e-01 1.986790579452248351e-01
1.989815116397569417e-01 1.994843224314936381e-01 1.999548291499986807e-01 1.999548291063205085e-01 1.994843199948232448e-01
1.965838676677471031e-01 1.972178565997239064e-01 1.979131614715291532e-01 1.979131620937019109e-01 1.972178559307505297e-01
1.915733331656671867e-01 1.917363865450014693e-01 1.920997224443091733e-01 1.920997236023485877e-01 1.917363853600714818e-01
1.981829616060722110e-01 1.980239604142047249e-01 1.981881634782658719e-01 1.981881637689930087e-01 1.980239578172058867e-01
1.982358238183274390e-01 1.991045631859477971e-01 1.998793917956808719e-01 1.998793918580803741e-01 1.991045589346562006e-01
1.899592105664332786e-01 1.949161598533934170e-01 1.995539769276120645e-01 1.995539768619577492e-01 1.949161567507019244e-01
1.811386632507121786e-01 1.883031526223250540e-01 1.959121158193309620e-01 1.959121165091112504e-01 1.883031519260580655e-01
1.922761250696403135e-01 1.945734101978626451e-01 1.991045223373427986e-01 1.991045234302123434e-01 1.945734083889889554e-01
1.999823547076761410e-01 1.981256774710827839e-01 1.998668333836567668e-01 1.998668335040758581e-01 1.981256741699083668e-01
1.874734887435207942e-01 1.936819177584705731e-01 1.997553266025096919e-01 1.997553266615990364e-01 1.936819135574790185e-01
1.201211699237783315e-01 1.605738484007609990e-01 1.965790063866609816e-01 1.965790063675004751e-01 1.605738461598011091e-01
3.924223651949636238e-02 1.075722779922976824e-01 1.694653885906912127e-01 1.694653894090621948e-01 1.075722786162264660e-01
1.201211611853799516e-01 1.605738488950615994e-01 1.965790082085580592e-01 1.965790091831731701e-01 1.605738482426422586e-01
1.874734816308957497e-01 1.936819157728262575e-01 1.997553272761009857e-01 1.997553272579877526e-01 1.936819145438015699e-01
1.999823541046687470e-01 1.981256749544753337e-01 1.998668329453475168e-01 1.998668325678140678e-01 1.981256742383486757e-01
1.922761235096915877e-01 1.945734060140641430e-01 1.991045196266769957e-01 1.991045191929935454e-01 1.945734058190500271e-01
1.811386597756794725e-01 1.883031514719844257e-01 1.959121154178400936e-01 1.959121154334232673e-01 1.883031524065623408e-01
1.899592020075282772e-01 1.949161574525392349e-01 1.995539772216805563e-01 1.995539773598139499e-01 1.949161588801024136e-01
1.982358181878381698e-01 1.991045596359795056e-01 1.998793919729841273e-01 1.998793920845693406e-01 1.991045606950976599e-01
1.981829610019477661e-01 1.980239581590739761e-01 1.981881634205755194e-01 1.981881629131768685e-01 1.980239578183254634e-01
1.915733305391664199e-01 1.917363830110438427e-01 1.920997205975752131e-01 1.920997199785997589e-01 1.917363825333082694e-01
1.965838625806483608e-01 1.972178542574179183e-01 1.979131604060325733e-01 1.979131602352624808e-01 1.972178546263295973e-01
1.989815037109143869e-01 1.994843198453541133e-01 1.999548287873056662e-01 1.999548287824541026e-01 1.994843208183953720e-01
1.985336309743280236e-01 1.986790584839783769e-01 1.987416300865730012e-01 1.987416301455535439e-01 1.986790592541882450e-01
1.701121925613260921e-01 1.701683413962448710e-01 1.701490037745193584e-01 1.701490032025745613e-01 1.701683406226961737e-01
4.002554365846733297e-02 4.005504275359605265e-02 4.005091318608527268e-02 4.005091259800076103e-02 4.005504178509815966e-02
3.067686963194530669e-03 3.075090758601081633e-03 3.079483876540960955e-03 3.079483830030577303e-03 3.075090674360842716e-03
