1.887489848794613595e-02 1.887489800179664723e-02 1.887489516174170601e-02 1.887489576706219419e-02
1.666088454403791830e-01 1.666088371077716068e-01 1.666088047722438792e-01 1.666088135333569087e-01
1.896466091986684088e-01 1.896465940093037539e-01 1.896465154513528317e-01 1.896465322594365344e-01
1.896075718416500022e-01 1.896075810215912538e-01 1.896075167156464902e-01 1.896075133748797992e-01
2.045940950747913711e-01 2.045941022300387935e-01 2.045940812212708459e-01 2.045940773556790271e-01
2.119521036429468375e-01 2.119520769309512220e-01 2.119520501646707800e-01 2.119520468896698429e-01
2.046091242133756816e-01 2.046088738136349061e-01 2.046083097832672448e-01 2.046084776665750560e-01
1.889934245115218736e-01 1.889929948800666837e-01 1.889913757070791345e-01 1.889917380051262530e-01
1.888851892560881596e-01 1.888853254461519970e-01 1.888834918586238809e-01 1.888835492095930213e-01
2.045694942926570836e-01 2.045692167126663408e-01 2.045689452682765419e-01 2.045697956974811549e-01
2.121663909251826907e-01 2.121645769474796162e-01 2.121662014196167290e-01 2.121670798063506336e-01
2.044929245700555509e-01 2.044893632846373210e-01 2.044870961369936457e-01 2.044795268080076556e-01
1.879732774527229089e-01 1.879900035295414273e-01 1.879573407456044953e-01 1.878967615028360461e-01
1.880076960867560487e-01 1.880412227876984976e-01 1.879911335173207465e-01 1.879331635066393003e-01
2.045841704748424250e-01 2.045538640453489210e-01 2.045502573561835125e-01 2.045985779878229105e-01
2.120484282964618938e-01 2.120829404492946824e-01 2.120701432729742708e-01 2.120814247926142704e-01
2.028080466610759913e-01 2.028671282987950519e-01 2.028656561346432741e-01 2.028237872440755707e-01
1.708536770893984147e-01 1.708797304355744173e-01 1.708220377491235786e-01 1.707895965631440471e-01
1.714481704527461570e-01 1.713841568743560417e-01 1.713288036849826002e-01 1.713999876121190258e-01
2.031664870472418560e-01 2.031410819122623779e-01 2.031266893214658531e-01 2.031558283173519330e-01
2.117055291764735614e-01 2.117135828047317925e-01 2.117201896960285157e-01 2.117141082831370813e-01
1.958590267612109193e-01 1.958607376480567541e-01 1.958264412307172408e-01 1.958261707013681241e-01
1.033864630202150497e-01 1.031528500662746983e-01 1.028557202114899066e-01 1.030750028067601021e-01
1.038780621026816758e-01 1.028871391803943686e-01 1.019738609792890105e-01 1.028706607325902411e-01
1.961192246235363978e-01 1.956312029312806400e-01 1.952753403952525724e-01 1.956328481763394134e-01
2.115565123864032726e-01 2.115222375569338897e-01 2.115726468353895107e-01 2.115227842942395131e-01
2.041031803264402311e-01 2.041061838185345423e-01 2.041385946655438488e-01 2.041039360139019210e-01
1.829569572374475095e-01 1.827994307315914113e-01 1.822046168331823146e-01 1.827933499811328077e-01
1.858258053417583266e-01 1.832749878610883953e-01 1.781048883405682570e-01 1.832734546181207791e-01
1.814019299053930556e-01 1.666436694811663510e-01 1.449840573745228012e-01 1.666435940729668608e-01
2.919689275898079694e-02 2.074161144372418594e-02 5.633204469618739892e-03 2.074159904526463524e-02
