2.093143086651113594e-01 2.093143092936239347e-01 2.093143118779015599e-01 2.093143114297197904e-01
2.556185398372014528e-01 2.556185419727544650e-01 2.556185619332027037e-01 2.556185600888405962e-01
2.825993490880457371e-01 2.825993564871349673e-01 2.825994034758141371e-01 2.825993964809936365e-01
2.808101663469649845e-01 2.808101973394033779e-01 2.808100034672192380e-01 2.808099761860336496e-01
2.319671723621051784e-01 2.319671849445084089e-01 2.319671124770840975e-01 2.319671015785386980e-01
2.185217621838531910e-01 2.185217637032626503e-01 2.185217523476527535e-01 2.185217482467846917e-01
2.060225303769246119e-01 2.060225339628092012e-01 2.060226358648299116e-01 2.060226388260845420e-01
1.903363923122634027e-01 1.903364000308325477e-01 1.903366233197724411e-01 1.903366329971979409e-01
1.903661245648304023e-01 1.903661155886817447e-01 1.903660509993926886e-01 1.903660635876014140e-01
2.060747907316774763e-01 2.060747357500803678e-01 2.060746845242958092e-01 2.060746969987641286e-01
2.185288417724826904e-01 2.185287842188114726e-01 2.185287003511684478e-01 2.185287583628570118e-01
2.316205318141583425e-01 2.316203244417816831e-01 2.316201149218554411e-01 2.316203510020851675e-01
2.782057221490610854e-01 2.782048966333661721e-01 2.782043204890350951e-01 2.782049495112524085e-01
2.782082583993668035e-01 2.782057715017373090e-01 2.782048482147158053e-01 2.782059983506029455e-01
2.316234676933329739e-01 2.316226282862210162e-01 2.316225577232022825e-01 2.316227542625758640e-01
2.185335338856765897e-01 2.185338152631958464e-01 2.185336794386476544e-01 2.185339214360763338e-01
2.060873127835823326e-01 2.060872957052769794e-01 2.060872293567190816e-01 2.060873278411645693e-01
1.904003126544022984e-01 1.904002287641118896e-01 1.904001832592545629e-01 1.904002369652981197e-01
1.903995595917207517e-01 1.903995289091984511e-01 1.903994940365667798e-01 1.903995206998313483e-01
2.060883624017648408e-01 2.060883635802801817e-01 2.060883543444641253e-01 2.060883628739679507e-01
2.185551914875804025e-01 2.185552231773116860e-01 2.185552167275185975e-01 2.185552264777701204e-01
2.317800582697523981e-01 2.317801654184689641e-01 2.317801796343259557e-01 2.317801795796395614e-01
2.784728670691521968e-01 2.784730417784010981e-01 2.784731600694868026e-01 2.784730704822097058e-01
2.784650770112269691e-01 2.784651199314088776e-01 2.784651506536846011e-01 2.784651288089102783e-01
2.317815789714996189e-01 2.317815931896473614e-01 2.317816007690529090e-01 2.317815966416014450e-01
2.185286218159871174e-01 2.185286273241301980e-01 2.185286298375208325e-01 2.185286290413549215e-01
2.059041149212412769e-01 2.059041171685561944e-01 2.059041183678050890e-01 2.059041180713449826e-01
1.902838079903469426e-01 1.902838096357476749e-01 1.902838104282808529e-01 1.902838098518099541e-01
1.938654570063320370e-01 1.938654573733454289e-01 1.938654573488150790e-01 1.938654572571276435e-01
2.290337209160024090e-01 2.290337210389580824e-01 2.290337209721776124e-01 2.290337209291501142e-01
2.020057250964733542e-01 2.020057251287483979e-01 2.020057251013407662e-01 2.020057250894689849e-01
