1.886371637979997878e-02 1.886371609527615761e-02 1.886371584629981113e-02 1.886371608424809027e-02
1.665319795373785827e-01 1.665319757067597606e-01 1.665319718509601921e-01 1.665319754720052392e-01
1.891784781432456763e-01 1.891784465970627604e-01 1.891784152364365534e-01 1.891784459960208775e-01
1.892158710632425578e-01 1.892157680158583766e-01 1.892156672932600869e-01 1.892157676064087080e-01
2.045705191846235449e-01 2.045704829607490338e-01 2.045704493661560375e-01 2.045704828115207374e-01
2.118733059572547595e-01 2.118733140919780711e-01 2.118733185204033087e-01 2.118733140781216551e-01
2.041281475148527813e-01 2.041281135857235529e-01 2.041280700109425472e-01 2.041281134737802094e-01
1.845762154272758693e-01 1.845757006700992631e-01 1.845751929080451659e-01 1.845757002469980701e-01
1.847778734981011250e-01 1.847760338148140002e-01 1.847742576767131550e-01 1.847760331337532369e-01
2.042820289067243111e-01 2.042813499420705892e-01 2.042807422438674969e-01 2.042813495720319783e-01
2.118755049057957363e-01 2.118756676112594217e-01 2.118757645278410151e-01 2.118756675669160594e-01
1.993599260820478336e-01 1.993595900114870090e-01 1.993590605574030450e-01 1.993595900065416315e-01
1.375024627428291790e-01 1.374951751600412830e-01 1.374880058093609914e-01 1.374951749934000267e-01
1.379981742671952116e-01 1.379709131184539694e-01 1.379448713781240843e-01 1.379709128273758079e-01
1.996374014334865998e-01 1.996256172401979223e-01 1.996153789166483505e-01 1.996256170472278380e-01
2.117674384282654254e-01 2.117676884700067930e-01 2.117679735429758847e-01 2.117676883676089250e-01
1.996189663899457234e-01 1.996185341045607631e-01 1.996168249502752179e-01 1.996185344047325116e-01
1.379189530576367118e-01 1.378955282658231862e-01 1.378725678130317545e-01 1.378955290291928037e-01
1.375087748889612382e-01 1.374194935650779048e-01 1.373371065038500316e-01 1.374194940261589948e-01
1.993919950269697206e-01 1.993503554279166257e-01 1.993178659980734957e-01 1.993503556634140528e-01
2.118777919606202043e-01 2.118750331212848892e-01 2.118750406040809942e-01 2.118750332275913528e-01
2.042789100613419118e-01 2.042783249934289336e-01 2.042754343140765483e-01 2.042783251496644026e-01
1.847614178944930186e-01 1.847290348715284747e-01 1.846971826635892822e-01 1.847290351292240063e-01
1.846550561793438572e-01 1.845252371136887337e-01 1.844093354644410487e-01 1.845252375105536080e-01
2.042240673528659956e-01 2.041427137477779541e-01 2.040905471664290760e-01 2.041427139340243058e-01
2.119672201629507202e-01 2.119663546331407855e-01 2.120398611802067901e-01 2.119663546717969749e-01
2.045692629625248671e-01 2.045690712528273891e-01 2.046272375100639529e-01 2.045690712784224152e-01
1.893111532316467394e-01 1.894277587970810139e-01 1.887013655540488999e-01 1.894277588611024410e-01
1.930019808020614069e-01 1.901706209986480933e-01 1.825335131543938394e-01 1.901706211742755226e-01
1.908834842564704204e-01 1.666231597602179648e-01 1.306120602650807372e-01 1.666231598442060313e-01
3.769058159073940956e-02 2.390553964705870518e-02 9.799156461585971541e-04 2.390553965671853714e-02
