2.034052766653674238e-01 2.034062049573303332e-01 2.034071228466864389e-01 2.034062048515550558e-01
2.444643411587690829e-01 2.444682124994168038e-01 2.444721101306363276e-01 2.444682120978208806e-01
2.340847912250033080e-01 2.340878627525715405e-01 2.340910148733298390e-01 2.340878628661568484e-01
2.253836019093289900e-01 2.253724836935941112e-01 2.253611655825425997e-01 2.253724840886795755e-01
2.246263083591748533e-01 2.246334042348824833e-01 2.246401684156252576e-01 2.246334036107736909e-01
2.193842757063157733e-01 2.193913798969177598e-01 2.193984586627513722e-01 2.193913795266856093e-01
2.261293087750377295e-01 2.261359793792512285e-01 2.261428375584964012e-01 2.261359792295415949e-01
2.298746450719296452e-01 2.298748727057020602e-01 2.298752083087629017e-01 2.298748730201598534e-01
2.319779675582852307e-01 2.319670108960609767e-01 2.319556720612250544e-01 2.319670104493509188e-01
2.242771710703660715e-01 2.242824182008754386e-01 2.242874449814498961e-01 2.242824179915258453e-01
2.177900642241134832e-01 2.177852591372284596e-01 2.177806010712582674e-01 2.177852592996307179e-01
2.238376719920112112e-01 2.238187685406622107e-01 2.237982540107699703e-01 2.238187691679987823e-01
2.306225767070445021e-01 2.306239115610452806e-01 2.306227825253855668e-01 2.306239104677327290e-01
2.289607744153054070e-01 2.289947858389031476e-01 2.290325289857988444e-01 2.289947859495164995e-01
2.252753658574032092e-01 2.252421688738759642e-01 2.252154912480073268e-01 2.252421692755310068e-01
2.190744764910629305e-01 2.190414556454122474e-01 2.190093578504052618e-01 2.190414560749714967e-01
2.253218719271693760e-01 2.252876362394897747e-01 2.252488086453476313e-01 2.252876368868444168e-01
2.290931513834620348e-01 2.290991726057160227e-01 2.291007624035457657e-01 2.290991709324825265e-01
2.306740409915728207e-01 2.307241328702350214e-01 2.307824429937856692e-01 2.307241338519955276e-01
2.238946157010228977e-01 2.238589469374735463e-01 2.238299683162939535e-01 2.238589473221262172e-01
2.177739763518671268e-01 2.177842161452875902e-01 2.177927081632429207e-01 2.177842163282477095e-01
2.241647712091935085e-01 2.242174552359497974e-01 2.243101120365560142e-01 2.242174552887203909e-01
2.318428677280959527e-01 2.318219210597763924e-01 2.318599790054866883e-01 2.318219213109618537e-01
2.298655485851407998e-01 2.297697596412261178e-01 2.295705463665947133e-01 2.297697598252681495e-01
2.259098648832939815e-01 2.261281770868930341e-01 2.261593214790732775e-01 2.261281769909560535e-01
2.192109734226873885e-01 2.194039560553331658e-01 2.195707628140646239e-01 2.194039558424158431e-01
2.245545041888558635e-01 2.246858883875407775e-01 2.250554766540797946e-01 2.246858880141859860e-01
2.257234353356952772e-01 2.255758027493897089e-01 2.256371161603149544e-01 2.255758042728736867e-01
2.346763767752269858e-01 2.341615212564780169e-01 2.331256301758637406e-01 2.341615204729919908e-01
2.433970103577087207e-01 2.431251177187345180e-01 2.443563742724798871e-01 2.431251175408741527e-01
1.996332730627342067e-01 2.023550408363131714e-01 2.153550250309450576e-01 2.023550407911944848e-01
