1.889007143865882310e-01 1.889048747093351466e-01 1.888690116580256650e-01 1.888343068474743203e-01 1.888431748572704794e-01
2.635614698899863551e-01 2.635386879187522902e-01 2.633297729095819273e-01 2.631557376650586755e-01 2.631953625113705453e-01
2.958653640719529632e-01 2.957801212595277396e-01 2.955039540056645930e-01 2.952006858134335054e-01 2.948464621099216032e-01
2.544909713097283088e-01 2.539885641269021277e-01 2.536284745055283896e-01 2.535859826988020593e-01 2.527240161417099173e-01
2.522544717136575576e-01 2.516492466915843385e-01 2.517719102081540372e-01 2.521684146274942862e-01 2.516509812458974649e-01
2.956433185859629886e-01 2.950629295736276747e-01 2.952770356138630370e-01 2.955075489890738871e-01 2.951848941430918472e-01
2.526063810781272179e-01 2.525505619614027975e-01 2.521962047286450681e-01 2.521676057002110172e-01 2.521710481198548015e-01
2.524775655572918942e-01 2.525326349189742636e-01 2.522668377354632119e-01 2.522814240026263199e-01 2.521376639201103886e-01
2.898816702051762451e-01 2.899890826733020344e-01 2.894680402276570419e-01 2.890818842693727020e-01 2.890985863266118394e-01
2.422338525106918494e-01 2.423254610569644252e-01 2.419033981761954111e-01 2.414243067836621126e-01 2.415197969266664468e-01
2.121565556726940638e-01 2.121975641909441546e-01 2.120544491598159442e-01 2.119164283962053918e-01 2.119585918388403323e-01
2.034674924301456134e-01 2.034049474135278257e-01 2.032654066992885256e-01 2.032238304415401320e-01 2.033295566104051655e-01
2.034525748651797028e-01 2.033773814956499337e-01 2.027075964980628864e-01 2.026439639094680667e-01 2.032440748769311911e-01
2.105611265777865559e-01 2.103978327994249498e-01 2.091861646636799799e-01 2.091510029225967515e-01 2.101395129890912816e-01
2.482799708651840520e-01 2.310148848930620724e-01 2.282666465674958456e-01 2.282767398150499505e-01 2.307258286971034522e-01
4.572914647954868794e-01 2.814883573745750045e-01 2.604378092787508203e-01 2.603797740745835143e-01 2.813253999530520022e-01
2.475275905206845151e-01 2.305209654882623971e-01 2.283291894674362998e-01 2.282733353412664812e-01 2.304267938545007111e-01
2.100085283096321254e-01 2.099978746150387710e-01 2.090764448200112535e-01 2.090516118578467641e-01 2.099384756583735079e-01
2.026432536323697353e-01 2.026290064515146039e-01 2.020694645536119105e-01 2.020447302138832779e-01 2.025905279561645012e-01
2.005115434208815939e-01 2.004810726582600677e-01 2.003631410382389622e-01 2.003616119996734779e-01 2.004638419372163083e-01
2.001302620546298594e-01 2.001455095032431408e-01 2.001230687684919796e-01 2.001732434243617131e-01 2.001756292171413820e-01
2.001351651478130711e-01 2.001787090271471836e-01 2.002077157326228041e-01 2.002531780398303096e-01 2.003835311258598262e-01
2.002371351611224037e-01 2.003026459367429901e-01 2.003230178932811911e-01 2.003124545040462223e-01 2.004260274754991744e-01
2.000205666007001948e-01 2.000489711110232383e-01 2.000595780669268131e-01 2.000756869548580841e-01 2.001168399729960079e-01
1.992313184693954298e-01 1.992534217117828688e-01 1.992534872552006175e-01 1.992457672315022521e-01 1.992449997716901344e-01
1.989747414032589368e-01 1.989831299780367990e-01 1.989829308644517347e-01 1.989792185996904217e-01 1.989788101234260254e-01
1.997824057530049324e-01 1.997857309093761802e-01 1.997858081493528448e-01 1.997854666993869877e-01 1.997871692910197783e-01
2.004729099189941077e-01 2.004746714530973306e-01 2.004752303952339054e-01 2.004756191829642209e-01 2.004766204653694595e-01
2.009518186846550591e-01 2.009521081612224702e-01 2.009522849306395464e-01 2.009525838254262731e-01 2.009530988604340540e-01
1.717731796832583646e-01 1.717732932548896585e-01 1.717733595359469678e-01 1.717733556580365584e-01 1.717734488320173114e-01
2.804966196717020854e-02 2.804968679398458023e-02 2.804975531760028895e-02 2.804978946947943308e-02 2.804977945215341578e-02
