2.795008847581364683e-02 2.795009541356413205e-02 2.795011316686661987e-02 2.795011569511840835e-02 2.795009891070366487e-02
1.714443194077684141e-01 1.714443266573918712e-01 1.714443591270468636e-01 1.714443648978520585e-01 1.714443287027306306e-01
2.005756787625228577e-01 2.005757349624701646e-01 2.005758495854604861e-01 2.005758627023240259e-01 2.005756932837613749e-01
1.999873095811813550e-01 1.999885661390489178e-01 1.999910700856148138e-01 1.999913808440361151e-01 1.999889166515000372e-01
1.990273029538141836e-01 1.990384241040521196e-01 1.990662797364280145e-01 1.990724237302715360e-01 1.990481584610477028e-01
1.995522325262784058e-01 1.995614606578720862e-01 1.995852604583362722e-01 1.995907319083350950e-01 1.995700822209315883e-01
1.995855761060472966e-01 1.995844930308261767e-01 1.995816825378220749e-01 1.995808628098263149e-01 1.995829353228709691e-01
1.960755056618779524e-01 1.960768430707939269e-01 1.960769637648842600e-01 1.960759389911648498e-01 1.960736789018205917e-01
1.653659504563180505e-01 1.654305285320651075e-01 1.655720125720763769e-01 1.655958406557341556e-01 1.654656611974112401e-01
7.984935860788855422e-02 8.038558847587372325e-02 8.172637069616173200e-02 8.201883960138418861e-02 8.085749280959535212e-02
1.641017878158950727e-01 1.646392334954415171e-01 1.660038313570341983e-01 1.663088134413228947e-01 1.651339642312293909e-01
1.958617382821417896e-01 1.959280946196424178e-01 1.960988019775646851e-01 1.961364126337623304e-01 1.959909446204237127e-01
1.996057121684808866e-01 1.996078195230235330e-01 1.996114421659732352e-01 1.996135112217471697e-01 1.996083791820730535e-01
1.996866711148952700e-01 1.996849102046608093e-01 1.996809814361886204e-01 1.996788860765038309e-01 1.996820663032030096e-01
1.989706089585813464e-01 1.989813843524107229e-01 1.990063187404949030e-01 1.990116820427074995e-01 1.989893309407572142e-01
1.997250560540220765e-01 1.997377528377473066e-01 1.997674587896803855e-01 1.997740681600731483e-01 1.997483153350675666e-01
1.999646702519390362e-01 1.999630345525301167e-01 1.999611837072852172e-01 1.999592942409435803e-01 1.999604829605151346e-01
1.996383343820071765e-01 1.996217922372493236e-01 1.995765726357367764e-01 1.995600517141086772e-01 1.995958814245272772e-01
1.983659942892253558e-01 1.983625528723573783e-01 1.983163318223404026e-01 1.982932134277672065e-01 1.983306574895216945e-01
1.995007181926959361e-01 1.995113098030848464e-01 1.995042963889071819e-01 1.994959514160054848e-01 1.994999369112495646e-01
1.996351636500557081e-01 1.996311594025375058e-01 1.996208924001953433e-01 1.996212468579868504e-01 1.996325112339253915e-01
1.963826598718416971e-01 1.962971391719385561e-01 1.960729812286588492e-01 1.960193371162640696e-01 1.962125350672332402e-01
1.670483249214514965e-01 1.664047519892082883e-01 1.646328840953033834e-01 1.641797097492057877e-01 1.656738455415589228e-01
7.992154308702506538e-02 7.937545928029415832e-02 7.744608707928239688e-02 7.679742437369306562e-02 7.833129422522758234e-02
1.567530178464512647e-01 1.567801554389541274e-01 1.563807472883897154e-01 1.561110942640096255e-01 1.563406767296924293e-01
1.941595825423073629e-01 1.941714909815830392e-01 1.941399781704290506e-01 1.941125278317616665e-01 1.941228897708974499e-01
1.996022156448429286e-01 1.996038610337225461e-01 1.996049978508412093e-01 1.996045517007813963e-01 1.996025653944873413e-01
1.985194207851470327e-01 1.985072930316299222e-01 1.984821339892391401e-01 1.984788899481662039e-01 1.985015090494466061e-01
1.695333584388095394e-01 1.695080863871548937e-01 1.694905648047410063e-01 1.695057223055196072e-01 1.695311202466516787e-01
4.127361625434620290e-02 4.125969876576623951e-02 4.127030599520285781e-02 4.129107109947495469e-02 4.129268313431730397e-02
3.338643810311487260e-03 3.337326133617010086e-03 3.338674579086743210e-03 3.340819204975156286e-03 3.340766790311886902e-03
