2.795061447616839501e-02 2.795061508711974702e-02 2.795061417349041857e-02 2.795061417254427957e-02 2.795061510313523109e-02
1.714457179318122915e-01 1.714457201614445758e-01 1.714457184132736900e-01 1.714457183911125560e-01 1.714457201485636573e-01
2.005916439965961251e-01 2.005916714015481273e-01 2.005916804507971996e-01 2.005916804242979523e-01 2.005916712991754891e-01
2.002263486670247117e-01 2.002265370109894138e-01 2.002266555884610888e-01 2.002266555782592494e-01 2.002265368452887384e-01
1.999986587690816553e-01 1.999992379199030945e-01 1.999999274156903095e-01 1.999999274084334200e-01 1.999992378043355390e-01
1.998305406732501510e-01 1.998306074097561391e-01 1.998315296231498450e-01 1.998315296252317907e-01 1.998306074010634259e-01
1.999549217254287248e-01 1.999541096523544392e-01 1.999548001848703016e-01 1.999548001694806953e-01 1.999541096439393650e-01
1.999900937541019552e-01 1.999960256291022365e-01 1.999985357739141878e-01 1.999985357546270881e-01 1.999960255609607163e-01
1.999170100787813764e-01 1.999674067571864111e-01 1.999985125276033393e-01 1.999985125254138685e-01 1.999674066197238420e-01
1.996335324573722536e-01 1.997947591973285031e-01 1.999806502423285559e-01 1.999806502554992149e-01 1.997947590905531368e-01
1.995531024417213917e-01 1.995810970019199215e-01 1.998356761300954243e-01 1.998356761472121490e-01 1.995810970013557895e-01
2.000920061459311727e-01 1.997946961993043724e-01 1.999805884142373813e-01 1.999805884150409607e-01 1.997946962008021465e-01
1.983581778821512653e-01 1.994581658202443653e-01 1.999984693611149278e-01 1.999984693559349325e-01 1.994581657568662014e-01
1.804993415616687746e-01 1.930379471374673861e-01 1.997040103687237889e-01 1.997040103726613613e-01 1.930379469406503234e-01
9.766776087660308803e-02 1.511171589870382026e-01 1.957837690045169665e-01 1.957837690316291124e-01 1.511171588234569152e-01
5.902351861103366038e-04 8.556917955549145360e-02 1.623724478506892721e-01 1.623724478703636731e-01 8.556917961193036271e-02
9.766776062423898619e-02 1.511171589440603313e-01 1.957837690231461480e-01 1.957837690154234089e-01 1.511171591364044442e-01
1.804993411795810521e-01 1.930379469604214249e-01 1.997040103522167154e-01 1.997040103551451229e-01 1.930379471008431269e-01
1.983581777837198079e-01 1.994581656962763905e-01 1.999984693194338803e-01 1.999984693207784436e-01 1.994581657317922863e-01
2.000920061675340034e-01 1.997946961225292861e-01 1.999805883734935563e-01 1.999805883726785138e-01 1.997946961402989330e-01
1.995531023069884169e-01 1.995810969641673427e-01 1.998356761098835921e-01 1.998356761177615126e-01 1.995810970279838503e-01
1.996335320657562362e-01 1.997947591169675352e-01 1.999806502522986085e-01 1.999806502630664673e-01 1.997947592283568774e-01
1.999170097681614577e-01 1.999674066747678669e-01 1.999985125670671049e-01 1.999985125718460044e-01 1.999674067461869043e-01
1.999900937566473358e-01 1.999960256070776599e-01 1.999985358191752882e-01 1.999985358226099574e-01 1.999960256311458240e-01
1.999549217873624885e-01 1.999541096473815283e-01 1.999548002119038992e-01 1.999548002119377055e-01 1.999541096502227833e-01
1.998305405272798596e-01 1.998306073815158401e-01 1.998315296242434425e-01 1.998315296261996554e-01 1.998306073951558182e-01
1.999986584261971012e-01 1.999992378477716271e-01 1.999999274214477318e-01 1.999999274238440650e-01 1.999992378882164135e-01
2.002263483460340054e-01 2.002265368733411877e-01 2.002266555565279105e-01 2.002266555559981398e-01 2.002265369132646411e-01
2.005916438534425805e-01 2.005916712547030911e-01 2.005916803664825332e-01 2.005916803718051922e-01 2.005916712774232780e-01
1.714457178941228288e-01 1.714457200758855715e-01 1.714457183166816223e-01 1.714457183194431356e-01 1.714457200772790402e-01
2.795061455550146984e-02 2.795061515749990358e-02 2.795061422497964465e-02 2.795061422344253740e-02 2.795061515329684901e-02
