2.795061413747124135e-02 2.795060491158639707e-02 2.795059340060781009e-02 2.795059340169350759e-02 2.795060492676632383e-02
1.714457218496082402e-01 1.714456829126171644e-01 1.714456701253723458e-01 1.714456700811450851e-01 1.714456828363807583e-01
2.005915224520995188e-01 2.005915992084204291e-01 2.005916738056579551e-01 2.005916737553815610e-01 2.005915989134978428e-01
2.002247879008676179e-01 2.002259116068522693e-01 2.002266312768239132e-01 2.002266312691349526e-01 2.002259110287753774e-01
1.999910491199746454e-01 1.999952676613040436e-01 1.999995678862290793e-01 1.999995679114862646e-01 1.999952671360207268e-01
1.998186447774487895e-01 1.998219997006583648e-01 1.998284595080107306e-01 1.998284595335508007e-01 1.998219995057801679e-01
1.999535803671233236e-01 1.999500890046835566e-01 1.999544352753749032e-01 1.999544352627663224e-01 1.999500888606106919e-01
1.999832797971587139e-01 1.999911860038570965e-01 1.999985059016507194e-01 1.999985058928324122e-01 1.999911857228893475e-01
1.998021573509523308e-01 1.999222260158798337e-01 1.999965779597182303e-01 1.999965779860685688e-01 1.999222253677399030e-01
1.990426824841863285e-01 1.994956989216681298e-01 1.999540932802153503e-01 1.999540933733867654e-01 1.994956982977961479e-01
1.985465070059002912e-01 1.989116778698912513e-01 1.996026914270613017e-01 1.996026914982617917e-01 1.989116776991425584e-01
1.999051789866742590e-01 1.994955856184603693e-01 1.999540266566605107e-01 1.999540266623925089e-01 1.994955855391473687e-01
1.987942148191404190e-01 1.993130989109138107e-01 1.999965294505578473e-01 1.999965294497665913e-01 1.993130986516750691e-01
1.812013074964795023e-01 1.929900305518377490e-01 1.997065913762335054e-01 1.997065914106848916e-01 1.929900299120255458e-01
9.897481102348876236e-02 1.515434350399416930e-01 1.958205337784906519e-01 1.958205338285588792e-01 1.515434345106367042e-01
2.329242666743215791e-03 8.656727305768568970e-02 1.627007069834957298e-01 1.627007070453764248e-01 8.656727333489937226e-02
9.897481212679537510e-02 1.515434354102646042e-01 1.958205339079059637e-01 1.958205339438978954e-01 1.515434362174555571e-01
1.812013077273974815e-01 1.929900298060773234e-01 1.997065914334514858e-01 1.997065914437742284e-01 1.929900303261927463e-01
1.987942153853311522e-01 1.993130980767976179e-01 1.999965293229575558e-01 1.999965293239510944e-01 1.993130982168770104e-01
1.999051785364904799e-01 1.994955847462613341e-01 1.999540264899673514e-01 1.999540264917422372e-01 1.994955848386332498e-01
1.985465061233975537e-01 1.989116775096531065e-01 1.996026916329988465e-01 1.996026916583739375e-01 1.989116778445166878e-01
1.990426816809540422e-01 1.994956983473507584e-01 1.999540933739344384e-01 1.999540934013206706e-01 1.994956989690287175e-01
1.998021571624920556e-01 1.999222252042494041e-01 1.999965781156601563e-01 1.999965781472037019e-01 1.999222256586292712e-01
1.999832804431288802e-01 1.999911854148601897e-01 1.999985060019298655e-01 1.999985060226218136e-01 1.999911855682391659e-01
1.999535799922730894e-01 1.999500883300316945e-01 1.999544353188896784e-01 1.999544353407475272e-01 1.999500884178859739e-01
1.998186438780341079e-01 1.998219995591609677e-01 1.998284599863090483e-01 1.998284599973562115e-01 1.998219996927387831e-01
1.999910481442523091e-01 1.999952672307277191e-01 1.999995680457412328e-01 1.999995680466539472e-01 1.999952674904741101e-01
2.002247874532882277e-01 2.002259107350972955e-01 2.002266312401239923e-01 2.002266312477429255e-01 2.002259109612161414e-01
2.005915226522438644e-01 2.005915982202333137e-01 2.005916733501627303e-01 2.005916733660128848e-01 2.005915983133448044e-01
1.714457215009965729e-01 1.714456817598297711e-01 1.714456688921865701e-01 1.714456689092906938e-01 1.714456817820274037e-01
2.795061419746166717e-02 2.795060480730926500e-02 2.795059317686062958e-02 2.795059317779041708e-02 2.795060480267395203e-02
