3.067681927129399782e-03 3.075085340275045959e-03 3.079478464172173430e-03 3.079478541730868140e-03 3.075085616680403328e-03
4.002551702240821074e-02 4.005501327659632960e-02 4.005088466009745080e-02 4.005088609587987430e-02 4.005501614942233446e-02
1.701121888773236279e-01 1.701683342989673553e-01 1.701489969879093067e-01 1.701489983129173267e-01 1.701683349610882412e-01
1.985336449350228738e-01 1.986790644832755748e-01 1.987416305106534109e-01 1.987416306090313833e-01 1.986790582266079186e-01
1.989815294498703813e-01 1.994843286766966040e-01 1.999548315536304188e-01 1.999548317998328939e-01 1.994843236457249369e-01
1.965838834442664995e-01 1.972178651922888715e-01 1.979131674743825064e-01 1.979131686082719332e-01 1.972178639292381241e-01
1.915733416808465261e-01 1.917363948034069843e-01 1.920997288426187777e-01 1.920997309229777461e-01 1.917363931003189803e-01
1.981829627954947715e-01 1.980239634080497302e-01 1.981881646966038857e-01 1.981881656373870870e-01 1.980239594727210839e-01
1.982358333384564575e-01 1.991045678757423498e-01 1.998793926102553908e-01 1.998793928395140029e-01 1.991045599774444452e-01
1.899592294611985588e-01 1.949161667598923176e-01 1.995539818572347468e-01 1.995539821393675084e-01 1.949161607868791779e-01
1.811386782681502494e-01 1.883031614266700571e-01 1.959121240073109227e-01 1.959121251451684254e-01 1.883031598481187674e-01
1.922761350069762953e-01 1.945734200234847666e-01 1.991045307393225494e-01 1.991045324590973720e-01 1.945734173404316258e-01
1.999823564919371022e-01 1.981256805969053569e-01 1.998668350773271096e-01 1.998668356687297587e-01 1.981256758634117321e-01
1.874734928111093102e-01 1.936819199409232084e-01 1.997553278511856323e-01 1.997553278664458976e-01 1.936819120719046050e-01
1.201211548399959000e-01 1.605738388892490043e-01 1.965790122450785660e-01 1.965790124715210418e-01 1.605738339316958307e-01
3.924218827303549428e-02 1.075722489200946486e-01 1.694653860448671334e-01 1.694653871123535105e-01 1.075722494035890736e-01
1.201211364236001861e-01 1.605738394837621374e-01 1.965790125505140762e-01 1.965790136106503050e-01 1.605738390477991773e-01
1.874734763410552951e-01 1.936819154165056733e-01 1.997553281322938523e-01 1.997553284303101584e-01 1.936819142175915942e-01
1.999823555433789812e-01 1.981256769300869247e-01 1.998668352784830626e-01 1.998668346562126330e-01 1.981256751608473643e-01
1.922761339367519973e-01 1.945734144247948105e-01 1.991045289804993235e-01 1.991045281758707097e-01 1.945734135409443732e-01
1.811386704932850811e-01 1.883031585148311760e-01 1.959121212892911135e-01 1.959121213740129264e-01 1.883031605158789201e-01
1.899592100789151139e-01 1.949161619480095364e-01 1.995539797641733004e-01 1.995539799876688836e-01 1.949161652346443063e-01
1.982358194612529600e-01 1.991045605576340916e-01 1.998793923139774165e-01 1.998793926677333854e-01 1.991045626013215331e-01
1.981829617400012178e-01 1.980239596826035009e-01 1.981881653268069421e-01 1.981881646078265391e-01 1.980239587214351615e-01
1.915733382631478188e-01 1.917363901586690844e-01 1.920997280603874702e-01 1.920997270247372379e-01 1.917363889799357790e-01
1.965838730807541457e-01 1.972178611562659944e-01 1.979131649261931525e-01 1.979131646004434475e-01 1.972178620964033791e-01
1.989815112475598335e-01 1.994843234616208438e-01 1.999548298205735264e-01 1.999548297985519474e-01 1.994843259097001664e-01
1.985336321725697517e-01 1.986790586507337919e-01 1.987416297838278667e-01 1.987416300726586038e-01 1.986790602479098777e-01
1.701121853612810320e-01 1.701683347048214834e-01 1.701489977169170775e-01 1.701489970602650115e-01 1.701683332156673223e-01
4.002551446353315445e-02 4.005501402825224072e-02 4.005088493194366994e-02 4.005088408933572125e-02 4.005501229398984037e-02
3.067681570478079326e-03 3.075085324558113429e-03 3.079478370678618952e-03 3.079478309611978926e-03 3.075085169088439836e-03
