1.883771887599080055e-02 1.883771774247475217e-02 1.883771660001969800e-02 1.883771767591005050e-02
1.659472539886351905e-01 1.659472381021437903e-01 1.659472214691138647e-01 1.659472370760007587e-01
1.828152200110378933e-01 1.828150852626294065e-01 1.828149493393144975e-01 1.828150829439638969e-01
1.830478270726773604e-01 1.830473772053616555e-01 1.830469308590830513e-01 1.830473765764737137e-01
2.041146660294377579e-01 2.041144882693085305e-01 2.041143152087849244e-01 2.041144882101293967e-01
2.118516525348225765e-01 2.118516630153325087e-01 2.118516717027957574e-01 2.118516629928338391e-01
2.028052622943470884e-01 2.028052203156483768e-01 2.028051702377336174e-01 2.028052199153906610e-01
1.690562375150889973e-01 1.690554408530105523e-01 1.690546463306930869e-01 1.690554399216737946e-01
1.693125087647403548e-01 1.693095382495506118e-01 1.693066074680009692e-01 1.693095379875241557e-01
2.030289559755179551e-01 2.030277217271345691e-01 2.030265371457241064e-01 2.030277217003601531e-01
2.120647865692855683e-01 2.120648101644987960e-01 2.120648280091859406e-01 2.120648101632190696e-01
2.020434255541537216e-01 2.020432732308628798e-01 2.020430661557965357e-01 2.020432731568407025e-01
1.585172622326927461e-01 1.585138054855370349e-01 1.585103682503550271e-01 1.585138053061752039e-01
1.586381091767171680e-01 1.586250221170509567e-01 1.586122138853600927e-01 1.586250221094036850e-01
2.021214989170392329e-01 2.021159266961398970e-01 2.021107070191892063e-01 2.021159267066344190e-01
2.120700259191663495e-01 2.120700261808710629e-01 2.120700265172164034e-01 2.120700261787437091e-01
2.021131771927342224e-01 2.021127091813372245e-01 2.021119368780074643e-01 2.021127092529065306e-01
1.586001391828358864e-01 1.585879460312925315e-01 1.585758628325287245e-01 1.585879462399953088e-01
1.585241072643185090e-01 1.584775314772388088e-01 1.584325288680897004e-01 1.584775316875881856e-01
2.020604927704637843e-01 2.020401568785895607e-01 2.020218378473696841e-01 2.020401569481344861e-01
2.120651857620865499e-01 2.120648364826883125e-01 2.120646838387878763e-01 2.120648364841254685e-01
2.030222436219211168e-01 2.030211856979362850e-01 2.030187722849012000e-01 2.030211857861203839e-01
1.692610475307824158e-01 1.692262089496427702e-01 1.691917284386684484e-01 1.692262092337006862e-01
1.691061231369470064e-01 1.689709192286313610e-01 1.688423767031132783e-01 1.689709196283438464e-01
2.028629287157689975e-01 2.027987278930913351e-01 2.027442175764776755e-01 2.027987280407034798e-01
2.118639261179082467e-01 2.118611835290070688e-01 2.118686075486522213e-01 2.118611835324929749e-01
2.041114124756487624e-01 2.041101524274733792e-01 2.041196050198730017e-01 2.041101525178746212e-01
1.830576822820495220e-01 1.830170596310229936e-01 1.829145282719789045e-01 1.830170600103392387e-01
1.834886166677688335e-01 1.830258567357200550e-01 1.821261519674451101e-01 1.830258575098461238e-01
1.686854531336604290e-01 1.662441230632760447e-01 1.626050656583533094e-01 1.662441233875646962e-01
2.039846848660391634e-02 1.895621489908759505e-02 1.613337377006936191e-02 1.895621491998569774e-02
