2.021160158563324594e-01 2.021160207976757939e-01 2.021160253114597516e-01 2.021160207762414951e-01
2.304520035432294778e-01 2.304520242372796734e-01 2.304520459332795590e-01 2.304520241907534739e-01
1.977168139427695759e-01 1.977168330023440224e-01 1.977168556980648251e-01 1.977168329383064138e-01
1.930596272374212330e-01 1.930595681704711242e-01 1.930595011973385566e-01 1.930595681010402465e-01
2.069630291711949122e-01 2.069630827435880449e-01 2.069631189328528797e-01 2.069630827175368282e-01
2.135829315887258495e-01 2.135830269034043605e-01 2.135831176606914072e-01 2.135830268778975138e-01
2.110552823904191522e-01 2.110554501538601246e-01 2.110556529313870056e-01 2.110554501437133523e-01
2.034342030616235475e-01 2.034342584578069102e-01 2.034343652183926154e-01 2.034342584419332189e-01
2.021836798835812965e-01 2.021832976759626865e-01 2.021828197223738965e-01 2.021832976781235414e-01
2.121884873127029558e-01 2.121888819769488510e-01 2.121890963769767213e-01 2.121888819906947443e-01
2.153721005660928223e-01 2.153726207033344886e-01 2.153731036108777752e-01 2.153726207094410205e-01
2.155804699993224272e-01 2.155811989042465404e-01 2.155821895353486339e-01 2.155811989069112145e-01
2.112153898413900999e-01 2.112155437987357498e-01 2.112160600084868889e-01 2.112155437757199661e-01
2.106479862430424566e-01 2.106463947753052790e-01 2.106441092689262107e-01 2.106463947913790602e-01
2.161051120690295479e-01 2.161070574719378135e-01 2.161077560920657559e-01 2.161070574747780138e-01
2.161971745415902091e-01 2.161992615816711316e-01 2.162011153921597761e-01 2.161992615909276438e-01
2.161160637760597969e-01 2.161184004797988834e-01 2.161222426285009379e-01 2.161184004959065263e-01
2.106776029832934938e-01 2.106777536234154258e-01 2.106799117357536777e-01 2.106777535986914529e-01
2.112471217049277650e-01 2.112422100210371023e-01 2.112333478961890831e-01 2.112422100865108676e-01
2.155930027819650263e-01 2.156009538886179411e-01 2.156020656310951855e-01 2.156009539029400401e-01
2.153754906574669170e-01 2.153822612460802310e-01 2.153878658016778191e-01 2.153822612671526804e-01
2.122142110184028485e-01 2.122195825416440251e-01 2.122318177945108630e-01 2.122195825697404670e-01
2.022464661091610549e-01 2.022452296553056139e-01 2.022526716458211693e-01 2.022452295500036801e-01
2.035120675198265616e-01 2.035013343066432445e-01 2.034727907213225162e-01 2.035013344210840069e-01
2.110689283568443486e-01 2.110949603247221640e-01 2.110927179018062816e-01 2.110949602988970442e-01
2.135751225803929343e-01 2.135929598796028062e-01 2.136093850114944570e-01 2.135929598922610972e-01
2.069782370006182093e-01 2.069847119230405208e-01 2.069961605739878141e-01 2.069847119024379178e-01
1.931015124465594868e-01 1.930831317683530390e-01 1.929989363246909784e-01 1.930831316121233432e-01
1.978080448157645554e-01 1.974437584987209504e-01 1.970976538131370692e-01 1.974437588225299856e-01
2.297327406475935807e-01 2.287907204448893228e-01 2.301277352564526091e-01 2.287907204867340727e-01
1.984943124703696105e-01 2.010172619542906214e-01 2.138670283409631889e-01 2.010172619910199354e-01
