1.885139201071551335e-02 1.885109905856492338e-02 1.885113907746203271e-02 1.885113630609732902e-02
1.662767017191830732e-01 1.662757829046876412e-01 1.662759161869945823e-01 1.662758723292067919e-01
1.864896691862463762e-01 1.864828698209323177e-01 1.864770125433646286e-01 1.864828005143712164e-01
1.866579730819726002e-01 1.866359469675603344e-01 1.866148935638125284e-01 1.866371674561460026e-01
2.043924575639196883e-01 2.043830256188866323e-01 2.043753917474352422e-01 2.043832609613898676e-01
2.118007284161132209e-01 2.118002600670818580e-01 2.118011449351550890e-01 2.117991268938707872e-01
2.024679196829647643e-01 2.024688572200960823e-01 2.024699108211785170e-01 2.024703875748423421e-01
1.676970854376119702e-01 1.676755170568980657e-01 1.676529584318485200e-01 1.676777044922329041e-01
1.680620232342782128e-01 1.679576131131264305e-01 1.678588001330056090e-01 1.679600832223913376e-01
2.026780049231081404e-01 2.026309187368096898e-01 2.025868431269698955e-01 2.026319497476516684e-01
2.115089488082864400e-01 2.115053513841859689e-01 2.115026989253581680e-01 2.115052568310900050e-01
1.950822688797964610e-01 1.950931492892229446e-01 1.951084415140915962e-01 1.950976602288261585e-01
1.017748041803949455e-01 1.017996387031834815e-01 1.018466069644169275e-01 1.018216183273761566e-01
1.013831812730644627e-01 1.013932175027203036e-01 1.014492113140642304e-01 1.014412393776171761e-01
1.946093923800610026e-01 1.945952737664506382e-01 1.946041914033440900e-01 1.946150150023502612e-01
2.112224157480665498e-01 2.111944684725198806e-01 2.111793524215068441e-01 2.111940749687149232e-01
1.995900212765705783e-01 1.995779184427227682e-01 1.995653887486718570e-01 1.995764531906315808e-01
1.390284644819967386e-01 1.394056070963917149e-01 1.397605342924824745e-01 1.394010320862494601e-01
1.372927245520085826e-01 1.389126926571375986e-01 1.405143548724792635e-01 1.389177003281606981e-01
1.968639575462366176e-01 1.976341724194701222e-01 1.984263842829727398e-01 1.976370968719188270e-01
2.114819982300864543e-01 2.115532616485512607e-01 2.116662857666394559e-01 2.115522844931335689e-01
1.998585653060245826e-01 1.998259754301162927e-01 1.997624190233958652e-01 1.998222812560839501e-01
1.355950539885336925e-01 1.352634019610315652e-01 1.347846496895692137e-01 1.352572610166467570e-01
1.286113871785427853e-01 1.274615649115856120e-01 1.262922078572664142e-01 1.274460771735322351e-01
1.816248249596605080e-01 1.817409549347542563e-01 1.822493121446037700e-01 1.817344551209735259e-01
2.092139035448329631e-01 2.096369841148172375e-01 2.105292387038195101e-01 2.096384517248851831e-01
2.036709159495326826e-01 2.036033324887768226e-01 2.032389915827987059e-01 2.035905597599642625e-01
1.768644341997696601e-01 1.722344925861668541e-01 1.661874618600577558e-01 1.722189696730278829e-01
1.361388140979401251e-01 1.163279498455564304e-01 9.495471869674766696e-02 1.162878049887291210e-01
4.381543672940970552e-02 3.372713878420157546e-02 2.257705908988845434e-02 3.370871879730585885e-02
4.759888500757124448e-03 3.415018997684910514e-03 1.360809363321823949e-03 3.413357131040914774e-03
