2.093120818420219909e-01 2.093120794819666175e-01 2.093120853486044319e-01 2.093120899083292241e-01
2.556081791843122786e-01 2.556081661814094130e-01 2.556081870515188315e-01 2.556082036553670167e-01
2.825694803201556082e-01 2.825694400161353204e-01 2.825695601179847305e-01 2.825695615637143776e-01
2.807798029900996362e-01 2.807798199296906438e-01 2.807800406734824450e-01 2.807799212980673920e-01
2.319568359191904738e-01 2.319568540921212729e-01 2.319569760986040508e-01 2.319569284568041290e-01
2.185219617334622222e-01 2.185218543461192875e-01 2.185218865990835868e-01 2.185219165859918211e-01
2.060316984230640691e-01 2.060318341191129943e-01 2.060314689467331872e-01 2.060316500223607350e-01
1.903670135100918037e-01 1.903669836847755870e-01 1.903663241618188395e-01 1.903669731223089356e-01
1.903946756843940546e-01 1.903942730319379828e-01 1.903935340863918968e-01 1.903942566469614128e-01
2.060842244757601360e-01 2.060841312116251378e-01 2.060838292721642317e-01 2.060835129290359002e-01
2.185308907608023432e-01 2.185308820008065867e-01 2.185309324988083668e-01 2.185309365150407135e-01
2.316216831986997737e-01 2.316217630225761437e-01 2.316214444504713643e-01 2.316214850093686051e-01
2.782078318050232868e-01 2.782079445061584333e-01 2.782069875087843647e-01 2.782068559608690816e-01
2.782107847806509215e-01 2.782108875992317931e-01 2.782077326844770160e-01 2.782073616868358523e-01
2.316252127418082507e-01 2.316254187195914416e-01 2.316238655272970237e-01 2.316238879377461313e-01
2.185336473417024417e-01 2.185341885134037543e-01 2.185338155719472042e-01 2.185338653460245917e-01
2.060867970276520078e-01 2.060868271592725398e-01 2.060866851625771379e-01 2.060866627382839378e-01
1.903985346643619625e-01 1.903985941326750420e-01 1.903985521842169737e-01 1.903985365419414155e-01
1.903978070899506603e-01 1.903978462401884064e-01 1.903978350282533871e-01 1.903978083000333332e-01
2.060875673645250206e-01 2.060875872929069375e-01 2.060875852882297354e-01 2.060875773379024500e-01
2.185536735686113563e-01 2.185537259517936759e-01 2.185537448079142853e-01 2.185537305325378210e-01
2.317731380531528884e-01 2.317733521643782768e-01 2.317735247760219219e-01 2.317733702788113137e-01
2.784490354161991976e-01 2.784502480192200813e-01 2.784512345999178851e-01 2.784502805246917290e-01
2.784399158974993904e-01 2.784442844899371328e-01 2.784478158529364866e-01 2.784442963322713571e-01
2.317718129211381872e-01 2.317691412644107829e-01 2.317709925069079135e-01 2.317691457442557224e-01
2.185109106281464819e-01 2.185160645631283594e-01 2.185381182191643012e-01 2.185160664681342069e-01
2.059087587520947726e-01 2.059101279356507774e-01 2.058386447692217291e-01 2.059101290282406849e-01
1.902810717665056051e-01 1.902347435689685784e-01 1.897268325411641254e-01 1.902347436164781025e-01
1.939807104056524012e-01 1.922233947405451449e-01 1.906270281638672848e-01 1.922233944306942777e-01
2.253386126083151975e-01 2.198362057079778498e-01 2.262113753442845376e-01 2.198362055505335144e-01
1.824834708994635124e-01 1.949701810367917287e-01 2.679131585906716073e-01 1.949701809986389700e-01
