1.875707118055332592e-02 1.875699201237057689e-02 1.875691110851427507e-02 1.875699005290073357e-02
1.640034314362103229e-01 1.640023030688076422e-01 1.640011444315815359e-01 1.640022741636189829e-01
1.613513757523930836e-01 1.613412852139196885e-01 1.613311072508969990e-01 1.613411975230821804e-01
1.620571778410102859e-01 1.620227147456224648e-01 1.619881761171005907e-01 1.620225939019090955e-01
2.024821268951122188e-01 2.024677885731319127e-01 2.024534830932681329e-01 2.024677307212658095e-01
2.118478078664246533e-01 2.118477650023759817e-01 2.118477555911758570e-01 2.118477467844818163e-01
2.003014679526841646e-01 2.003005886671634095e-01 2.002996281004143508e-01 2.003005613909653315e-01
1.386115650074100369e-01 1.385864244782725463e-01 1.385611140792961937e-01 1.385863831951543723e-01
1.387085068049082881e-01 1.386100464346691485e-01 1.385116226308154286e-01 1.386100348680825989e-01
2.004071387868963661e-01 2.003625786947955678e-01 2.003184698502817329e-01 2.003625656677368583e-01
2.120245774667955663e-01 2.120207420152375732e-01 2.120176013525120473e-01 2.120207362149960639e-01
2.016500689242700650e-01 2.016512982629607986e-01 2.016526501028522711e-01 2.016512762858062580e-01
1.526910203807526900e-01 1.527100376142803695e-01 1.527275900146272125e-01 1.527100036142404749e-01
1.523509998112113906e-01 1.524142167762121691e-01 1.524752724345534993e-01 1.524142466276441898e-01
2.013546580502601491e-01 2.013735122994068094e-01 2.013936645161746308e-01 2.013735307226983406e-01
2.119640684642332684e-01 2.119527643623772550e-01 2.119468281875871440e-01 2.119527643995492427e-01
2.014645820118777797e-01 2.014724826897892895e-01 2.014805841152711718e-01 2.014724595019858067e-01
1.520281487347598104e-01 1.523027779584840424e-01 1.525627431288205382e-01 1.523027663768843631e-01
1.509863766572327182e-01 1.520394658291971124e-01 1.530761874362284447e-01 1.520395240119843949e-01
1.999560993074954718e-01 2.004365665122165296e-01 2.009380962774555412e-01 2.004366009841095086e-01
2.118648855022612354e-01 2.118805242515588716e-01 2.119398280955744063e-01 2.118805306845170933e-01
2.003903880583096930e-01 2.003961738041127316e-01 2.003678031784497660e-01 2.003961658458404960e-01
1.380832001936004860e-01 1.385098120272220401e-01 1.387850814234224683e-01 1.385097996253566721e-01
1.312611588105054572e-01 1.329218510588108804e-01 1.345598938374099329e-01 1.329218505451496002e-01
1.858905207529071568e-01 1.873013626754034544e-01 1.891445874973564645e-01 1.873013643230785341e-01
2.098680030171546640e-01 2.103290381618471150e-01 2.113164247128242468e-01 2.103290391718383168e-01
2.024929413074844087e-01 2.024536982306160415e-01 2.019438527413320861e-01 2.024537034632673260e-01
1.605181155755371902e-01 1.577666521816543099e-01 1.529428726404636896e-01 1.577666602342275293e-01
1.105518122611477971e-01 9.774706372248201380e-02 8.252424008616821016e-02 9.774705415863252367e-02
3.012694557550303631e-02 2.331732831320004404e-02 1.488578073488883331e-02 2.331732283916203644e-02
3.364126397316927457e-03 2.357057393386320556e-03 5.331906068648188234e-04 2.357056909979646491e-03
