2.794788277750971314e-02 2.794888590445235646e-02 2.794782449423578383e-02 2.794776811424959373e-02 2.794890640271954080e-02
1.714276071517637778e-01 1.714365822317596710e-01 1.714327504863124296e-01 1.714323301905326391e-01 1.714366893763316357e-01
2.005690432837068105e-01 2.005912112092762267e-01 2.005866224202333403e-01 2.005856746046744132e-01 2.005911900075375010e-01
2.001410225806279641e-01 2.001726570426124729e-01 2.001969440501456532e-01 2.001935768780064573e-01 2.001684506069648373e-01
1.998377485864260839e-01 1.997990249371173199e-01 1.997872593568991995e-01 1.997844370351781473e-01 1.997948150309437065e-01
1.998319595481380384e-01 1.997707053327082982e-01 1.997560654628863508e-01 1.997568269323714285e-01 1.997705850669308503e-01
1.998966207633648406e-01 1.999425933222511165e-01 1.999494059608396546e-01 1.999496640393835789e-01 1.999431478272710727e-01
1.997499026408227352e-01 1.999381769564596845e-01 1.999748106311499685e-01 1.999715653615633804e-01 1.999349367731139415e-01
1.982758726209709887e-01 1.987192700923994526e-01 1.993311631531601569e-01 1.993015430021246315e-01 1.986764361941688317e-01
1.963003488521963547e-01 1.954636052259152990e-01 1.952010000287878744e-01 1.951736376023311681e-01 1.954243374838995628e-01
1.999400704517025895e-01 1.986135992042771525e-01 1.981329229698532424e-01 1.981402092402932413e-01 1.986153979477079390e-01
1.989236211740608995e-01 1.996346632875939664e-01 1.997492227087756533e-01 1.997519638288306199e-01 1.996401620825561940e-01
1.931705312030732591e-01 1.977474115552883827e-01 1.984474089086611104e-01 1.984201237089693315e-01 1.977162069800808275e-01
1.464678499993238847e-01 1.641167744206203094e-01 1.782238026904000017e-01 1.779650702047338440e-01 1.637451011111418775e-01
2.390452662196023564e-02 4.833585918535625303e-02 7.036518413386934345e-02 7.010258642567467058e-02 4.798502637091105888e-02
9.460240117035070948e-05 4.613989308590224492e-02 9.950545636614753497e-02 9.954334335167537573e-02 4.614929892230686809e-02
8.781916444089521434e-02 1.367017139105559109e-01 1.884607942110173573e-01 1.885113988586131772e-01 1.367460357279396965e-01
1.763016063004393952e-01 1.912555358597814170e-01 1.990115576905395200e-01 1.990122398672054538e-01 1.912713050694178352e-01
1.958997723398293311e-01 1.991884003885412702e-01 1.995280866145012211e-01 1.995159361328053549e-01 1.991771800282396976e-01
1.977595648516781712e-01 1.976151424817244873e-01 1.971989628846438913e-01 1.971848239382427148e-01 1.975966487848460906e-01
1.998620154132794702e-01 1.989091392731268948e-01 1.985680587756224191e-01 1.985713019048405414e-01 1.989106938680328673e-01
1.995972444966874204e-01 1.995492063219746204e-01 1.998912213034624297e-01 1.998949610774725660e-01 1.995521711095242512e-01
1.997685992202619942e-01 1.998496737368226916e-01 1.999058198704637690e-01 1.999059444807901598e-01 1.998507031693650682e-01
1.981447564389287319e-01 1.981928928003851009e-01 1.981939440426626897e-01 1.981932798450904143e-01 1.981923838216688993e-01
1.921468289252425687e-01 1.921457204311419753e-01 1.921384487495203242e-01 1.921376010441259163e-01 1.921448834710687281e-01
1.983583512101052271e-01 1.983365173900129286e-01 1.983305204516262465e-01 1.983305931581617609e-01 1.983366430779485157e-01
1.999895963443165114e-01 1.999864699959400804e-01 1.999965997446586374e-01 1.999968158459989320e-01 1.999866635624800715e-01
1.987451597511402934e-01 1.987400247066660186e-01 1.987438351306854700e-01 1.987439482661689516e-01 1.987402027124886283e-01
1.701411113592652680e-01 1.701285767733761722e-01 1.701266831752098752e-01 1.701272965280266891e-01 1.701296038095558294e-01
3.995514996188640616e-02 3.994574928535434694e-02 3.994033209707584936e-02 3.994092944745435136e-02 3.994670445080074350e-02
3.058430000404134628e-03 3.056852311683890596e-03 3.055645190039370587e-03 3.055709598877856363e-03 3.056944512884894084e-03
