2.021079519680563652e-01 2.021080630500678987e-01 2.021081643163142594e-01 2.021080630505278364e-01
2.303630147466141087e-01 2.303634793508513023e-01 2.303639658040364802e-01 2.303634793480427156e-01
1.974743672850703957e-01 1.974747962788887812e-01 1.974753058277493312e-01 1.974747962472438723e-01
1.928701934019956266e-01 1.928688709872103391e-01 1.928673694139066697e-01 1.928688709642634447e-01
2.068262697661934213e-01 2.068274730978195697e-01 2.068282837404186725e-01 2.068274730956979335e-01
2.135011122015995078e-01 2.135032566088556905e-01 2.135052989098627785e-01 2.135032566059240633e-01
2.107229446375012971e-01 2.107267251903515159e-01 2.107312993881499397e-01 2.107267251880480530e-01
2.027331614776079205e-01 2.027344175383159197e-01 2.027368338739393150e-01 2.027344175213502686e-01
2.015353957567477261e-01 2.015267796086760155e-01 2.015159835724683046e-01 2.015267795838429910e-01
2.118133750995711273e-01 2.118222998251847455e-01 2.118271307567921591e-01 2.118222998118092781e-01
2.152230641883815243e-01 2.152348598025659587e-01 2.152458247449219042e-01 2.152348598007282898e-01
2.151686814864081365e-01 2.151852666423351712e-01 2.152078567213337179e-01 2.151852666450994045e-01
2.104852637430208728e-01 2.104888208326106125e-01 2.105006206869842467e-01 2.104888208235128066e-01
2.099253632245900170e-01 2.098891458275393695e-01 2.098369314943097641e-01 2.098891458367853902e-01
2.157085739513479039e-01 2.157530639407879425e-01 2.157689627952512623e-01 2.157530639376559201e-01
2.160692561314418170e-01 2.161171545460867371e-01 2.161599025046908873e-01 2.161171545475711053e-01
2.159568238347662206e-01 2.160108074918980492e-01 2.160999843737305970e-01 2.160108074951546941e-01
2.105988102154029429e-01 2.106027320774926104e-01 2.106526910171456768e-01 2.106027320772653200e-01
2.112095242536663475e-01 2.110964052617060327e-01 2.108901214948315506e-01 2.110964052702728466e-01
2.154514249385765245e-01 2.156363614683516616e-01 2.156619660026015406e-01 2.156363614641771675e-01
2.152980843150306134e-01 2.154558411499901682e-01 2.155890017476168319e-01 2.154558411503773863e-01
2.124004113006576766e-01 2.125275265649118617e-01 2.128215187422218824e-01 2.125275265682067538e-01
2.029841681963933941e-01 2.029595624651438779e-01 2.031353543492081248e-01 2.029595624774834517e-01
2.045406849519645631e-01 2.042976066123376178e-01 2.036119196322670466e-01 2.042976066166732052e-01
2.110362819593943895e-01 2.116698588155497829e-01 2.116082984097041320e-01 2.116698588162024830e-01
2.133678193309521132e-01 2.137692267745932018e-01 2.141319811931911843e-01 2.137692267765312903e-01
2.071787142626601574e-01 2.073385757220758407e-01 2.079643497090597204e-01 2.073385757256567263e-01
1.939459127324995591e-01 1.937569091382433384e-01 1.931777683533381085e-01 1.937569091535845667e-01
1.995283573869527649e-01 1.960275308239247394e-01 1.906598811589476916e-01 1.960275308257329319e-01
2.222117696698679701e-01 2.116801242140980976e-01 2.219912627009193451e-01 2.116801242109855874e-01
1.597927677002643210e-01 1.838500612836871384e-01 3.526874165377771320e-01 1.838500612825196834e-01
