1.875706891921385955e-02 1.875699057979599363e-02 1.875690723056794990e-02 1.875698566277108140e-02
1.640033723379939745e-01 1.640022542312889742e-01 1.640010614041242654e-01 1.640021836092891983e-01
1.613506460426224753e-01 1.613405585935001330e-01 1.613303054896713384e-01 1.613404008048939797e-01
1.620564162320873580e-01 1.620218670507999337e-01 1.619873163035794872e-01 1.620218272828740369e-01
2.024819864476657960e-01 2.024676024410008712e-01 2.024533093429152220e-01 2.024676014757172404e-01
2.118477897947085575e-01 2.118477380683670697e-01 2.118477436587340446e-01 2.118477386266071072e-01
2.003015589043146971e-01 2.003006831995915449e-01 2.002997364178567552e-01 2.003006658091890935e-01
1.386126644997835167e-01 1.385875502039036200e-01 1.385622547443927932e-01 1.385875078876859234e-01
1.387094306230026719e-01 1.386110089423647218e-01 1.385126142281970230e-01 1.386109984601902323e-01
2.004068455895186562e-01 2.003622960366990835e-01 2.003182146535509300e-01 2.003622959804959580e-01
2.120245347251416279e-01 2.120206907330915158e-01 2.120175604853706819e-01 2.120206918166005206e-01
2.016500482189926002e-01 2.016512666990883940e-01 2.016526393649818172e-01 2.016512745335956314e-01
1.526908587284610819e-01 1.527098878207902022e-01 1.527274882360854513e-01 1.527099045118122944e-01
1.523506143459465167e-01 1.524139223653882824e-01 1.524750339699363355e-01 1.524139274812514322e-01
2.013541246492639158e-01 2.013730223660471497e-01 2.013932102902198096e-01 2.013730229771820701e-01
2.119640115924985579e-01 2.119527091644750061e-01 2.119467921511797581e-01 2.119527096505046670e-01
2.014645600516425938e-01 2.014724532196346118e-01 2.014805785493495038e-01 2.014724613290056199e-01
1.520278184773732610e-01 1.523024342846263646e-01 1.525624215024672381e-01 1.523024529454705123e-01
1.509858752950923033e-01 1.520389441600056291e-01 1.530756097004624117e-01 1.520389500945014127e-01
1.999555956819512592e-01 2.004360620920968006e-01 2.009375816017486549e-01 2.004360628554012480e-01
2.118648137909811824e-01 2.118804557649836551e-01 2.119397780435346434e-01 2.118804559706056467e-01
2.003904544794804787e-01 2.003962370210486954e-01 2.003678807233032211e-01 2.003962406995591916e-01
1.380840510341079241e-01 1.385106457700646387e-01 1.387859084181164437e-01 1.385106543990890504e-01
1.312619671344308625e-01 1.329225798661632929e-01 1.345605398306500555e-01 1.329225829622446842e-01
1.858903597008766673e-01 1.873011627181513372e-01 1.891443528716997280e-01 1.873011632601843113e-01
2.098679666080304484e-01 2.103289953959638081e-01 2.113163849680083362e-01 2.103289955517236298e-01
2.024928720856358499e-01 2.024536254809392588e-01 2.019437852246620813e-01 2.024536271321089320e-01
1.605173701864024416e-01 1.577659710121445125e-01 1.529422665299084438e-01 1.577659746859154388e-01
1.105515609654679349e-01 9.774708632818369936e-02 8.252454365200191655e-02 9.774708735534939907e-02
3.012853689870480245e-02 2.331889527294403811e-02 1.488727160513754130e-02 2.331889537007242330e-02
3.364416384904031672e-03 2.357264994766029506e-03 5.332503242059906997e-04 2.357264997390493520e-03
