1.883765738224353961e-02 1.883765738109183588e-02 1.883765728467352851e-02 1.883765729351069562e-02
1.659457856405888998e-01 1.659457855584778319e-01 1.659457841262212963e-01 1.659457842179356268e-01
1.827990815855896345e-01 1.827990813625440525e-01 1.827990781075773397e-01 1.827990783205788727e-01
1.830318307125063104e-01 1.830318305553315927e-01 1.830318295572370690e-01 1.830318296704962766e-01
2.041133365795493038e-01 2.041133365218830709e-01 2.041133364157011465e-01 2.041133364217030677e-01
2.118516382709821066e-01 2.118516382499224249e-01 2.118516382365052131e-01 2.118516382256276365e-01
2.028017903349466078e-01 2.028017902772012993e-01 2.028017895946699067e-01 2.028017896896020522e-01
1.690149180404948714e-01 1.690149178210713921e-01 1.690149162107602021e-01 1.690149164516690505e-01
1.692693265030286720e-01 1.692693262394504572e-01 1.692693256223449239e-01 1.692693258662225364e-01
2.030245051951020674e-01 2.030245051013053470e-01 2.030245049923288247e-01 2.030245050678826102e-01
2.120648166307603222e-01 2.120648166359471176e-01 2.120648166364556553e-01 2.120648166362288367e-01
2.020400163426362417e-01 2.020400163027797624e-01 2.020400161229039260e-01 2.020400161851934051e-01
1.584734160980561524e-01 1.584734159274050480e-01 1.584734154566365683e-01 1.584734156278616579e-01
1.585843384216148177e-01 1.585843381741124103e-01 1.585843379319532842e-01 1.585843381060930701e-01
2.021125400048533194e-01 2.021125398850265320e-01 2.021125398540765117e-01 2.021125398754154978e-01
2.120700265175815002e-01 2.120700265236109272e-01 2.120700265229175929e-01 2.120700265208662616e-01
2.021125399127702282e-01 2.021125398680110596e-01 2.021125398180314836e-01 2.021125399726690641e-01
1.585843382115732225e-01 1.585843379850790658e-01 1.585843379460085134e-01 1.585843382598804696e-01
1.584734158214226030e-01 1.584734156436267694e-01 1.584734156785027881e-01 1.584734158633880619e-01
2.020400162755277285e-01 2.020400162213483730e-01 2.020400162378138409e-01 2.020400162782610143e-01
2.120648166260728218e-01 2.120648166335710461e-01 2.120648166315320660e-01 2.120648166323457484e-01
2.030245049720086625e-01 2.030245048729600321e-01 2.030245049281444725e-01 2.030245050585691990e-01
1.692693244483428339e-01 1.692693241611190058e-01 1.692693243712078965e-01 1.692693246834248988e-01
1.690149154223956063e-01 1.690149152527825049e-01 1.690149156097689731e-01 1.690149157777527666e-01
2.028017897915658785e-01 2.028017897465688724e-01 2.028017898876991743e-01 2.028017899222381015e-01
2.118516382049069890e-01 2.118516382104110862e-01 2.118516382148745436e-01 2.118516382135091358e-01
2.041133362138159713e-01 2.041133361478007224e-01 2.041133361892543963e-01 2.041133362774970317e-01
1.830318270582335927e-01 1.830318268648285507e-01 1.830318271435841249e-01 1.830318273593524447e-01
1.827990764259645184e-01 1.827990763295192223e-01 1.827990771276057358e-01 1.827990772383930873e-01
1.659457844234934754e-01 1.659457844005645388e-01 1.659457847422672883e-01 1.659457847718743828e-01
1.883765733791565103e-02 1.883765733750214499e-02 1.883765735678065434e-02 1.883765735866394647e-02
