2.270834707736413549e-01 2.272233702553994039e-01 2.270654744480754827e-01 2.268449119665892633e-01 2.268328083421370378e-01
3.137977936824615788e-01 3.144190478650709664e-01 3.136862358537125250e-01 3.127469406751003378e-01 3.126085255487376369e-01
2.590995262005158506e-01 2.597252864483363677e-01 2.588260866639961466e-01 2.579111359469659082e-01 2.575613500276067169e-01
2.539775398256925998e-01 2.540072188202610604e-01 2.534673436925035106e-01 2.533629901326754919e-01 2.530377597380154553e-01
2.920388782702325603e-01 2.918628318092768570e-01 2.909136455804907095e-01 2.908600716798965813e-01 2.910099138283934184e-01
2.452570845278096712e-01 2.451095104759788423e-01 2.442186064786972810e-01 2.439711793205518175e-01 2.442845578163245213e-01
2.238648230708333298e-01 2.238201787371785767e-01 2.235653378101163935e-01 2.234346652667919264e-01 2.235197513152851756e-01
2.440105518263758766e-01 2.440731346691538961e-01 2.438456742998273974e-01 2.436195486539828869e-01 2.437027545063344958e-01
2.873854582490627529e-01 2.876549349221307894e-01 2.869893685230442415e-01 2.863174496919970169e-01 2.865204466686068763e-01
2.417957712339157406e-01 2.420568565702820307e-01 2.413715333584668388e-01 2.407253542555338466e-01 2.409307161090212535e-01
2.120887361254181203e-01 2.121646407992633931e-01 2.119699704635482629e-01 2.117799737788101377e-01 2.118404750667889080e-01
2.028950888313340306e-01 2.029194577294111956e-01 2.028723389748219308e-01 2.028159589409779251e-01 2.028435428131742657e-01
2.006081517471875186e-01 2.006143997506904808e-01 2.006093337933123888e-01 2.005983853249054261e-01 2.006106158387863103e-01
2.002569941947963117e-01 2.002570884281642261e-01 2.002531464496671854e-01 2.002509153673368292e-01 2.002586027110299649e-01
2.001744876692195529e-01 2.001780388285749890e-01 2.001695318561072245e-01 2.001632396980087547e-01 2.001689431804349051e-01
2.000536003648013539e-01 2.001006037561705031e-01 2.000840554316808406e-01 2.000744439820690834e-01 2.000956245925789856e-01
1.996381808532708690e-01 1.997583438137515710e-01 1.999328021128085608e-01 1.999287296011298953e-01 1.997530634809161487e-01
2.000294082453816513e-01 1.987693571643026624e-01 1.995740403293984888e-01 1.995749032918874288e-01 1.987713987292438478e-01
2.108904608969682237e-01 1.992897557993613955e-01 1.983865626846594288e-01 1.983863887098754608e-01 1.992865509050177619e-01
1.999036948650448342e-01 1.986264775153048778e-01 1.994136873122059894e-01 1.994184207320869595e-01 1.986340717571693781e-01
1.995354690362549088e-01 1.996399926045872575e-01 1.998150738787775049e-01 1.998210948865950243e-01 1.996496694232737235e-01
2.000130973635241838e-01 2.000493738874284666e-01 2.000414148208123077e-01 2.000497810223679229e-01 2.000566637663758474e-01
2.001854972842716796e-01 2.001709599497212000e-01 2.001702351691067860e-01 2.001682149477413963e-01 2.001669737218289280e-01
2.001838764283919436e-01 2.002180399225401697e-01 2.001553744939300883e-01 2.000209457745125430e-01 2.000135008821613547e-01
1.996981443533257516e-01 1.997157027752195779e-01 1.996809375734604763e-01 1.996396289294369575e-01 1.996311646012075836e-01
1.990404216753728917e-01 1.990376672015191084e-01 1.990183181722439687e-01 1.990876973006260320e-01 1.990912825643248729e-01
1.997053802458400307e-01 1.997229937600638605e-01 1.996842343819769383e-01 1.997337058674039934e-01 1.997351456327115804e-01
1.995245177883027965e-01 1.995407120409223856e-01 1.995439745368476903e-01 1.995777829936424552e-01 1.995787572754923744e-01
1.954850729016312239e-01 1.955220141564139313e-01 1.954973263690383545e-01 1.954400123887657381e-01 1.954566546612879208e-01
1.639432400469135465e-01 1.642187921951415719e-01 1.636925823705592531e-01 1.630837308597749280e-01 1.632502464600652237e-01
8.049608425786759780e-02 8.081868524895968742e-02 8.009830153685888743e-02 7.932844304598229979e-02 7.957755099090001172e-02
1.650018001113649213e-01 1.650886894890069567e-01 1.648138691826730173e-01 1.645634723298246838e-01 1.646759512272278070e-01
1.944033420139206769e-01 1.944145134460009139e-01 1.943791430047505098e-01 1.943520092633349849e-01 1.943645345119632828e-01
1.679958540436476133e-01 1.679878043672350107e-01 1.680069632701843008e-01 1.680314271202635878e-01 1.680235676347615892e-01
3.374413742748466616e-02 3.373599915560170776e-02 3.375561504686835218e-02 3.377795249417117618e-02 3.377046391907018164e-02
1.867946017024659780e-03 1.868411406459620245e-03 1.867802360990665315e-03 1.867196803174303544e-03 1.867286207112237853e-03
