2.148913571799993261e-01 2.019447722475024576e-01 1.992887387185875991e-01 2.019447720493378062e-01
2.400261948109042032e-01 2.387806922165066625e-01 2.392795233813720113e-01 2.387806917013056696e-01
2.225520189474264054e-01 2.233607384305587862e-01 2.238182132860148388e-01 2.233607381214627319e-01
2.154093534649775543e-01 2.153815888712345139e-01 2.154713289515770847e-01 2.153815893872816356e-01
2.201835066112737826e-01 2.199462571257186083e-01 2.198703990945040099e-01 2.199462566007380770e-01
2.186689394528821551e-01 2.185563663707675297e-01 2.184222750985687078e-01 2.185563661283876080e-01
2.255897542818743051e-01 2.255771067663344398e-01 2.254038878256377221e-01 2.255771065113907903e-01
2.296233219356227651e-01 2.297931121582956482e-01 2.298706923055046647e-01 2.297931125380557604e-01
2.311004127696719146e-01 2.310625884762860238e-01 2.310758041472341373e-01 2.310625884188797496e-01
2.244430697010187103e-01 2.243649485289416767e-01 2.243231118844679073e-01 2.243649480641787819e-01
2.175865528629294665e-01 2.175639045240385649e-01 2.175380962793482809e-01 2.175639043904231407e-01
2.197575950207308337e-01 2.197586224602238181e-01 2.197510834230899934e-01 2.197586224025746549e-01
2.195969592099518974e-01 2.195955988681216886e-01 2.195920998923926448e-01 2.195955991852497902e-01
2.190841602244159858e-01 2.190816371937530371e-01 2.190809188170290966e-01 2.190816369536889574e-01
2.202016607905327994e-01 2.202051633657735596e-01 2.202089234163302212e-01 2.202051629989392745e-01
2.179404717608524333e-01 2.179492413262740236e-01 2.179582804296242848e-01 2.179492414560701141e-01
2.245787320610814486e-01 2.245886491740724800e-01 2.246022916623802712e-01 2.245886497612822885e-01
2.298765829175063169e-01 2.298583629237748727e-01 2.298426683838001028e-01 2.298583614910481576e-01
2.298679497964102036e-01 2.298693980135181059e-01 2.298694561193136143e-01 2.298693987118789472e-01
2.245711699243657655e-01 2.245809080705412630e-01 2.245895372336461915e-01 2.245809084012357904e-01
2.179343763544380475e-01 2.179397041681672142e-01 2.179451614252653213e-01 2.179397048737513332e-01
2.201801748403499626e-01 2.201829190061130037e-01 2.201863025672674834e-01 2.201829201715569950e-01
2.190638130091795144e-01 2.190604789863536406e-01 2.190574493261587263e-01 2.190604758971582688e-01
2.195527877158742203e-01 2.195531806538129904e-01 2.195533697796608341e-01 2.195531828859109691e-01
2.197510370911882616e-01 2.197525294442607136e-01 2.197539063141468463e-01 2.197525302325077923e-01
2.175739801606912938e-01 2.175736586778967974e-01 2.175733402723625254e-01 2.175736593195346513e-01
2.244182488868280700e-01 2.244169566525726078e-01 2.244155691825283350e-01 2.244169571068395375e-01
2.311435207950250370e-01 2.311458855681769176e-01 2.311481711624426005e-01 2.311458850821938582e-01
2.298615867458036477e-01 2.298613916039990157e-01 2.298612339810423288e-01 2.298613924987389090e-01
2.255633668632383015e-01 2.255621111534219791e-01 2.255608901316305537e-01 2.255621112998000000e-01
2.185376316385989337e-01 2.185366618333907107e-01 2.185356865998447640e-01 2.185366617336494677e-01
2.198810068676521345e-01 2.198802542062322785e-01 2.198794627786875289e-01 2.198802537723291983e-01
2.151992851955179253e-01 2.152004977476917047e-01 2.152016918133132506e-01 2.152005005672821270e-01
2.233555526816413672e-01 2.233552000336023746e-01 2.233548548278002366e-01 2.233551985475618062e-01
2.402083281169193618e-01 2.402079131956791069e-01 2.402075008131149825e-01 2.402079131328788142e-01
2.030090004119925462e-01 2.030089041919713178e-01 2.030088067677168484e-01 2.030089041773744385e-01
