2.795580124045227155e-02 2.795580325861320506e-02 2.795580558527088755e-02 2.795580517453859215e-02 2.795580338589509495e-02
1.714612800702206008e-01 1.714612834355988547e-01 1.714612903478630046e-01 1.714612906489170752e-01 1.714612862906158552e-01
2.006078724173266936e-01 2.006078732771280904e-01 2.006078830907606636e-01 2.006078846140034733e-01 2.006078753134433734e-01
2.002428998856249642e-01 2.002428959304037304e-01 2.002429009218251732e-01 2.002429034433235167e-01 2.002429050359268159e-01
2.000139679277062321e-01 2.000139692402329583e-01 2.000139795308442936e-01 2.000139913378213563e-01 2.000140351893890112e-01
1.998417105962280726e-01 1.998416642847959113e-01 1.998418183738337184e-01 1.998418024179579033e-01 1.998417524106245458e-01
1.999584914449210882e-01 1.999582982075277793e-01 1.999583818418005088e-01 1.999583744388372664e-01 1.999583297952617356e-01
1.999940539583963672e-01 1.999934317870708245e-01 1.999936572263357470e-01 1.999936759836772604e-01 1.999938239328776235e-01
1.999852599144140708e-01 1.999841736918265278e-01 1.999845674556783581e-01 1.999846913164058382e-01 1.999846319451931698e-01
1.999769720667157746e-01 1.999752578011161630e-01 1.999754401632568568e-01 1.999752265285236752e-01 1.999760647171892336e-01
1.999681534344925904e-01 1.999707403830586760e-01 1.999701690617326499e-01 1.999677754568189858e-01 1.999702265130454126e-01
1.999211427329561641e-01 1.999486824027065512e-01 1.999625295098926003e-01 1.999630113851211533e-01 1.999471237590140782e-01
1.997260726768420036e-01 1.998240829408376995e-01 1.999438731443258510e-01 1.999456535753452169e-01 1.998206256636161360e-01
1.997071226304405478e-01 1.996744210438380907e-01 1.998095485329880183e-01 1.997987037698587820e-01 1.996565888231683905e-01
2.001341601022295358e-01 1.998412506898139818e-01 1.998685871201584530e-01 1.998605601076409166e-01 1.998141448241234630e-01
1.986941317223939463e-01 1.995513999037469011e-01 1.997050441976772894e-01 1.997205427045724568e-01 1.995433015931527276e-01
1.822591505754517505e-01 1.933616207761795214e-01 1.987591034375746080e-01 1.987478955993814966e-01 1.933939288272243096e-01
1.009047503434364057e-01 1.516469762424069723e-01 1.936089693046919857e-01 1.936264321979417335e-01 1.516139841061312221e-01
2.674217681450951224e-03 8.482902538304457063e-02 1.571909663143070957e-01 1.571874196883077113e-01 8.482116822809251944e-02
1.029492489128122634e-01 1.530428431256520283e-01 1.941615580186161205e-01 1.941516350190870543e-01 1.530366755491415487e-01
1.826974485647969715e-01 1.937551221545658064e-01 1.991801122436791804e-01 1.991722613832153377e-01 1.937296165305751605e-01
1.986354005555955315e-01 1.995451494743952781e-01 1.998610342270588924e-01 1.998523658503553735e-01 1.995355791506730203e-01
2.001058436770892790e-01 1.998348868160433056e-01 1.999493449362856057e-01 1.999431922736967793e-01 1.998305469793227318e-01
1.996469958631427177e-01 1.996558404902855077e-01 1.998478537404197453e-01 1.998466328327457575e-01 1.996462436533066598e-01
1.994972427934109671e-01 1.997368251720507970e-01 1.999226683895195256e-01 1.998330654043972976e-01 1.995814744818959485e-01
1.985495783037889150e-01 1.995293518227020668e-01 1.998057262503933063e-01 1.990517110609894835e-01 1.982724380973723000e-01
1.981143927214178979e-01 1.989289759225605081e-01 1.991551088672604275e-01 1.985132731708429688e-01 1.978628828074099899e-01
1.996224903331990652e-01 1.995822089233975638e-01 1.995726665132634414e-01 1.995992449717783335e-01 1.996473962108911704e-01
1.986022503341040857e-01 1.987630804412299779e-01 1.989004403422774681e-01 1.988078976680392740e-01 1.986268473991335826e-01
1.845778211985250883e-01 1.894094146156714287e-01 1.912319652471228537e-01 1.879428444610175553e-01 1.837186802976234490e-01
1.214492359133454713e-01 1.569167459031495515e-01 1.683287021054523103e-01 1.409457152073183284e-01 1.117174995490769068e-01
8.721514345199225804e-02 1.223493239217412765e-01 1.335533827557043585e-01 1.058450512202189497e-01 7.707662958844832546e-02
1.727578655478787251e-01 1.772607721461753605e-01 1.787675588249058867e-01 1.751687661179803790e-01 1.714571543309285351e-01
1.976744427708362062e-01 1.979300794321948442e-01 1.980726395463212053e-01 1.977962733688386765e-01 1.975743823971502500e-01
1.710676561312841348e-01 1.710453919540052548e-01 1.710621010766039674e-01 1.710350428379618648e-01 1.710515754497765051e-01
2.786212617262688249e-02 2.785257657748293342e-02 2.785109531797874335e-02 2.784825481577402756e-02 2.785760131674755447e-02
