1.885250259089269742e-01 1.885250657299119836e-01 1.885249150627716919e-01 1.885247771880817491e-01 1.885247144421820231e-01
2.624827960609640853e-01 2.624825123011133021e-01 2.624816817571047900e-01 2.624820969711097463e-01 2.624806692931392904e-01
2.954185536095348952e-01 2.954146926878863377e-01 2.954095537318554565e-01 2.954168981418514028e-01 2.954044098803226825e-01
2.535333216769028453e-01 2.535230373719031816e-01 2.535119637466647924e-01 2.535323053291456130e-01 2.535010730970692627e-01
2.525945061539697778e-01 2.525835875720328638e-01 2.525691238801271443e-01 2.525915617571072302e-01 2.525540699104633635e-01
2.911761948223412499e-01 2.911760137468042409e-01 2.911521956628981833e-01 2.911520840940269306e-01 2.911220760650407025e-01
2.445014710708574290e-01 2.445074650133712557e-01 2.444859584830579857e-01 2.444684311886359540e-01 2.444571134252046807e-01
2.237647587672343397e-01 2.237747573561393311e-01 2.237546315152513510e-01 2.237401559321809952e-01 2.237429058038991336e-01
2.445459937185427701e-01 2.446097421461561616e-01 2.445155427316226537e-01 2.444946158743674380e-01 2.445161739935079459e-01
2.908069528318749097e-01 2.909571045086432051e-01 2.907552458227031789e-01 2.907959855161546536e-01 2.907952860716606636e-01
2.525881696960158296e-01 2.527806313928405713e-01 2.525610934017644693e-01 2.527301495445569701e-01 2.526412576177576863e-01
2.522678961189833702e-01 2.524548958311377267e-01 2.523565156999585946e-01 2.526111474712239846e-01 2.524205685343562378e-01
2.896684589268452847e-01 2.898902932986037184e-01 2.903040178986885378e-01 2.906808494269288445e-01 2.901604936125946055e-01
2.415215574577723734e-01 2.416555289529671580e-01 2.421572282468559545e-01 2.424551647980627833e-01 2.419810936063842011e-01
2.126170142038741606e-01 2.124418024813833350e-01 2.123326417973031843e-01 2.124127066546850073e-01 2.125348468143472835e-01
2.062995604977681252e-01 2.056308863885771832e-01 2.044560546505422294e-01 2.044788797917338752e-01 2.056589903347583459e-01
2.135522087698580040e-01 2.109889428227613717e-01 2.078229710739557534e-01 2.078302612756409984e-01 2.109959970004693097e-01
2.574984582792704813e-01 2.321021323517691304e-01 2.217278325827993779e-01 2.217299317824417693e-01 2.321022433255576778e-01
4.706903765929334460e-01 2.807862720159081671e-01 2.461991405318932069e-01 2.461993734067713935e-01 2.807844015845149532e-01
2.607901112186588599e-01 2.344197039493730317e-01 2.230240044809049527e-01 2.230240030916708083e-01 2.344184290601568632e-01
2.142941296727438605e-01 2.115870420927042916e-01 2.083831158873561407e-01 2.083830722138541869e-01 2.115866023153993025e-01
2.038275036508444549e-01 2.032149620692757785e-01 2.021155037794836185e-01 2.021155552817552603e-01 2.032152671266597987e-01
2.008472543672045474e-01 2.006756310328474124e-01 2.005033725008406598e-01 2.005033959903955998e-01 2.006760753417702325e-01
2.002347770756101042e-01 2.001854613041385567e-01 2.001773134366608697e-01 2.001773243102294153e-01 2.001857008479404898e-01
2.000536547691414702e-01 2.000464208242345998e-01 2.000533714760670823e-01 2.000534258028091039e-01 2.000466301636950883e-01
1.999572800487720292e-01 1.999580007799179882e-01 1.999614516514107154e-01 1.999614936532814191e-01 1.999581425652782463e-01
1.998933630934482675e-01 1.998939425603817321e-01 1.998952481632517986e-01 1.998952868655467230e-01 1.998940605956930627e-01
1.998740247085887822e-01 1.998743139565843929e-01 1.998749807002243029e-01 1.998750070454087258e-01 1.998743856314397493e-01
1.999026486916262446e-01 1.999027795286984766e-01 1.999030543950719441e-01 1.999030678021790353e-01 1.999028148974163754e-01
1.999133020230156876e-01 1.999133616756081366e-01 1.999134589488464619e-01 1.999134622412769569e-01 1.999133747060962973e-01
1.998418365838819655e-01 1.998418545932360013e-01 1.998418801406745826e-01 1.998418818217891357e-01 1.998418618308144268e-01
2.000418939885591774e-01 2.000418995473474126e-01 2.000419044351793574e-01 2.000419031169431983e-01 2.000418995103324105e-01
2.002799436891420093e-01 2.002799455389639161e-01 2.002799464872406510e-01 2.002799455393632910e-01 2.002799448142948691e-01
2.006433774318907848e-01 2.006433780102428732e-01 2.006433779854249200e-01 2.006433774665457026e-01 2.006433774582747076e-01
1.714935905561348894e-01 1.714935906786589914e-01 1.714935906127030285e-01 1.714935904390516852e-01 1.714935904971186809e-01
2.796655746634880979e-02 2.796655744617367739e-02 2.796655742255374499e-02 2.796655740919487543e-02 2.796655744935531984e-02
