2.020715192160628948e-01 2.020715192041006025e-01 2.020715192093592572e-01 2.020715192027541240e-01
2.299566471639165333e-01 2.299566471458922567e-01 2.299566471592633943e-01 2.299566471361211839e-01
1.963604460913211114e-01 1.963604460575421318e-01 1.963604460392870676e-01 1.963604460075908387e-01
1.919949029408345720e-01 1.919949029197903223e-01 1.919949028921483503e-01 1.919949028601591612e-01
2.061991539273948237e-01 2.061991539188105793e-01 2.061991539211592561e-01 2.061991538959641324e-01
2.131262034398949956e-01 2.131262034287223217e-01 2.131262034353273993e-01 2.131262034175281095e-01
2.091510431886107191e-01 2.091510431716729346e-01 2.091510431841225870e-01 2.091510431708443751e-01
1.993534886131643480e-01 1.993534886062021394e-01 1.993534885978133220e-01 1.993534885817357660e-01
1.983793983834926944e-01 1.983793983650121162e-01 1.983793983656274851e-01 1.983793983750813117e-01
2.100298974799593987e-01 2.100298974750410830e-01 2.100298974982890976e-01 2.100298975027063419e-01
2.145307227813051387e-01 2.145307227807757289e-01 2.145307227925494775e-01 2.145307227961067986e-01
2.130712162537348187e-01 2.130712162524450726e-01 2.130712162579149471e-01 2.130712162609713078e-01
2.064982385271659782e-01 2.064982385356498862e-01 2.064982385309713786e-01 2.064982385235899776e-01
2.057959638436698824e-01 2.057959638308803074e-01 2.057959638221367182e-01 2.057959638313387463e-01
2.137200562066438325e-01 2.137200562017160521e-01 2.137200561946867028e-01 2.137200561942810828e-01
2.155624211398568524e-01 2.155624211407685120e-01 2.155624211394645551e-01 2.155624211399263801e-01
2.149961093440005966e-01 2.149961093467963880e-01 2.149961093408740420e-01 2.149961093483297725e-01
2.092025655794720607e-01 2.092025655881995516e-01 2.092025655816711627e-01 2.092025655821577734e-01
2.092025655671326811e-01 2.092025655662318462e-01 2.092025655767414116e-01 2.092025655818497143e-01
2.149961094348632751e-01 2.149961094392530969e-01 2.149961094327040856e-01 2.149961094328592670e-01
2.155624212443779386e-01 2.155624212513932159e-01 2.155624212478960133e-01 2.155624212538509443e-01
2.137200567416453478e-01 2.137200567496414516e-01 2.137200567430504183e-01 2.137200567532377693e-01
2.057959650017951170e-01 2.057959650118543760e-01 2.057959650085177117e-01 2.057959650086756409e-01
2.064982397449875162e-01 2.064982397438250850e-01 2.064982397687006865e-01 2.064982397733951258e-01
2.130712169522866462e-01 2.130712169589794314e-01 2.130712169557838764e-01 2.130712169575313952e-01
2.145307230871109083e-01 2.145307230923885200e-01 2.145307230832302348e-01 2.145307230906105256e-01
2.100298983759743832e-01 2.100298983770442218e-01 2.100298983641400719e-01 2.100298983769994521e-01
1.983794000675180580e-01 1.983794000725122297e-01 1.983794000652764622e-01 1.983794000681925185e-01
1.993534903447795881e-01 1.993534903476697762e-01 1.993534903658840673e-01 1.993534903715889206e-01
2.091510440651322966e-01 2.091510440710370455e-01 2.091510440523071668e-01 2.091510440609134769e-01
2.131262036725913855e-01 2.131262036774791147e-01 2.131262036647029734e-01 2.131262036706144392e-01
2.061991544258421072e-01 2.061991544274338339e-01 2.061991544092679207e-01 2.061991544228754525e-01
1.919949036676945608e-01 1.919949036853949298e-01 1.919949036737168546e-01 1.919949036955967137e-01
1.963604469588566548e-01 1.963604469766594973e-01 1.963604470127434665e-01 1.963604470367679711e-01
2.299566474407536143e-01 2.299566474448687670e-01 2.299566474385070225e-01 2.299566474466625543e-01
2.020715191417252199e-01 2.020715191495854601e-01 2.020715191273450562e-01 2.020715191484842854e-01
