1.775101852689589810e-01 1.775197592996914653e-01 1.775079658692297890e-01 1.774910246149113136e-01 1.774918774817816347e-01
2.333967421803659903e-01 2.334371138252978040e-01 2.333886772897872108e-01 2.333179088057928119e-01 2.333203988571409260e-01
2.449312292090196630e-01 2.450638758624376912e-01 2.449081340692323139e-01 2.446784607770491338e-01 2.446872416964770980e-01
2.872724938926635718e-01 2.876444636218440931e-01 2.871843434914818638e-01 2.865290863053382986e-01 2.865745590409854993e-01
2.418344979507539849e-01 2.421865215266403581e-01 2.417376505687569843e-01 2.411116054609109272e-01 2.411642008548696980e-01
2.123364646369774456e-01 2.124430550158636077e-01 2.123017645573456458e-01 2.121052994205284703e-01 2.121216299347055412e-01
2.034585925335584966e-01 2.034929254683212063e-01 2.034470684081157443e-01 2.033802180560804473e-01 2.033849760458399658e-01
2.034944338594633639e-01 2.035098831618923632e-01 2.034941078930656566e-01 2.034682934257900366e-01 2.034672601431662953e-01
2.123599194820414982e-01 2.123771453861574288e-01 2.123692192667367695e-01 2.123445509304909828e-01 2.123373921703777256e-01
2.414470946991671141e-01 2.414937972425198753e-01 2.414718698212061643e-01 2.414068590887197274e-01 2.413882159497645896e-01
2.853270194327719445e-01 2.854680260277815407e-01 2.853242131017493244e-01 2.850921381723066084e-01 2.850904115009216255e-01
2.414994146677695019e-01 2.416334812618939898e-01 2.414643140178256708e-01 2.412230287676336293e-01 2.412404128445546636e-01
2.122961015167778853e-01 2.123221755147562395e-01 2.122587549395399120e-01 2.121854628305664403e-01 2.122016585518399778e-01
2.031645081652583840e-01 2.031024818180685310e-01 2.030277611294803441e-01 2.030050674008057887e-01 2.030654901368626752e-01
2.013555952841375174e-01 2.011414438653854608e-01 2.008786337797520416e-01 2.008721982592502620e-01 2.011313878722923998e-01
2.035845654586193598e-01 2.030064449865132958e-01 2.018819025278570378e-01 2.018795207383602408e-01 2.030023665386529730e-01
2.126525960288742079e-01 2.105669473953894477e-01 2.077724739949089461e-01 2.077709356843865096e-01 2.105643842979721680e-01
2.556260583952376098e-01 2.319534800584362733e-01 2.230993009890019363e-01 2.230979667959341606e-01 2.319506767257251412e-01
4.675467642248860578e-01 2.808093200315421312e-01 2.490788394655344129e-01 2.490723335321595178e-01 2.807911689099805708e-01
2.575852519589480472e-01 2.334448816449953279e-01 2.240240634251624841e-01 2.240154539148798973e-01 2.334191680070983876e-01
2.132648606902313726e-01 2.111922044049822367e-01 2.084224211588120712e-01 2.084116407973274354e-01 2.112087669174112226e-01
2.035588870384750226e-01 2.030779931863047338e-01 2.020523207977693858e-01 2.020317541578916520e-01 2.030809593676314861e-01
2.007471957748217239e-01 2.006159195388750871e-01 2.004167755623917913e-01 2.004631065196910700e-01 2.006670693862770971e-01
2.001919121844393523e-01 2.001730070781382598e-01 2.001381726385079995e-01 2.002008532826302367e-01 2.002230457554981802e-01
2.001186793973411260e-01 2.001289083334027441e-01 2.001333189702974025e-01 2.001672534762092004e-01 2.001620464210733252e-01
2.000675675659642216e-01 2.000797282293423351e-01 2.000893346205167289e-01 2.000953454361687756e-01 2.000895541838758895e-01
1.999093256940520369e-01 1.999140572762520829e-01 1.999130114694237237e-01 1.999099406527241329e-01 1.999100038487831021e-01
1.997611962025710730e-01 1.997625136952608238e-01 1.997617211943140125e-01 1.997602806472912051e-01 1.997601385610098257e-01
1.997589586000632911e-01 1.997592068109070029e-01 1.997592729508932130e-01 1.997591121562764249e-01 1.997589515643540536e-01
1.998338920543449859e-01 1.998339491077300856e-01 1.998340510550147275e-01 1.998341016964215455e-01 1.998340486070890043e-01
1.998367451583564769e-01 1.998367671419042646e-01 1.998368071638161880e-01 1.998368293877832713e-01 1.998368230299494008e-01
2.000754714208070884e-01 2.000754851881326180e-01 2.000754879432816713e-01 2.000754815978200152e-01 2.000754852795131322e-01
2.003202919387176706e-01 2.003202980426301849e-01 2.003202953281186804e-01 2.003202906768402625e-01 2.003202939336453103e-01
2.006775675190689556e-01 2.006775698018741783e-01 2.006775680252093075e-01 2.006775658165172449e-01 2.006775671934021010e-01
1.715220055355453910e-01 1.715220061390579920e-01 1.715220055776200403e-01 1.715220049227393906e-01 1.715220052569580433e-01
2.797616866768190200e-02 2.797616872443636424e-02 2.797616865296605887e-02 2.797616858652814814e-02 2.797616862203076635e-02
