1.744445836624164414e-01 1.744445836561946406e-01 1.744445836722225696e-01 1.744445836779726089e-01 1.744445836665947103e-01
2.213497865396155673e-01 2.213497865185857782e-01 2.213497865252330721e-01 2.213497865200073633e-01 2.213497864879700738e-01
2.037680874819279009e-01 2.037680874447527490e-01 2.037680874343700266e-01 2.037680874176116819e-01 2.037680873841614670e-01
2.004065845350430919e-01 2.004065845025791714e-01 2.004065844814151010e-01 2.004065844668666552e-01 2.004065844430114596e-01
2.000000000005767165e-01 1.999999999839023324e-01 1.999999999570216958e-01 1.999999999473713874e-01 1.999999999380289717e-01
2.000120598584205489e-01 2.000120598458962617e-01 2.000120598279024331e-01 2.000120598202974054e-01 2.000120598089424051e-01
2.000161648728305541e-01 2.000161648528067937e-01 2.000161648436007411e-01 2.000161648345590015e-01 2.000161648161830896e-01
2.000024430465296432e-01 2.000024430300655909e-01 2.000024430229410677e-01 2.000024430227616001e-01 2.000024430115583118e-01
2.000002607957283296e-01 2.000002607876156802e-01 2.000002607817353006e-01 2.000002607848502534e-01 2.000002607848432867e-01
1.999999999696482622e-01 1.999999999718376498e-01 1.999999999680943108e-01 1.999999999730145694e-01 1.999999999796963635e-01
2.000000138868102684e-01 2.000000138878374190e-01 2.000000138884495959e-01 2.000000138927717774e-01 2.000000138980324860e-01
2.000000134678797670e-01 2.000000134653506234e-01 2.000000134659879192e-01 2.000000134643833971e-01 2.000000134690166076e-01
2.000000019230205872e-01 2.000000019235689541e-01 2.000000019274746077e-01 2.000000019234987603e-01 2.000000019317641209e-01
2.000000001953202988e-01 2.000000001969338692e-01 2.000000002008018862e-01 2.000000001948254724e-01 2.000000002038308522e-01
1.999999999909272685e-01 1.999999999935757611e-01 2.000000000011304679e-01 1.999999999949492180e-01 2.000000000037630010e-01
2.000000000071595063e-01 2.000000000108912157e-01 2.000000000174776971e-01 2.000000000103625830e-01 2.000000000198252081e-01
2.000000000076750384e-01 2.000000000110874754e-01 2.000000000169135650e-01 2.000000000106579856e-01 2.000000000196174299e-01
1.999999999989284516e-01 2.000000000000113076e-01 2.000000000053316906e-01 1.999999999995540900e-01 2.000000000076863904e-01
1.999999999947507101e-01 1.999999999963972264e-01 2.000000000028021307e-01 1.999999999967207454e-01 2.000000000049414473e-01
2.000000000012987222e-01 2.000000000046171789e-01 2.000000000138706102e-01 2.000000000065098871e-01 2.000000000161822333e-01
2.000000000032034764e-01 2.000000000062279737e-01 2.000000000174176062e-01 2.000000000109430909e-01 2.000000000204911477e-01
1.999999999890945679e-01 1.999999999917504434e-01 2.000000000009532763e-01 1.999999999951362073e-01 2.000000000027675195e-01
2.000000001910077208e-01 2.000000001947340456e-01 2.000000002017774114e-01 2.000000001977778052e-01 2.000000002050377479e-01
2.000000019186844169e-01 2.000000019235337601e-01 2.000000019307507371e-01 2.000000019251959027e-01 2.000000019330771539e-01
2.000000134607873570e-01 2.000000134664475238e-01 2.000000134753930348e-01 2.000000134696050258e-01 2.000000134773447236e-01
2.000000138821426965e-01 2.000000138867425170e-01 2.000000138942540084e-01 2.000000138889788392e-01 2.000000138955184692e-01
1.999999999803660500e-01 1.999999999844608023e-01 1.999999999880261725e-01 1.999999999854200905e-01 1.999999999921628357e-01
2.000002608088156386e-01 2.000002608134619497e-01 2.000002608165668827e-01 2.000002608170744489e-01 2.000002608247668789e-01
2.000024430698993383e-01 2.000024430781557339e-01 2.000024430791747243e-01 2.000024430805516507e-01 2.000024430893397598e-01
2.000161648953948657e-01 2.000161649051573620e-01 2.000161649082403126e-01 2.000161649115636819e-01 2.000161649180879908e-01
2.000120598653130077e-01 2.000120598716570719e-01 2.000120598737019362e-01 2.000120598756419399e-01 2.000120598804955019e-01
1.999999999874025880e-01 1.999999999923466332e-01 1.999999999928613881e-01 1.999999999941411977e-01 1.999999999993873900e-01
2.004065844605509572e-01 2.004065844673103558e-01 2.004065844700063104e-01 2.004065844724082224e-01 2.004065844807461638e-01
2.037680873670746906e-01 2.037680873767243883e-01 2.037680873780016166e-01 2.037680873797938219e-01 2.037680873883205013e-01
2.213497863974941693e-01 2.213497864050819608e-01 2.213497864087740907e-01 2.213497864138190829e-01 2.213497864164336304e-01
1.744445835447714366e-01 1.744445835467451633e-01 1.744445835510093634e-01 1.744445835543727841e-01 1.744445835529317423e-01
