3.524077756740604528e-01 1.837525389657526098e-01 1.597912567758256186e-01 1.837525391729472601e-01
2.213467663216476256e-01 2.108580925273606521e-01 2.218853206037891823e-01 2.108580936066576650e-01
1.894266505669914558e-01 1.942243057579361165e-01 1.976839654402166024e-01 1.942243055836940790e-01
1.917369536164369448e-01 1.924506097512451996e-01 1.926010370027664287e-01 1.924506051052002620e-01
2.068501830806841468e-01 2.064734596149409018e-01 2.063678499254402721e-01 2.064734539678822201e-01
2.135154907802721824e-01 2.132595493288742539e-01 2.129859378442984230e-01 2.132595435765832492e-01
2.095902992612024007e-01 2.096352718538531668e-01 2.092075938661636381e-01 2.096352694105846348e-01
1.996300647237300163e-01 2.000972486840355558e-01 2.002616352750433426e-01 2.000972509878848893e-01
1.991675042746738067e-01 1.990473472433446078e-01 1.990638679496680163e-01 1.990473429992427601e-01
2.105454689582857974e-01 2.103461152710734972e-01 2.102607568262095661e-01 2.103461108406083357e-01
2.147170360743852757e-01 2.146258698935269993e-01 2.145171713235895505e-01 2.146258652469239525e-01
2.132504937578205972e-01 2.132339620954485371e-01 2.131041932470427447e-01 2.132339597711262746e-01
2.065122608404868221e-01 2.066578680279203273e-01 2.067369540820642171e-01 2.066578682894379682e-01
2.060411991802168774e-01 2.060057403379884078e-01 2.060029434777749247e-01 2.060057409185241939e-01
2.138415929309742669e-01 2.137787614997792296e-01 2.137410572398782960e-01 2.137787612536103665e-01
2.155753401691269111e-01 2.155445397555553477e-01 2.155098766063545945e-01 2.155445397107465522e-01
2.148382121702409608e-01 2.148267208803540940e-01 2.147934244705053120e-01 2.148267209496369512e-01
2.087445858152328082e-01 2.087841880923152482e-01 2.088114351179570782e-01 2.087841873210055932e-01
2.088434524100588885e-01 2.088345053512054017e-01 2.088318452635225531e-01 2.088345057863197074e-01
2.147864434331680228e-01 2.147692860816461380e-01 2.147567777278101553e-01 2.147692858396390014e-01
2.154715319931214956e-01 2.154628023928469027e-01 2.154533844601905501e-01 2.154628023641692591e-01
2.133999186747289334e-01 2.133958778742549578e-01 2.133882667273171163e-01 2.133958781734749954e-01
2.051539926170494188e-01 2.051634329755828989e-01 2.051709122094919902e-01 2.051634334151922479e-01
2.058690518534796177e-01 2.058670348606059242e-01 2.058660419472096437e-01 2.058670355571138866e-01
2.127480424613279464e-01 2.127439567016180533e-01 2.127406029751805761e-01 2.127439569145790910e-01
2.144285163270018835e-01 2.144264514504313213e-01 2.144242841384169651e-01 2.144264516409933874e-01
2.097764951813286816e-01 2.097754903517921599e-01 2.097740021503091412e-01 2.097754906954801268e-01
1.979378448090801101e-01 1.979397239202811132e-01 1.979413487570082786e-01 1.979397247396671444e-01
1.988772204084789108e-01 1.988768146716387020e-01 1.988765454064367055e-01 1.988768156193453374e-01
2.089312665064070595e-01 2.089304710557653155e-01 2.089297671453976268e-01 2.089304713317260143e-01
2.130745603928155818e-01 2.130741956341334065e-01 2.130738183034901478e-01 2.130741960077291164e-01
2.061143685732228781e-01 2.061142160028540393e-01 2.061140183346802657e-01 2.061142165309501617e-01
1.918776895771240332e-01 1.918779457175396330e-01 1.918781818746941592e-01 1.918779464735466955e-01
1.962106457310811569e-01 1.962105591639492219e-01 1.962104822707771423e-01 1.962105599220064223e-01
2.299021236475404795e-01 2.299020398194900061e-01 2.299019584713484221e-01 2.299020398646508534e-01
2.020666378594565271e-01 2.020666200575037263e-01 2.020666009301973765e-01 2.020666199257180884e-01
