1.614287137675084541e-02 1.896550562359451686e-02 2.040329782695129643e-02 1.896550555732945398e-02
1.628383776567913499e-01 1.664426332672749587e-01 1.688391774926386868e-01 1.664426322789555324e-01
1.843532313609023143e-01 1.851661795774986741e-01 1.855348052468358822e-01 1.851661773415779200e-01
1.850134694863150575e-01 1.850926311943948965e-01 1.851094217375459650e-01 1.850926305640133440e-01
2.042742773282129332e-01 2.042630206116197722e-01 2.042638577824182899e-01 2.042630205465476856e-01
2.118726855821439214e-01 2.118650215032543416e-01 2.118669944137100414e-01 2.118650214820484157e-01
2.032414969077844802e-01 2.032789146998976448e-01 2.033231872677492835e-01 2.032789143018743083e-01
1.745391800801444626e-01 1.746255441045546919e-01 1.747163888719962255e-01 1.746255430924487373e-01
1.748070720865821381e-01 1.748302252303080007e-01 1.748535925288483561e-01 1.748302246410034233e-01
2.034658708996081034e-01 2.034675141692566525e-01 2.034682285089363107e-01 2.034675140028178730e-01
2.120641309009345110e-01 2.120642504846182164e-01 2.120645406601942562e-01 2.120642504907937487e-01
2.025494103480762753e-01 2.025620862730281857e-01 2.025762256517538440e-01 2.025620862864671856e-01
1.648791142121347475e-01 1.649102440855340079e-01 1.649425126622818261e-01 1.649102440239658685e-01
1.650423998318575891e-01 1.650507657358623037e-01 1.650592125025493739e-01 1.650507655118254591e-01
2.026535188123860520e-01 2.026540618145785955e-01 2.026543879145649152e-01 2.026540617128769206e-01
2.120693382777523450e-01 2.120693540407789790e-01 2.120693795527883452e-01 2.120693540406032862e-01
2.022802864858187222e-01 2.022841487052630116e-01 2.022882856077617697e-01 2.022841488195339932e-01
1.609868683089006880e-01 1.609963134564665332e-01 1.610059750411785839e-01 1.609963137031704683e-01
1.609933589939493981e-01 1.609958920946976957e-01 1.609984407807205364e-01 1.609958921325285730e-01
2.022837679196650418e-01 2.022839214791392892e-01 2.022840334066694779e-01 2.022839214630385296e-01
2.120693457439903062e-01 2.120693407493298988e-01 2.120693340400468530e-01 2.120693407484032789e-01
2.026569791086955674e-01 2.026579811350396887e-01 2.026590275604461810e-01 2.026579813161596411e-01
1.650949193898863521e-01 1.650973732030781571e-01 1.650998626470904784e-01 1.650973736482138354e-01
1.649557973593711591e-01 1.649564556538452020e-01 1.649571167500536450e-01 1.649564558839954342e-01
2.025659733701454523e-01 2.025660118156766276e-01 2.025660434892224415e-01 2.025660118623356931e-01
2.120642351347160615e-01 2.120642309472720033e-01 2.120642259002153418e-01 2.120642309457545227e-01
2.034724743086601395e-01 2.034726881627498818e-01 2.034729080899821407e-01 2.034726883560772914e-01
1.748961271672917761e-01 1.748966559330992487e-01 1.748971900136932212e-01 1.748966564954016201e-01
1.746927492845490038e-01 1.746928923879985107e-01 1.746930364512666312e-01 1.746928929673073894e-01
2.032832411675810358e-01 2.032832499477257859e-01 2.032832580313470028e-01 2.032832501459748142e-01
2.118553807245009968e-01 2.118553790817832849e-01 2.118553772119879386e-01 2.118553790937238723e-01
2.042660390591437558e-01 2.042660690730617179e-01 2.042660997237339404e-01 2.042660691880718582e-01
1.851022007311607931e-01 1.851022780543677138e-01 1.851023562882763984e-01 1.851022785042259478e-01
1.849319265395367173e-01 1.849319495589699658e-01 1.849319735908424023e-01 1.849319504473661280e-01
1.661394304735938354e-01 1.661394331088514587e-01 1.661394361450780621e-01 1.661394334799962957e-01
1.884570733982894597e-02 1.884570752326022308e-02 1.884570773740512975e-02 1.884570754754326047e-02
