1.807959136882815177e-01 1.791205401529079588e-01 1.801556466994559957e-01 1.801556498595854872e-01 1.791205417658489896e-01
2.233087276600613513e-01 2.227924396246627747e-01 2.231107840521288077e-01 2.231107866708250398e-01 2.227924432368865448e-01
2.047378390440746099e-01 2.060822496817679705e-01 2.052515445428413632e-01 2.052515467553208128e-01 2.060822614450998069e-01
2.044161589111168631e-01 2.066484481992867661e-01 2.052658159231110224e-01 2.052658152990795848e-01 2.066484513622092178e-01
2.002490774240597848e-01 2.002110076088689516e-01 2.002247429829517311e-01 2.002247471778531296e-01 2.002110048168941336e-01
2.109081483407217184e-01 2.024284468179115559e-01 2.076511582546836376e-01 2.076511781229100073e-01 2.024284544952682507e-01
2.018505184420796017e-01 2.014190590077686305e-01 2.016634012980169088e-01 2.016634067416655796e-01 2.014190684436908962e-01
2.000207945777532637e-01 2.049445926080650793e-01 2.018981173935990026e-01 2.018981083588039516e-01 2.049446222396012762e-01
2.022387907260859985e-01 2.075408340464550694e-01 2.041579068969640309e-01 2.041579092403654483e-01 2.075408382985138023e-01
2.013459012098776091e-01 2.008331853745564943e-01 2.008718978674185474e-01 2.008719124387766675e-01 2.008331753611263537e-01
2.157911547330280400e-01 2.022084796158047371e-01 2.101171334056088635e-01 2.101171769019014035e-01 2.022084803047982382e-01
2.019568047321020077e-01 2.029767105226273904e-01 2.017119881087807431e-01 2.017120019409475995e-01 2.029767268580717210e-01
2.010337060415236521e-01 2.090068586036993858e-01 2.039785878525155194e-01 2.039785559983991747e-01 2.090069166736641115e-01
2.093117752285795496e-01 2.083354025964141987e-01 2.059792393608276262e-01 2.059792350480362799e-01 2.083354232680272866e-01
2.144235838726927801e-01 2.025472832594114314e-01 2.022269000123138594e-01 2.022269320440781004e-01 2.025472771602024602e-01
2.289341292007640027e-01 2.208313334080038715e-01 2.129986586108494340e-01 2.129987180101514110e-01 2.208313284026924284e-01
2.076761739636812654e-01 2.498667390356491547e-01 2.103424361073223392e-01 2.103424535781757421e-01 2.498667494200741968e-01
2.075728643442090182e-01 2.232188080755328485e-01 2.170560652105784916e-01 2.170560281421401450e-01 2.232188659044962442e-01
5.786149281373973441e-01 2.001699518872765149e-01 2.610992860350946909e-01 2.610992847437431652e-01 2.001699821498108545e-01
2.076181409818279588e-01 2.144939467318273396e-01 2.137460566983525045e-01 2.137460962975989698e-01 2.144939420814735986e-01
2.278080752715053725e-01 2.534731602456877786e-01 2.241554241836017369e-01 2.241554857409191470e-01 2.534731593918496118e-01
2.105548549530272540e-01 2.190916017387360692e-01 2.009821477993326277e-01 2.009821620068604764e-01 2.190916069584195047e-01
2.187980050739741777e-01 2.149340184899740658e-01 2.096641307538712751e-01 2.096640915955713946e-01 2.149340661634231986e-01
2.093087200290825178e-01 2.079411937053555481e-01 2.058240362428258308e-01 2.058240430755901018e-01 2.079412235710352830e-01
2.043073071548746067e-01 2.044425451142194983e-01 2.042527357975139346e-01 2.042527767301749175e-01 2.044425428970529368e-01
2.219634849853784064e-01 2.095212211400438174e-01 2.165709088375108449e-01 2.165709508819081419e-01 2.095212304478034637e-01
2.007283543421773120e-01 2.009231467436074781e-01 2.003211371662086127e-01 2.003211455749646930e-01 2.009231474385475003e-01
2.105226623639530892e-01 2.157123055904440478e-01 2.122270656568452096e-01 2.122270347107383381e-01 2.157123359441986132e-01
2.022353010880041935e-01 2.068269126148559456e-01 2.038792250997602251e-01 2.038792374456644130e-01 2.068269358635845268e-01
2.047538915726964948e-01 2.042928061314431831e-01 2.045699561047175097e-01 2.045699861518675000e-01 2.042928050610883783e-01
2.198698011694437959e-01 2.114316102855850199e-01 2.166210126683744130e-01 2.166210392304270815e-01 2.114316180208460072e-01
2.001028891892991934e-01 2.000884190116290207e-01 2.000813580954504400e-01 2.000813603636285853e-01 2.000884187655443680e-01
2.141377687789300099e-01 2.163632482797817613e-01 2.149774045649879284e-01 2.149773898730891197e-01 2.163632566288773429e-01
2.077683656675128610e-01 2.091034039219684115e-01 2.082728316051568052e-01 2.082728439759633787e-01 2.091034176615088058e-01
2.264381792365306734e-01 2.259224974147888976e-01 2.262396190304227783e-01 2.262396326318041884e-01 2.259224987140942276e-01
1.909486618233896538e-01 1.892746449054317770e-01 1.903084692227108576e-01 1.903084749137261833e-01 1.892746482171192013e-01
