2.701323964700428348e-01 1.962572816883932092e-01 1.828389831489388995e-01 1.962572816401109144e-01
2.384132118805946943e-01 2.328447706952470053e-01 2.348635719924111465e-01 2.328447705467538986e-01
2.185011817145659507e-01 2.238732542105809908e-01 2.262455201974536423e-01 2.238732543846687906e-01
2.165975445754749762e-01 2.162555175010385522e-01 2.167890970179736920e-01 2.162555173350777793e-01
2.219129435119762683e-01 2.201803862866140160e-01 2.196589299882783231e-01 2.201803861314763633e-01
2.194298936906101671e-01 2.186376691403125461e-01 2.177457679561444481e-01 2.186376690281969792e-01
2.256873468029489960e-01 2.256035907910290961e-01 2.244365526443705683e-01 2.256035906483224718e-01
2.281790496039523553e-01 2.293372979015351198e-01 2.298417198649194138e-01 2.293372983779985441e-01
2.307173044072784451e-01 2.304706269801382046e-01 2.305483058062004764e-01 2.304706263630266205e-01
2.245642786527479173e-01 2.240352029962867086e-01 2.237572149527810583e-01 2.240352027857052120e-01
2.176583093028776894e-01 2.175063501438562474e-01 2.173427991671905424e-01 2.175063500078961987e-01
2.197191252912996662e-01 2.197296027048012412e-01 2.196901173841049881e-01 2.197296026135284186e-01
2.196590199908301511e-01 2.196398050591771844e-01 2.196047586715601796e-01 2.196398055159607399e-01
2.190596427917289035e-01 2.190463627348482045e-01 2.190393208211272869e-01 2.190463621127620442e-01
2.202018454858297170e-01 2.202311165695169937e-01 2.202616023284746094e-01 2.202311162237511888e-01
2.179020628743820742e-01 2.179636697932214873e-01 2.180289836162042916e-01 2.179636696524253625e-01
2.244631403658216007e-01 2.245312717778507050e-01 2.246262059152142332e-01 2.245312718461880408e-01
2.297649360392375051e-01 2.296395989915339386e-01 2.295310498079354555e-01 2.296395980636507239e-01
2.297066383830188019e-01 2.297173840222187513e-01 2.297176214943461303e-01 2.297173845984226137e-01
2.244096223690656144e-01 2.244764151860135504e-01 2.245356529243962007e-01 2.244764150274292935e-01
2.178596364709730060e-01 2.178956157672228278e-01 2.179327918826351462e-01 2.178956158798394938e-01
2.200498134962897145e-01 2.200680102068995059e-01 2.200906090158431805e-01 2.200680106238912248e-01
2.189025777165620190e-01 2.188806746620332866e-01 2.188606555098316364e-01 2.188806723659398878e-01
2.193228328658597404e-01 2.193255788638819870e-01 2.193268031074820934e-01 2.193255809423418357e-01
2.196719777038351751e-01 2.196817129111488798e-01 2.196907081340493395e-01 2.196817130561896925e-01
2.175770126765214640e-01 2.175745520143814171e-01 2.175721595882369463e-01 2.175745522630324058e-01
2.244156145596738483e-01 2.244066968277725616e-01 2.243971074995119996e-01 2.244066971354363171e-01
2.310534833292468837e-01 2.310697683025129678e-01 2.310854644522414847e-01 2.310697676346949725e-01
2.298222043446813134e-01 2.298208490545634031e-01 2.298197348515797489e-01 2.298208499591191667e-01
2.255285789026225673e-01 2.255199649201608536e-01 2.255116037628697445e-01 2.255199651032931962e-01
2.185116517928472613e-01 2.185050450140450518e-01 2.184984092757704943e-01 2.185050451251151216e-01
2.197484327999992548e-01 2.197433330870258994e-01 2.197379704069335749e-01 2.197433330389654271e-01
2.149176253980952522e-01 2.149258492518172914e-01 2.149339256784896235e-01 2.149258509511944581e-01
2.230599974148333720e-01 2.230576004532126566e-01 2.230552630005061820e-01 2.230575992339347835e-01
2.400940323201920801e-01 2.400912218969306899e-01 2.400884310220211260e-01 2.400912220346606285e-01
2.029987346730774411e-01 2.029980830175398265e-01 2.029974237167454787e-01 2.029980830498175071e-01
