9.473927824306399223e-03 1.972409931718877713e-02 2.523802471368406797e-02 1.972409921908797187e-02
1.525707172685432655e-01 1.667652015540541377e-01 1.764285855263569014e-01 1.667652003062656263e-01
1.816224353553817505e-01 1.854414326925502010e-01 1.875676793858150337e-01 1.854414299302843960e-01
1.844514799252217618e-01 1.849502426982888859e-01 1.851851208567865947e-01 1.849502419804415210e-01
2.042701813582294967e-01 2.042491440864619701e-01 2.042551454072788486e-01 2.042491440396445590e-01
2.119182363091793864e-01 2.118897014105026455e-01 2.119016181399926146e-01 2.118897013872693136e-01
2.029962644290037588e-01 2.032462191530578499e-01 2.035444260935506677e-01 2.032462186000216220e-01
1.737918729500763371e-01 1.743958778971361756e-01 1.750334082359073784e-01 1.743958766291853479e-01
1.744480785041441218e-01 1.746107387047776960e-01 1.747752307437774877e-01 1.746107384113451955e-01
2.034389998454837478e-01 2.034506444117507584e-01 2.034556683911930564e-01 2.034506444074383746e-01
2.120633822666724844e-01 2.120641840924510635e-01 2.120661590661264140e-01 2.120641840924415156e-01
2.024685875158077630e-01 2.025570225033657135e-01 2.026557195596546401e-01 2.025570223670693781e-01
1.646525332015723597e-01 1.648699917702118323e-01 1.650954113949859026e-01 1.648699914214162565e-01
1.649502170116096122e-01 1.650086743300326342e-01 1.650676866888136640e-01 1.650086741792065048e-01
2.026462354488571815e-01 2.026500340944052958e-01 2.026523138711407990e-01 2.026500340613549001e-01
2.120692916067241918e-01 2.120693927023269698e-01 2.120695627775432690e-01 2.120693927029572157e-01
2.022703852776110978e-01 2.022972505396067877e-01 2.023260315272098764e-01 2.022972506034361184e-01
1.610850960429769940e-01 1.611508223857455735e-01 1.612180549812371744e-01 1.611508225395578420e-01
1.611302978678127718e-01 1.611479280847867290e-01 1.611656654570451652e-01 1.611479281474091918e-01
2.022946777299655940e-01 2.022957476530354848e-01 2.022965270744447319e-01 2.022957476634653085e-01
2.120693450365851163e-01 2.120693091019515975e-01 2.120692612487238005e-01 2.120693091034619726e-01
2.026703122146156222e-01 2.026772663917564554e-01 2.026845286317225381e-01 2.026772664922656397e-01
1.653155732923013155e-01 1.653326072043920791e-01 1.653498862286686966e-01 1.653326074716579830e-01
1.651870071732833012e-01 1.651915777369259986e-01 1.651961661321012242e-01 1.651915779628265746e-01
2.025850100022947298e-01 2.025852773220569725e-01 2.025854969614325762e-01 2.025852773924374794e-01
2.120642652354632895e-01 2.120642360213259303e-01 2.120642008351288910e-01 2.120642360233792323e-01
2.034852362772999468e-01 2.034867185966467429e-01 2.034882421628990135e-01 2.034867186819531160e-01
1.750708533367049680e-01 1.750745194182569964e-01 1.750782190301534424e-01 1.750745196923473856e-01
1.748716651257893051e-01 1.748726580870239022e-01 1.748736540418431296e-01 1.748726584785469940e-01
2.032984717824679599e-01 2.032985330203550545e-01 2.032985880694276049e-01 2.032985331708763721e-01
2.118555208864472683e-01 2.118555094624424151e-01 2.118554965203220675e-01 2.118555094697320007e-01
2.042703980782774875e-01 2.042706063772568026e-01 2.042708185028327961e-01 2.042706064182728820e-01
1.851636404987344331e-01 1.851641773916349598e-01 1.851647178324517529e-01 1.851641776312137055e-01
1.849956105817911201e-01 1.849957716875261504e-01 1.849959343702145542e-01 1.849957723535734511e-01
1.661452102214601434e-01 1.661452291124724812e-01 1.661452485230192344e-01 1.661452294005545116e-01
1.884594719043910377e-02 1.884594849964081262e-02 1.884594987956599021e-02 1.884594851825674433e-02
