1.744445837214171069e-01 1.744445837107856945e-01 1.744445837058842819e-01 1.744445837045347503e-01 1.744445836921739990e-01
2.213497865630239536e-01 2.213497865341828019e-01 2.213497865261109809e-01 2.213497865148928156e-01 2.213497864672963056e-01
2.037680874588740643e-01 2.037680874077655024e-01 2.037680873932116998e-01 2.037680873736771314e-01 2.037680873169275542e-01
2.004065844791825812e-01 2.004065844360856941e-01 2.004065844131465435e-01 2.004065843944091707e-01 2.004065843625766619e-01
1.999999998853700389e-01 1.999999998996938588e-01 1.999999998801939849e-01 1.999999998712014282e-01 1.999999998658825162e-01
2.000120595716009808e-01 2.000120597320487748e-01 2.000120597645192733e-01 2.000120597683931467e-01 2.000120597152148794e-01
2.000161637031432349e-01 2.000161641968713488e-01 2.000161647541880416e-01 2.000161647610700921e-01 2.000161641702457582e-01
2.000024408253048558e-01 2.000024404481367257e-01 2.000024426615929496e-01 2.000024426786415066e-01 2.000024404470423789e-01
2.000002623386713807e-01 2.000002579055000784e-01 2.000002583806489986e-01 2.000002583994629768e-01 2.000002579207590392e-01
1.999999709992359431e-01 1.999999974375054335e-01 1.999999996501299893e-01 1.999999996706351146e-01 1.999999974599379893e-01
1.999997465920489437e-01 1.999999521962415039e-01 2.000000138631567448e-01 2.000000138819513495e-01 1.999999522118686146e-01
1.999985383786156423e-01 1.999992089247498439e-01 1.999999633473910909e-01 1.999999633651053377e-01 1.999992089296362963e-01
1.999973191953863805e-01 1.999965927497806550e-01 1.999995595318439234e-01 1.999995595480127397e-01 1.999965927614491823e-01
2.000039405622509314e-01 1.999963727404316105e-01 1.999968180017480668e-01 1.999968180173560539e-01 1.999963727561586135e-01
1.999558831341484988e-01 1.999965908137321391e-01 1.999995576032385092e-01 1.999995576173404510e-01 1.999965908289875749e-01
1.995418679338367418e-01 1.999078716452651061e-01 1.999999498917594265e-01 1.999999499035874650e-01 1.999078716560682423e-01
1.974137443098362976e-01 1.986489889496250993e-01 1.999239990440259407e-01 1.999239990546470003e-01 1.986489889632353789e-01
1.986163710646187408e-01 1.940229474581817437e-01 1.992325548708895611e-01 1.992325548757807596e-01 1.940229474789373354e-01
2.592981715366813877e-01 1.969167833328640538e-01 1.944650387884126475e-01 1.944650387895414945e-01 1.969167833508619070e-01
1.986163710707620489e-01 1.940229474647052754e-01 1.992325548770212673e-01 1.992325548783324407e-01 1.940229474864080261e-01
1.974137442987634328e-01 1.986489889401409636e-01 1.999239990410425494e-01 1.999239990393949506e-01 1.986489889640013773e-01
1.995418678993322870e-01 1.999078716086875041e-01 1.999999498709960077e-01 1.999999498689498945e-01 1.999078716344528106e-01
1.999558833224049925e-01 1.999965909940655540e-01 1.999995578037308819e-01 1.999995578026542431e-01 1.999965910202800845e-01
2.000039422821910662e-01 1.999963744508064800e-01 1.999968197324418773e-01 1.999968197352649801e-01 1.999963744759205853e-01
1.999973307317135518e-01 1.999966042809077083e-01 1.999995710822241590e-01 1.999995710878756383e-01 1.999966043050271647e-01
1.999985387962901207e-01 1.999992093352714051e-01 1.999999637783745898e-01 1.999999637836863964e-01 1.999992093571774654e-01
1.999997326991075075e-01 1.999999382865494946e-01 1.999999999701135567e-01 1.999999999727561373e-01 1.999999383025607980e-01
2.000002318603056328e-01 2.000002582769919435e-01 2.000002605054281013e-01 2.000002605059271743e-01 2.000002582888517066e-01
2.000024446541936174e-01 2.000024402104926546e-01 2.000024406994491133e-01 2.000024406983840208e-01 2.000024402194217343e-01
2.000161627296555278e-01 2.000161623614465367e-01 2.000161645886494310e-01 2.000161645897876872e-01 2.000161623721680715e-01
2.000120587682352180e-01 2.000120592693076793e-01 2.000120598435319585e-01 2.000120598442709785e-01 2.000120592774073114e-01
1.999999997957923603e-01 1.999999999520876148e-01 2.000000000007186030e-01 2.000000000013808787e-01 1.999999999574919585e-01
2.004065844449964828e-01 2.004065844696426013e-01 2.004065844724989554e-01 2.004065844746843739e-01 2.004065844804006347e-01
2.037680873710129292e-01 2.037680873755771394e-01 2.037680873767630796e-01 2.037680873784974700e-01 2.037680873864243791e-01
2.213497863966643053e-01 2.213497864033440177e-01 2.213497864087949074e-01 2.213497864126161285e-01 2.213497864143221805e-01
1.744445835430240843e-01 1.744445835446649939e-01 1.744445835491172381e-01 1.744445835523293353e-01 1.744445835512488663e-01
