1.808888659886658812e-01 1.791969726382666439e-01 1.802404005207855209e-01 1.802402657047605383e-01 1.791970955472687588e-01
2.233412354208320627e-01 2.228103443753402524e-01 2.231383733363311306e-01 2.231383232556680696e-01 2.228104625003430594e-01
2.047592252847551531e-01 2.061075447502555835e-01 2.052754871400996051e-01 2.052756324523146159e-01 2.061076700741619194e-01
2.044662197264935088e-01 2.067420391153926007e-01 2.053372495684710197e-01 2.053375415968296813e-01 2.067418906199438577e-01
2.002360565607269882e-01 2.002095167419204735e-01 2.002203497169595114e-01 2.002203993597354570e-01 2.002094758423673404e-01
2.110089407254543137e-01 2.024509170801602198e-01 2.077286388982270693e-01 2.077281146617360741e-01 2.024514041256907093e-01
2.018705974323088403e-01 2.013632260281612019e-01 2.016822820051779597e-01 2.016822212355940946e-01 2.013634798129340653e-01
2.000105682335100166e-01 2.049368957422591231e-01 2.018936258502691261e-01 2.018939083953892877e-01 2.049371690429020176e-01
2.019537276814102333e-01 2.076383834007974327e-01 2.041167891645802313e-01 2.041174290707240269e-01 2.076380471888069346e-01
2.009052495090118962e-01 2.008001895851636576e-01 2.008419576075225477e-01 2.008421443238908310e-01 2.008001267699782433e-01
2.155412460810617881e-01 2.015504321899626028e-01 2.101567719338221230e-01 2.101560270176955625e-01 2.015510285166989823e-01
2.016057995595054997e-01 2.011694447451573275e-01 2.014069485096979806e-01 2.014069114501534086e-01 2.011698312812850720e-01
2.006819637779040100e-01 2.082369478873390134e-01 2.035426573311319709e-01 2.035428983292138783e-01 2.082374948525111125e-01
2.007235824592416285e-01 2.084572040591976261e-01 2.036300322659071738e-01 2.036308156338735298e-01 2.084567666408154996e-01
2.042269795529019771e-01 2.017619677026902814e-01 2.017732238501746822e-01 2.017735840925359847e-01 2.017618557165271054e-01
2.269751807489180928e-01 2.057871426463458164e-01 2.126762115857336044e-01 2.126754682189106460e-01 2.057876168317673837e-01
2.163709846648192436e-01 2.252560986713485758e-01 2.038325334048725068e-01 2.038325054873169617e-01 2.252564879623713545e-01
1.655770495757653560e-01 2.397036350990773279e-01 2.160708680804541149e-01 2.160710313314029851e-01 2.397042837780538893e-01
8.971201837685311986e-01 1.805170505023966643e-01 2.552578212257777812e-01 2.552585329477625176e-01 1.805165484865940695e-01
1.656756399809244107e-01 2.309800950774175965e-01 2.127544324327516612e-01 2.127548144009193398e-01 2.309799820679269144e-01
2.365341971836115720e-01 2.288188909715391794e-01 2.175907763692228603e-01 2.175900577506374445e-01 2.288192497967546091e-01
2.085044268723275918e-01 2.040685659109340022e-01 2.006639655851940596e-01 2.006639801683414437e-01 2.040688062160400107e-01
2.085385681731821705e-01 2.141236105490137431e-01 2.091794372562532922e-01 2.091796036821238214e-01 2.141239666266650798e-01
2.007139773741256628e-01 2.080125423630415915e-01 2.034238885731064206e-01 2.034244356928683883e-01 2.080120734020940998e-01
2.039859894640309868e-01 2.036495214273551790e-01 2.037843366673389445e-01 2.037846704934638264e-01 2.036494670284882680e-01
2.215917784171509419e-01 2.076425770393382220e-01 2.161777190576626151e-01 2.161770537940818915e-01 2.076429903840817659e-01
2.003663748715733828e-01 2.002551095156643590e-01 2.003172655675323210e-01 2.003172930504204252e-01 2.002551958693303547e-01
2.100121585572820859e-01 2.156300161663463610e-01 2.121347216112924317e-01 2.121348558537235196e-01 2.156301945722362556e-01
2.019171938383094167e-01 2.068342607146855805e-01 2.037471852786361670e-01 2.037475884860229791e-01 2.068340341941767579e-01
2.047400864296750611e-01 2.042440103836244414e-01 2.045161244246172239e-01 2.045163549396261382e-01 2.042439973855337265e-01
2.198196730598593607e-01 2.112845091567436551e-01 2.165332003434219943e-01 2.165327805672268291e-01 2.112848333760715125e-01
2.000920333051217637e-01 2.000651731179652615e-01 2.000831301441001464e-01 2.000831431552191619e-01 2.000651927323164325e-01
2.140515598598985436e-01 2.162928124853666922e-01 2.148936432674880548e-01 2.148936869171750863e-01 2.162928882618508075e-01
2.077469255876835119e-01 2.090870851041983780e-01 2.082348218403176909e-01 2.082349542112587326e-01 2.090870427715083302e-01
2.264208001707038176e-01 2.258979860578110010e-01 2.262106983409070404e-01 2.262107531381315761e-01 2.258979754916119742e-01
1.908750100461734100e-01 1.891923342784062045e-01 1.902293185786862462e-01 1.902292388347221752e-01 1.891923639723795958e-01
