3.599149214844201694e-01 1.857922919670282336e-01 1.600693641460810557e-01 1.857922919471129142e-01
2.350139316931482703e-01 2.276848434090135431e-01 2.267717321686817111e-01 2.276848433430455620e-01
2.101511975966896262e-01 2.294369077818917690e-01 2.338178225728003157e-01 2.294369078224829939e-01
2.211916580355209050e-01 2.195165137076705297e-01 2.207003224180938972e-01 2.195165136284518426e-01
2.278922384487111485e-01 2.206378827251300467e-01 2.187343166656111892e-01 2.206378826589324993e-01
2.219865713807335494e-01 2.188106141285783290e-01 2.158930626779532458e-01 2.188106140726977789e-01
2.256876737275444744e-01 2.254176087263674855e-01 2.214418328303852657e-01 2.254176086471562923e-01
2.235955888387242685e-01 2.277367396332314053e-01 2.292366722966166503e-01 2.277367396737346728e-01
2.290183086235468013e-01 2.282749183051168140e-01 2.283994569944859110e-01 2.282749182979501024e-01
2.246894323921972969e-01 2.228471974818480306e-01 2.219458181163055932e-01 2.228471973645748394e-01
2.178370570542565721e-01 2.173232192172983024e-01 2.168874340335765760e-01 2.173232191526364709e-01
2.196284262042762225e-01 2.197055615590979283e-01 2.197014950537874989e-01 2.197055615175880494e-01
2.201565700649135149e-01 2.199769679636157105e-01 2.197238027452194375e-01 2.199769679515312104e-01
2.191478521780543809e-01 2.191461563233643717e-01 2.190960994250030491e-01 2.191461563783013711e-01
2.202264107585599762e-01 2.203909194431736551e-01 2.205541841234852085e-01 2.203909192956946816e-01
2.177665982812790335e-01 2.180048422044341128e-01 2.182778952200032652e-01 2.180048421695617855e-01
2.239918152288958020e-01 2.242384238807701713e-01 2.245957423654478535e-01 2.242384239405915969e-01
2.291369147036436127e-01 2.286814994724764294e-01 2.282803096965798362e-01 2.286814992918826117e-01
2.289388013564044588e-01 2.289867245556392317e-01 2.289858880108619210e-01 2.289867246260931799e-01
2.237790882287899186e-01 2.240195129208970848e-01 2.242333976375754934e-01 2.240195128882853659e-01
2.176046991642415773e-01 2.177278671509727259e-01 2.178588357191775793e-01 2.177278672231167111e-01
2.196175392278109650e-01 2.196759804684654260e-01 2.197504630504676093e-01 2.196759806425972739e-01
2.183671744620359345e-01 2.182994153230139456e-01 2.182359651004828482e-01 2.182994149549483953e-01
2.185527155535446076e-01 2.185629803461227871e-01 2.185666040538295496e-01 2.185629805280564775e-01
2.194258229569066576e-01 2.194551506991970491e-01 2.194824882915838160e-01 2.194551507551038561e-01
2.175926251502781628e-01 2.175808728598458697e-01 2.175699127349251805e-01 2.175808729365248106e-01
2.243805853330626265e-01 2.243478810438930549e-01 2.243125737407246356e-01 2.243478811519310778e-01
2.306699407675332492e-01 2.307292813844336876e-01 2.307859994632582290e-01 2.307292812326049436e-01
2.296255214743290474e-01 2.296203895741916468e-01 2.296159909704981461e-01 2.296203896560738700e-01
2.253664781444936205e-01 2.253354804470023565e-01 2.253055298912016169e-01 2.253354804849047321e-01
2.184033620566478429e-01 2.183801238043363291e-01 2.183568616473113289e-01 2.183801238344204865e-01
2.192451364547036707e-01 2.192275883328037023e-01 2.192090811965039521e-01 2.192275883627501920e-01
2.138765195002428621e-01 2.139048012081793404e-01 2.139324981087545874e-01 2.139048012678553268e-01
2.219535417010643774e-01 2.219452770835547983e-01 2.219372163013878241e-01 2.219452770671051511e-01
2.396657934585317007e-01 2.396561420107997942e-01 2.396465680405251153e-01 2.396561420304924028e-01
2.029600147764298868e-01 2.029577803728664642e-01 2.029555213415429049e-01 2.029577803744719300e-01
