3.087699520905920134e-03 3.087699494377313565e-03 3.087699605555984435e-03 3.087699709142582502e-03 3.087699673913384905e-03
4.011067210629247481e-02 4.011067168550769280e-02 4.011067295686418510e-02 4.011067423312076469e-02 4.011067383490599103e-02
1.701708208708324344e-01 1.701708205159472853e-01 1.701708217638704945e-01 1.701708230216501250e-01 1.701708226984471051e-01
1.987471077522337537e-01 1.987471077713744150e-01 1.987471077780789686e-01 1.987471077795698038e-01 1.987471077821643117e-01
1.999999958867067495e-01 1.999999958680971635e-01 1.999999957694129638e-01 1.999999956664543499e-01 1.999999956543365709e-01
1.983525859502609234e-01 1.983525857817137195e-01 1.983525859526339141e-01 1.983525861980841021e-01 1.983525861747227059e-01
1.921393467902234031e-01 1.921393464601299783e-01 1.921393473673551067e-01 1.921393483738784713e-01 1.921393481460377528e-01
1.981882462289610847e-01 1.981882461272505835e-01 1.981882468606143144e-01 1.981882476275406424e-01 1.981882474742270306e-01
1.999119719247943738e-01 1.999119720252593990e-01 1.999119719011416274e-01 1.999119717795855289e-01 1.999119718340048868e-01
1.999999047239193750e-01 1.999999047823665388e-01 1.999999046062567176e-01 1.999999044042438390e-01 1.999999044256896008e-01
1.999117316323225368e-01 1.999117315945823647e-01 1.999117317555736961e-01 1.999117319031362694e-01 1.999117318338246851e-01
1.995348596899871318e-01 1.995348595971584982e-01 1.995348602907818236e-01 1.995348608999691353e-01 1.995348606433559324e-01
1.998922529049983465e-01 1.998922529374472512e-01 1.998922534435320364e-01 1.998922538532292292e-01 1.998922537099741548e-01
1.999943798573504128e-01 1.999943799970067826e-01 1.999943798688830210e-01 1.999943796860798317e-01 1.999943797071427609e-01
1.999983568371292708e-01 1.999983569583684284e-01 1.999983567560515429e-01 1.999983565029252452e-01 1.999983565138476194e-01
1.999944510806812292e-01 1.999944511040820105e-01 1.999944511416000825e-01 1.999944511601786656e-01 1.999944511028080296e-01
1.999723314604024693e-01 1.999723314478119851e-01 1.999723317608508855e-01 1.999723320083155453e-01 1.999723318358706814e-01
1.999932791258565712e-01 1.999932791875327354e-01 1.999932793674305265e-01 1.999932795014757736e-01 1.999932793752099702e-01
1.999932786588429767e-01 1.999932788068092826e-01 1.999932785888718645e-01 1.999932783739428455e-01 1.999932783432279704e-01
1.999723280966794747e-01 1.999723282521904955e-01 1.999723279744201609e-01 1.999723276941969552e-01 1.999723276923949244e-01
1.999944506208786443e-01 1.999944506510903108e-01 1.999944506582691517e-01 1.999944506627511220e-01 1.999944505738942002e-01
1.999983578246933014e-01 1.999983578082432101e-01 1.999983579694034619e-01 1.999983580645391390e-01 1.999983579096594744e-01
1.999943799053045257e-01 1.999943800653090353e-01 1.999943799461959271e-01 1.999943797248786292e-01 1.999943796933391915e-01
1.998922521016914255e-01 1.998922522733628526e-01 1.998922519374345674e-01 1.998922515871581207e-01 1.998922515862155969e-01
1.995348536864970934e-01 1.995348538502001445e-01 1.995348534681620489e-01 1.995348530881625448e-01 1.995348531037144935e-01
1.999117303272667789e-01 1.999117303423797731e-01 1.999117302592125500e-01 1.999117301764348487e-01 1.999117301785076628e-01
1.999999044640421442e-01 1.999999044656413649e-01 1.999999045335191794e-01 1.999999045903045614e-01 1.999999045696558286e-01
1.999119719096194847e-01 1.999119719057492750e-01 1.999119719372677850e-01 1.999119719738343126e-01 1.999119719391132810e-01
1.981882457481418669e-01 1.981882458280009862e-01 1.981882456006352489e-01 1.981882453929267041e-01 1.981882453602457073e-01
1.921393412960572256e-01 1.921393414378106124e-01 1.921393411480439850e-01 1.921393408278358472e-01 1.921393408410511650e-01
1.983525846115207492e-01 1.983525846547773974e-01 1.983525845845542646e-01 1.983525844969046825e-01 1.983525844935574989e-01
1.999999954768587884e-01 1.999999954833995841e-01 1.999999955117139350e-01 1.999999955442078869e-01 1.999999955514176475e-01
1.987471079077833269e-01 1.987471079518144668e-01 1.987471079328853307e-01 1.987471079614568370e-01 1.987471079758312276e-01
1.701708260212020651e-01 1.701708261637861763e-01 1.701708259183177252e-01 1.701708257465354701e-01 1.701708257805059354e-01
4.011069079308132723e-02 4.011069090444440571e-02 4.011069068936198162e-02 4.011069049553034338e-02 4.011069053555949004e-02
3.087703041021081733e-03 3.087703047025945873e-03 3.087703031921291367e-03 3.087703019592081665e-03 3.087703022007462928e-03
