3.599149194666997342e-01 1.857922918855987593e-01 1.600693635233788326e-01 1.857922918537306400e-01
2.350139304931095352e-01 2.276848426878770315e-01 2.267717328333938021e-01 2.276848425891069561e-01
2.101511985340989708e-01 2.294369056583448196e-01 2.338178214919480746e-01 2.294369057655986921e-01
2.211916583735050734e-01 2.195165122716664641e-01 2.207003209465487892e-01 2.195165121055731861e-01
2.278922365652177873e-01 2.206378829934303731e-01 2.187343177244068515e-01 2.206378828779869405e-01
2.219865701688409354e-01 2.188106143748447807e-01 2.158930627830578652e-01 2.188106142730171788e-01
2.256876737705714175e-01 2.254176094303957378e-01 2.214418332976375858e-01 2.254176092919532026e-01
2.235955890584549188e-01 2.277367395766274616e-01 2.292366731943440150e-01 2.277367398686014621e-01
2.290183104175760598e-01 2.282749190101041603e-01 2.283994575828973139e-01 2.282749187144753056e-01
2.246894322493933061e-01 2.228471977674148230e-01 2.219458185807911821e-01 2.228471975749248546e-01
2.178370567269990732e-01 2.173232191412031167e-01 2.168874335072117354e-01 2.173232190163365551e-01
2.196284258846284976e-01 2.197055609900750717e-01 2.197014936790243622e-01 2.197055608767657375e-01
2.201565677301487167e-01 2.199769663704175537e-01 2.197238023708454890e-01 2.199769665010124220e-01
2.191478510419114512e-01 2.191461547798844445e-01 2.190960979099464689e-01 2.191461546486833667e-01
2.202264104873780937e-01 2.203909188863797386e-01 2.205541831662111429e-01 2.203909186251511165e-01
2.177665984625991591e-01 2.180048422148527232e-01 2.182778946913367657e-01 2.180048421111482060e-01
2.239918164867733541e-01 2.242384244124826509e-01 2.245957419753283335e-01 2.242384244606411003e-01
2.291369151686531158e-01 2.286815008399714355e-01 2.282803117617037136e-01 2.286815002172654931e-01
2.289388021221092084e-01 2.289867255070076879e-01 2.289858898544517296e-01 2.289867259469226812e-01
2.237790896601279667e-01 2.240195134493452311e-01 2.242333971935740189e-01 2.240195133512231929e-01
2.176046999035719520e-01 2.177278671232866225e-01 2.178588347519575807e-01 2.177278672109867474e-01
2.196175399959399699e-01 2.196759799368691313e-01 2.197504612678057301e-01 2.196759802348023649e-01
2.183671727354795644e-01 2.182994145944569253e-01 2.182359646623714955e-01 2.182994132954320654e-01
2.185527131992279215e-01 2.185629787602356711e-01 2.185666043706301631e-01 2.185629798247561428e-01
2.194258238990138277e-01 2.194551501350794354e-01 2.194824862745918259e-01 2.194551502674104981e-01
2.175926258284835990e-01 2.175808727534815357e-01 2.175699117840260710e-01 2.175808729440008304e-01
2.243805860861486368e-01 2.243478815756667633e-01 2.243125741025846498e-01 2.243478818240017270e-01
2.306699432182124920e-01 2.307292831487406104e-01 2.307860004416061872e-01 2.307292827149610981e-01
2.296255221018316250e-01 2.296203907128304411e-01 2.296159931714644720e-01 2.296203911220307814e-01
2.253664790168842524e-01 2.253354812249714068e-01 2.253055306751740317e-01 2.253354813763963904e-01
2.184033616648485554e-01 2.183801240323867965e-01 2.183568624260541213e-01 2.183801241283528649e-01
2.192451354264016439e-01 2.192275887567203263e-01 2.192090830267790225e-01 2.192275887713414084e-01
2.138765219356650593e-01 2.139048011621264289e-01 2.139324964299640919e-01 2.139048019241000520e-01
2.219535423780488181e-01 2.219452779646354512e-01 2.219372169397655359e-01 2.219452774416567631e-01
2.396657925095173891e-01 2.396561422424966503e-01 2.396465694141356462e-01 2.396561422961371868e-01
2.029600144905464310e-01 2.029577804161069865e-01 2.029555216816480989e-01 2.029577804188865686e-01
