9.210412583019899069e-01 1.694537211280494060e-01 3.078606043449783058e-01 1.694537210557446605e-01
1.788592891902904269e-01 2.741743963862140476e-01 2.767880967360724087e-01 2.741743961922503692e-01
2.312753403618263981e-01 2.506743661822646296e-01 2.074865499903583432e-01 2.506743659435334837e-01
2.115783588413396032e-01 2.060056585410713903e-01 1.985346535633627785e-01 2.060056588539244671e-01
2.163194456875510985e-01 2.105257467821461670e-01 2.110457567852017380e-01 2.105257466052367632e-01
2.150746719285061281e-01 2.156574807538408356e-01 2.176116916962586301e-01 2.156574806568584968e-01
2.180650146525896504e-01 2.183860710119992776e-01 2.202065415212893507e-01 2.183860709389284505e-01
2.208390932345090096e-01 2.188884145491909738e-01 2.177889508014877462e-01 2.188884144559390954e-01
2.171216968552988347e-01 2.176276063938991367e-01 2.174556668229848944e-01 2.176276064860190040e-01
2.190893337710567712e-01 2.199615850398282668e-01 2.204043872751507982e-01 2.199615850522087801e-01
2.170864959112549508e-01 2.174746807341352839e-01 2.179562746048491484e-01 2.174746808495427730e-01
2.195979719448922507e-01 2.197013203353054001e-01 2.201828735403280890e-01 2.197013204733727354e-01
2.179548776380759723e-01 2.174534945179003864e-01 2.171484112496170071e-01 2.174534947622350778e-01
2.184624690558074345e-01 2.185837917787578077e-01 2.185863274110749488e-01 2.185837914326971831e-01
2.186380206068868071e-01 2.188582499250646130e-01 2.190015575550176841e-01 2.188582500199414971e-01
2.161651961531401711e-01 2.162479397295246353e-01 2.163418011737562041e-01 2.162479398380773299e-01
2.153318180506079982e-01 2.153530539395291932e-01 2.154085657814785726e-01 2.153530540416428718e-01
2.096557823532466391e-01 2.096075896774242109e-01 2.095733640058616565e-01 2.096075900615752274e-01
2.097554299420301693e-01 2.097689748617005689e-01 2.097725617418702282e-01 2.097689742923460332e-01
2.152026742549493499e-01 2.152213096938452308e-01 2.152349920224745361e-01 2.152213096889019628e-01
2.160607915256478606e-01 2.160588671435523245e-01 2.160573404814242759e-01 2.160588671222787582e-01
2.181076831479353551e-01 2.180988909791413410e-01 2.180872778869365758e-01 2.180988909553909783e-01
2.171578553801187250e-01 2.171779914206620477e-01 2.171955585966307001e-01 2.171779917864577469e-01
2.160024262315227150e-01 2.160000562304402183e-01 2.159987058002402760e-01 2.160000556554082241e-01
2.191758080804704634e-01 2.191656264393748998e-01 2.191565524680840205e-01 2.191656263100665580e-01
2.174814348551274423e-01 2.174730546310644219e-01 2.174644847114780011e-01 2.174730545528556769e-01
2.205157182430816931e-01 2.205091039561211663e-01 2.205008883834493061e-01 2.205091039751341242e-01
2.192740955564272398e-01 2.192857098123472404e-01 2.192963384893867052e-01 2.192857095006608970e-01
2.203469566794000745e-01 2.203450777968584962e-01 2.203437016352195466e-01 2.203450777984116982e-01
2.195565763240612811e-01 2.195512466074481528e-01 2.195463005828219571e-01 2.195512465023227444e-01
2.159557654070317079e-01 2.159528107470423397e-01 2.159498065904282282e-01 2.159528107516838769e-01
2.117878826748041121e-01 2.117862707671045175e-01 2.117844143315693872e-01 2.117862709153755241e-01
2.004544729568400185e-01 2.004570718631423498e-01 2.004595482174945931e-01 2.004570706943438474e-01
2.067261972695779160e-01 2.067253733092715706e-01 2.067246033601632116e-01 2.067253743161286128e-01
2.338064010610442223e-01 2.338055320987019736e-01 2.338046781777757543e-01 2.338055320989356478e-01
2.024200938693663243e-01 2.024199009315323927e-01 2.024197013975351234e-01 2.024199009356400514e-01
