2.213067448976242246e-01 2.081337383909795946e-01 2.057726857057473879e-01 2.081334551366878227e-01
2.551297088182005179e-01 2.539999732475923255e-01 2.551239834016035268e-01 2.539989931466811734e-01
2.821781337603718742e-01 2.823955414850728984e-01 2.824944430887314506e-01 2.823923754571408540e-01
2.807141518444828399e-01 2.807400249594812491e-01 2.806934392497991149e-01 2.807288797527835444e-01
2.320072303850521656e-01 2.320077787669670710e-01 2.320003771331048958e-01 2.320030110559773151e-01
2.185082167711868140e-01 2.185109380652439370e-01 2.185117630704638825e-01 2.185094892278198198e-01
2.059902859395618957e-01 2.059906916790311682e-01 2.059903326913155586e-01 2.059883665289628796e-01
1.902145339753950892e-01 1.902127401477055613e-01 1.902102320419320480e-01 1.902081731432075096e-01
1.902419584660590135e-01 1.902390853932026116e-01 1.902408024802572373e-01 1.902403989405410945e-01
2.060457992005229333e-01 2.060478382758068605e-01 2.060519051692067671e-01 2.060498772810226142e-01
2.185487258272973965e-01 2.185437241534392838e-01 2.185403809409879050e-01 2.185331951145463858e-01
2.316749726271712106e-01 2.316918851103726140e-01 2.316935987050040557e-01 2.316963564176477142e-01
2.783411474691164789e-01 2.783894127590990641e-01 2.783969861074719332e-01 2.783768094318580522e-01
2.784042986876206216e-01 2.783752717918901998e-01 2.783241430852937959e-01 2.783494507411976016e-01
2.316855323288950774e-01 2.316767694710389902e-01 2.316602517663466920e-01 2.316734613131513354e-01
2.185010598236883650e-01 2.185052024661331138e-01 2.185031094961609466e-01 2.185062103561634106e-01
2.059406058116520499e-01 2.059401891575401711e-01 2.059372575986517240e-01 2.059386175980336131e-01
1.899168481297952016e-01 1.899169389991464674e-01 1.899141191209813284e-01 1.899139870395809560e-01
1.897647051190287093e-01 1.897641997784387524e-01 1.897632430064886411e-01 1.897635997412767672e-01
2.047211548260995939e-01 2.047206766140962086e-01 2.047210494104907963e-01 2.047209540718382959e-01
2.121490113360718355e-01 2.121470051483082542e-01 2.121460039339100045e-01 2.121450461688123845e-01
2.047060033973699122e-01 2.047022353924604909e-01 2.047062995362015358e-01 2.047093505391256452e-01
1.894364686284079058e-01 1.894306265898155484e-01 1.894328429712236195e-01 1.894333125107589277e-01
1.893063162509007746e-01 1.892966807500501281e-01 1.892823771601120086e-01 1.892788264980945490e-01
2.045032682603388219e-01 2.045114028919726989e-01 2.045268604732118634e-01 2.045371234800981985e-01
2.122871278325203226e-01 2.122948954993313375e-01 2.123138918717498991e-01 2.123225300932307935e-01
2.047309657788359549e-01 2.047314701630225664e-01 2.047327746504917223e-01 2.047349052025377592e-01
1.887622775548062903e-01 1.887623149429651925e-01 1.887616253035352687e-01 1.887617920771069158e-01
1.889059017689543318e-01 1.889059278494491512e-01 1.889056430624684035e-01 1.889056704323706926e-01
2.046891761069691562e-01 2.046892109365917867e-01 2.046891978016613933e-01 2.046892561353380324e-01
2.120431721055221208e-01 2.120431967428723918e-01 2.120432112770215538e-01 2.120432277036990443e-01
2.046030761167762779e-01 2.046030819018110625e-01 2.046030744077093344e-01 2.046030790419921530e-01
1.896225904520845995e-01 1.896225945677993685e-01 1.896225852449336946e-01 1.896225903561306603e-01
1.897191182461011316e-01 1.897191136534160660e-01 1.897191166209942770e-01 1.897191279088668581e-01
1.666568757066693718e-01 1.666568721473938863e-01 1.666568750496292273e-01 1.666568810649646515e-01
1.888718069691321111e-02 1.888718026684560458e-02 1.888718035308684443e-02 1.888718119864790657e-02
