2.795061734001998838e-02 2.795061734144966420e-02 2.795061734305989698e-02 2.795061734073367790e-02 2.795061734682762269e-02
1.714457222999561659e-01 1.714457223056249646e-01 1.714457222866190289e-01 1.714457222626389332e-01 1.714457222647801926e-01
2.005916811559308732e-01 2.005916811295549995e-01 2.005916810910076120e-01 2.005916810703135822e-01 2.005916810274676332e-01
2.002266612587506600e-01 2.002266611903240345e-01 2.002266611466710922e-01 2.002266611326007084e-01 2.002266610543472491e-01
2.000000000469928374e-01 1.999999999462994116e-01 1.999999999020250496e-01 1.999999998879236629e-01 1.999999998198077333e-01
1.998321364873920369e-01 1.998321362896735287e-01 1.998321362371281162e-01 1.998321362444774041e-01 1.998321362608600493e-01
1.999548738520934843e-01 1.999548733933541877e-01 1.999548728389129448e-01 1.999548728433895584e-01 1.999548733926717614e-01
1.999985436128141336e-01 1.999985440979384077e-01 1.999985419943582921e-01 1.999985420101633993e-01 1.999985440673440196e-01
2.000000384117208430e-01 2.000000423037273101e-01 2.000000420008750945e-01 2.000000420272539658e-01 2.000000422888088270e-01
2.000000303523296330e-01 2.000000023371325542e-01 2.000000002497078766e-01 2.000000002742129412e-01 2.000000023453258058e-01
2.000000501663282693e-01 1.999998545555710661e-01 1.999997930197491558e-01 1.999997930502154797e-01 1.999998545983909803e-01
2.000012848530373089e-01 2.000007114332248148e-01 1.999999883706562731e-01 1.999999883966319669e-01 2.000007114613185089e-01
2.000021389245350001e-01 2.000030890941345008e-01 2.000004160424010136e-01 2.000004160556429489e-01 2.000030890945942441e-01
1.999968071760141186e-01 2.000030089337474504e-01 2.000029545259799924e-01 2.000029545384180429e-01 2.000030089352257956e-01
2.000476745790689403e-01 2.000030919463723356e-01 2.000004189020705980e-01 2.000004189152775613e-01 2.000030919574366239e-01
2.004245461563922137e-01 2.000919031303336759e-01 2.000000499162994660e-01 2.000000499299727230e-01 2.000919031518515745e-01
2.021483461548948257e-01 2.012515652071963923e-01 2.000761878866963439e-01 2.000761879054934189e-01 2.012515652322899307e-01
1.998605720429233457e-01 2.048950374492766180e-01 2.006915870963599524e-01 2.006915871149979880e-01 2.048950374668759566e-01
1.548086856716772985e-01 2.013017770756621583e-01 2.047717295795845327e-01 2.047717295883717814e-01 2.013017770895587089e-01
1.998605719836127614e-01 2.048950373897002741e-01 2.006915870432429694e-01 2.006915870482575137e-01 2.048950373926490542e-01
2.021483460208811644e-01 2.012515650714822024e-01 2.000761877609754102e-01 2.000761877695535762e-01 2.012515650808036072e-01
2.004245464049578540e-01 2.000919033839220762e-01 2.000000501670508857e-01 2.000000501832204791e-01 2.000919033995127994e-01
2.000476745569914339e-01 2.000030919264421114e-01 2.000004188764479274e-01 2.000004188948486528e-01 2.000030919431620979e-01
1.999968044383426125e-01 2.000030061900979483e-01 2.000029517822159986e-01 2.000029518001342210e-01 2.000030061946637683e-01
2.000020800498770179e-01 2.000030302226144530e-01 2.000003571647530620e-01 2.000003571614026310e-01 2.000030301798722265e-01
2.000011396601752700e-01 2.000005662472049417e-01 1.999998431550621125e-01 1.999998431403579024e-01 2.000005662057058320e-01
2.000002571607679691e-01 2.000000615692232309e-01 2.000000000125792821e-01 2.000000000128213662e-01 2.000000615751266753e-01
2.000000701474004550e-01 2.000000421714907273e-01 2.000000400904343723e-01 2.000000400948156731e-01 2.000000421897061287e-01
1.999985403549441876e-01 1.999985442856133111e-01 1.999985440056024633e-01 1.999985440192767194e-01 1.999985443102930971e-01
1.999548746886295192e-01 1.999548751965301852e-01 1.999548731200126439e-01 1.999548731206297614e-01 1.999548751957785919e-01
1.998321374139710449e-01 1.998321369957618276e-01 1.998321364503570507e-01 1.998321364495436736e-01 1.998321370392758534e-01
2.000000001319256204e-01 2.000000000340101669e-01 2.000000000177062920e-01 2.000000000395494582e-01 2.000000001447627962e-01
2.002266610512308531e-01 2.002266610854304685e-01 2.002266611049224876e-01 2.002266611221360793e-01 2.002266611799141394e-01
2.005916808518625472e-01 2.005916808823918762e-01 2.005916808966590748e-01 2.005916809174467796e-01 2.005916809418649138e-01
1.714457219592495640e-01 1.714457219664866361e-01 1.714457219712084701e-01 1.714457219837668411e-01 1.714457219752631711e-01
2.795061732500212642e-02 2.795061732523940190e-02 2.795061732273816310e-02 2.795061731965251678e-02 2.795061731118208409e-02
