1.749882618629424180e-01 1.749890190731573092e-01 1.749609480367062264e-01 1.749431247376261878e-01 1.749596479435497065e-01
2.241425745704872519e-01 2.241443995617319329e-01 2.240147208368996889e-01 2.239337203924334219e-01 2.240114838282035170e-01
2.153431771225491898e-01 2.153472810918902469e-01 2.149160173578608668e-01 2.146457054873031622e-01 2.149075306588303924e-01
2.401872055027656494e-01 2.402040602904413347e-01 2.387929422038730376e-01 2.379046253378798159e-01 2.387616379594549587e-01
2.855740698392285615e-01 2.856192589075448041e-01 2.809007026510358940e-01 2.779485522251275986e-01 2.808129605174188304e-01
2.485238211757972993e-01 2.485509870200700022e-01 2.438351494620680793e-01 2.409105870118436188e-01 2.437635695676410585e-01
2.156653213145924841e-01 2.156575169223202970e-01 2.142533150102255424e-01 2.134012776288504998e-01 2.142508356277069981e-01
2.040277379811918645e-01 2.040238559947847030e-01 2.036189188284326379e-01 2.033710039267627168e-01 2.036157562931567300e-01
2.008904178140361041e-01 2.008895050627947654e-01 2.007802423372075651e-01 2.007162398833652051e-01 2.007848416156119142e-01
2.002819954842456895e-01 2.002785441614614581e-01 2.002454012175152176e-01 2.002309569700218561e-01 2.002476873385251044e-01
2.000923938987353989e-01 2.000841537073523857e-01 2.000698653307577124e-01 2.000667739704623527e-01 2.000727642363231695e-01
2.000031424378354294e-01 2.000040479138279481e-01 2.000203238647645376e-01 2.000065009566615870e-01 2.000100660344008852e-01
1.999020579382989882e-01 1.999484039195341123e-01 1.999799330360763350e-01 1.999707037498666962e-01 1.999515411412188248e-01
1.999906074923346322e-01 1.998993333164713337e-01 1.999064734093479179e-01 1.999022341766110711e-01 1.999084985405234494e-01
2.000930483511617064e-01 1.999504306096702710e-01 1.998886879890853230e-01 1.998944768458788268e-01 1.999506571782987963e-01
1.986201076211946415e-01 1.997391801804889733e-01 1.997021801210321634e-01 1.997068745637301523e-01 1.997403288164313340e-01
1.830225641663641711e-01 1.941171577691794270e-01 1.986341910636130192e-01 1.986285143493736194e-01 1.941168628178991662e-01
1.017467642738551503e-01 1.528600109192014278e-01 1.934790875301727053e-01 1.934784276471337161e-01 1.528552432405656525e-01
5.629743032436492064e-04 8.372045646151721199e-02 1.540041911902043370e-01 1.540073680894830099e-01 8.372969705551892849e-02
1.023828363850727841e-01 1.534659809196095015e-01 1.938431432315000924e-01 1.938451017332110393e-01 1.534820315120620782e-01
1.830387497322925605e-01 1.943159357545407584e-01 1.990758230489694525e-01 1.990745849843450765e-01 1.943089121927796814e-01
1.985972013997001073e-01 1.998208806209359201e-01 1.999293341686856629e-01 1.999208358384115536e-01 1.997973348187859488e-01
2.000814718344476884e-01 1.999249358041128299e-01 1.999203456624583652e-01 1.999082442614139310e-01 1.999093803226163479e-01
1.993365794839581373e-01 1.991660177485464478e-01 1.992101516251689186e-01 1.992187862897411010e-01 1.992004522222532992e-01
1.974015452461672371e-01 1.973573603000343124e-01 1.974011914988832994e-01 1.974008273015525061e-01 1.973755502639314152e-01
1.994689208524208779e-01 1.994939679876776006e-01 1.995084556098112027e-01 1.995091356610025624e-01 1.995015169665507737e-01
1.998086982628898001e-01 1.998127236925537065e-01 1.998104632484151988e-01 1.998096981301998865e-01 1.998120709836958553e-01
1.971853714056274465e-01 1.971765358751144670e-01 1.971263387948841428e-01 1.970935758944097893e-01 1.971254298990936793e-01
1.710087170373983112e-01 1.709773369516746078e-01 1.705187384103808157e-01 1.702409602416374568e-01 1.705337078781244686e-01
9.282005071511108263e-02 9.281182397147018370e-02 9.235417090441828958e-02 9.206837076753925098e-02 9.235310040412965382e-02
1.708265400002375867e-01 1.708420268780515006e-01 1.707958092928940352e-01 1.707524230543014110e-01 1.707739995929569154e-01
1.972657501165618610e-01 1.972689564263598871e-01 1.972689701417026376e-01 1.972670842040812056e-01 1.972664514505744759e-01
1.999590347120024370e-01 1.999585692824251137e-01 1.999571072859366860e-01 1.999558933032919983e-01 1.999567241312246446e-01
1.968552837862588278e-01 1.968527013255163827e-01 1.968135914779980955e-01 1.967891204780660153e-01 1.968139325241794468e-01
1.542469073849143391e-01 1.542448361637628884e-01 1.542031799421432758e-01 1.541780461132739033e-01 1.542045682577231069e-01
2.464970433075447040e-02 2.464934826746613752e-02 2.464520080547855443e-02 2.464284986409852329e-02 2.464556678127637762e-02
