2.795061729661179120e-02 2.795061730215992260e-02 2.795061732126970927e-02 2.795061732634077090e-02 2.795061732072368077e-02
1.714457219309064584e-01 1.714457219426162027e-01 1.714457219549149480e-01 1.714457219469442406e-01 1.714457219422206025e-01
2.005916808835844223e-01 2.005916808695971387e-01 2.005916808533650120e-01 2.005916808361299652e-01 2.005916808198523471e-01
2.002266611219334358e-01 2.002266610847096839e-01 2.002266610685634884e-01 2.002266610548981418e-01 2.002266610209139375e-01
2.000000000702461256e-01 2.000000000279179846e-01 2.000000000074763917e-01 1.999999999906315884e-01 1.999999999639580639e-01
1.998321365239399128e-01 1.998321364750293150e-01 1.998321364669136402e-01 1.998321364682293377e-01 1.998321364737712380e-01
1.999548730775689565e-01 1.999548729821382931e-01 1.999548728831669342e-01 1.999548728775611128e-01 1.999548729958054438e-01
1.999985421936412988e-01 1.999985422777047772e-01 1.999985418485554223e-01 1.999985418352031863e-01 1.999985422618331399e-01
2.000000395185975999e-01 2.000000403334027954e-01 2.000000402669842303e-01 2.000000402630056073e-01 2.000000403298092255e-01
2.000000059999511859e-01 2.000000004674369058e-01 2.000000000475060102e-01 2.000000000471633399e-01 2.000000004761714745e-01
1.999998455365314121e-01 1.999998053807085230e-01 1.999997930022147097e-01 1.999997930113118494e-01 1.999998054186677698e-01
2.000002188665495062e-01 2.000000962741720623e-01 1.999999483232920150e-01 1.999999483274763068e-01 2.000000963123443887e-01
2.000004666987191537e-01 2.000006431540507501e-01 2.000000832715515819e-01 2.000000832632683190e-01 2.000006431707244681e-01
1.999992977244466619e-01 2.000006498958149248e-01 2.000006118068933803e-01 2.000006117992264576e-01 2.000006499090076495e-01
2.000093909228601585e-01 2.000006460138129549e-01 2.000000861293903809e-01 2.000000861237381244e-01 2.000006460257565399e-01
2.000882874053949989e-01 2.000185905231512407e-01 2.000000098688508865e-01 2.000000098656801728e-01 2.000185905375860829e-01
2.004650332504558652e-01 2.002602412064111714e-01 2.000153902668108663e-01 2.000153902623697799e-01 2.002602412189621317e-01
2.000706584192094850e-01 2.010652799451587980e-01 2.001452944158632063e-01 2.001452944081655860e-01 2.010652799566702009e-01
1.899041190745920371e-01 2.003803832458201650e-01 2.010186480963109534e-01 2.010186480853188018e-01 2.003803832573045340e-01
2.000706583386579751e-01 2.010652798670397867e-01 2.001452943414979702e-01 2.001452943304910526e-01 2.010652798766007221e-01
2.004650330701081840e-01 2.002602410279410994e-01 2.000153900933813178e-01 2.000153900832209453e-01 2.002602410369523356e-01
2.000882876309504066e-01 2.000185907498233107e-01 2.000000100999744512e-01 2.000000100921377477e-01 2.000185907611802816e-01
2.000093908434415479e-01 2.000006459367612011e-01 2.000000860567221483e-01 2.000000860516777390e-01 2.000006459499385492e-01
1.999992949285483435e-01 2.000006471018111465e-01 2.000006090141548398e-01 2.000006090113089219e-01 2.000006471163386090e-01
2.000004077599443486e-01 2.000005842165184788e-01 2.000000243297100633e-01 2.000000243257488153e-01 2.000005842235745845e-01
2.000000735931223572e-01 1.999999510047285323e-01 1.999998030357683920e-01 1.999998030308454688e-01 1.999999510100325395e-01
2.000000525526314799e-01 2.000000124064737206e-01 2.000000000090330354e-01 2.000000000063022199e-01 2.000000124159153070e-01
2.000000458515520108e-01 2.000000403355867429e-01 2.000000399099824966e-01 2.000000399101269644e-01 2.000000403440573560e-01
1.999985415402921463e-01 1.999985423748893154e-01 1.999985423048459277e-01 1.999985423067315859e-01 1.999985423810582974e-01
1.999548733024300584e-01 1.999548733998342265e-01 1.999548729688419568e-01 1.999548729681282777e-01 1.999548733988043003e-01
1.998321366602605065e-01 1.998321365741328182e-01 1.998321364577556880e-01 1.998321364549036083e-01 1.998321365732084742e-01
2.000000000406240430e-01 2.000000000181006432e-01 2.000000000093292429e-01 2.000000000113007492e-01 2.000000000300536096e-01
2.002266610256526191e-01 2.002266610300637295e-01 2.002266610303907457e-01 2.002266610339270558e-01 2.002266610408025282e-01
2.005916807713652716e-01 2.005916807771759847e-01 2.005916807791996159e-01 2.005916807842996752e-01 2.005916807863956097e-01
1.714457218827885321e-01 1.714457218864613441e-01 1.714457218865701738e-01 1.714457218873357836e-01 1.714457218872783573e-01
2.795061740585583210e-02 2.795061740757060625e-02 2.795061740704229275e-02 2.795061740525298447e-02 2.795061740437246658e-02
