5.654837954104762442e-03 2.082341189861875233e-02 2.921047981336236804e-02 2.082341264305593090e-02
1.461510778637266361e-01 1.675176338319617486e-01 1.816813723818097581e-01 1.675176404451085288e-01
1.865934788723798143e-01 1.907773389128310793e-01 1.921246486293292366e-01 1.907773575218779938e-01
1.895034739409346414e-01 1.898117942899080757e-01 1.896717642497429690e-01 1.898118108355557887e-01
2.046691269510965416e-01 2.046058960040343377e-01 2.046046069864873862e-01 2.046058148897798579e-01
2.120585541994459977e-01 2.120116456776057479e-01 2.120096252553357874e-01 2.120114791654481023e-01
2.046691669694010451e-01 2.046804574024155554e-01 2.046952209024618941e-01 2.046802168352098161e-01
1.893190340833133534e-01 1.893232985128534829e-01 1.893252905066081793e-01 1.893229372350423434e-01
1.891378651347607465e-01 1.891384293438264363e-01 1.891383323899972491e-01 1.891383184326668743e-01
2.045548557299459724e-01 2.045544290197243986e-01 2.045542781420880418e-01 2.045544323805925102e-01
2.121715563678206740e-01 2.121707973559105731e-01 2.121705858067014228e-01 2.121704002327793603e-01
2.045601581367288979e-01 2.045591441748463579e-01 2.045589779156802568e-01 2.045586590404199767e-01
1.891116531069917395e-01 1.891080475459103460e-01 1.891050153640662090e-01 1.891054604947894346e-01
1.892670771827296428e-01 1.892581383373233561e-01 1.892488744397188005e-01 1.892493445407749386e-01
2.047210628161602597e-01 2.047225268848021362e-01 2.047255431231113643e-01 2.047147801853987370e-01
2.121781093705792098e-01 2.121818417410391011e-01 2.121819661701879189e-01 2.121755885660885910e-01
2.046233705709445960e-01 2.046204864328332040e-01 2.046238989418030230e-01 2.046250091401561888e-01
1.893397609526512870e-01 1.893391603019472236e-01 1.893313760537946588e-01 1.893096649330962278e-01
1.893447863567452039e-01 1.893378159839428088e-01 1.893142289898799291e-01 1.892919302687911531e-01
2.046098810018341096e-01 2.046052056985420975e-01 2.046079207516182108e-01 2.046050792548493313e-01
2.120689668845841813e-01 2.120780473872498351e-01 2.120817610206716386e-01 2.120913673134540434e-01
2.043692595454257854e-01 2.043540201585593852e-01 2.043508292768969059e-01 2.043721643889220285e-01
1.868155359751690336e-01 1.867740745212109754e-01 1.868051966217866289e-01 1.868090350133388144e-01
1.870734805396497002e-01 1.870748617410845638e-01 1.871114965984184142e-01 1.871059299772550311e-01
2.044248021824981443e-01 2.044430255498872473e-01 2.044478686469597128e-01 2.044512182581592341e-01
2.113127753411729592e-01 2.113143628809758257e-01 2.113110947855499355e-01 2.113116282964905002e-01
1.922954728508463884e-01 1.922907274610168304e-01 1.922812815852864288e-01 1.922827451544512067e-01
8.234482049617250499e-02 8.233585069023525993e-02 8.231424630225379901e-02 8.232065781553075945e-02
8.230435884407180658e-02 8.230026215516771104e-02 8.229359467596966682e-02 8.229748820832570588e-02
1.922085747552061130e-01 1.922077283238811385e-01 1.922069614243362146e-01 1.922081893925011165e-01
2.110862396875973490e-01 2.110863263418785718e-01 2.110863539381940546e-01 2.110864382975420617e-01
2.044223037753934158e-01 2.044222761865336913e-01 2.044221473785022836e-01 2.044221162949867721e-01
1.877281760051512649e-01 1.877280317096033657e-01 1.877274322818329733e-01 1.877275101354320963e-01
1.875036540240093419e-01 1.875035320936308258e-01 1.875031742128805134e-01 1.875032773912581052e-01
1.663641713051069171e-01 1.663641261301002094e-01 1.663640245828745812e-01 1.663640647573471354e-01
1.885478789282739320e-02 1.885478416814582656e-02 1.885477753764430719e-02 1.885478006284631303e-02
