1.776354246350951294e-01 1.776442603576605939e-01 1.776197092967308766e-01 1.775940641242969020e-01 1.775960471841194210e-01
2.335469314499230287e-01 2.335734219867409145e-01 2.333933924319310793e-01 2.332628192507059384e-01 2.333169770870923976e-01
2.452801442799743548e-01 2.453771200400302610e-01 2.447320101137905601e-01 2.443031826334802759e-01 2.445300704257234170e-01
2.887971638508199379e-01 2.890591554788247142e-01 2.873207937772140341e-01 2.860407791007086309e-01 2.868342057554531532e-01
2.423037902941702626e-01 2.424817799642090266e-01 2.409962876740387727e-01 2.398148231784508477e-01 2.405553277984694149e-01
2.123219938465240597e-01 2.123340991955616763e-01 2.119635366135137200e-01 2.116479159402172572e-01 2.117991871365813294e-01
2.029691162053458287e-01 2.029593070699714508e-01 2.028718578280636897e-01 2.028122850422750256e-01 2.028359774792401760e-01
2.005385897016254693e-01 2.005514787070696026e-01 2.005765158329806674e-01 2.005967725299844517e-01 2.006111353135918152e-01
2.000416782977199881e-01 2.000443123250643662e-01 2.000574121744252698e-01 2.000710260577026611e-01 2.000739232785649357e-01
1.997982846034501991e-01 1.998045439791462097e-01 1.998031938667514384e-01 1.998124582581482511e-01 1.998198703740808324e-01
1.996460838243019065e-01 1.997048912457408398e-01 1.997228230953532191e-01 1.997213459869502938e-01 1.997374148429350849e-01
1.991213345329478912e-01 1.993533419693746256e-01 1.996174215365241478e-01 1.995876825578425662e-01 1.993371503288050572e-01
1.980445990438326753e-01 1.981090806506850266e-01 1.987377666157885969e-01 1.986775851969840578e-01 1.978275308903661434e-01
1.998088921530579709e-01 1.993018021533827233e-01 1.998041230168143556e-01 1.995844926624665283e-01 1.986121784465929296e-01
1.973169674144056307e-01 1.987757650353141614e-01 1.991226122716397429e-01 1.982897692138830548e-01 1.976214844798008519e-01
1.854610355362742435e-01 1.934612256498872140e-01 1.962062084119062799e-01 1.946436585353806259e-01 1.967376577097065538e-01
1.443222416826210053e-01 1.678868969709934600e-01 1.841161273854397262e-01 1.794524506936565622e-01 1.733665044069202799e-01
3.207227435134553384e-02 6.370620344995707451e-02 1.036920509527979456e-01 9.799623122531561648e-02 6.300087788772762432e-02
2.559625266367682953e-03 4.762334459622120930e-02 1.233918310865784740e-01 1.176891092559887581e-01 4.307960614836557622e-02
7.389968929891420346e-02 1.210557691970272215e-01 1.788756045234462244e-01 1.757866761143264955e-01 1.166375109176371466e-01
1.671217278902524528e-01 1.869069577374860014e-01 1.971019552633424265e-01 1.963021783791074892e-01 1.855446004478093769e-01
1.922273924289792102e-01 1.987825862699749147e-01 1.989518607893941970e-01 1.985980288641241709e-01 1.991784135371003628e-01
1.952096884580987735e-01 1.945287958155540176e-01 1.945601035810629043e-01 1.940942668395057025e-01 1.944900405843054125e-01
1.984023129421350340e-01 1.952094993715547677e-01 1.975133610710794185e-01 1.967776368317848412e-01 1.947014040337495810e-01
1.939651666368439331e-01 1.944754963371461975e-01 1.976524631759561945e-01 1.971958877641256935e-01 1.939008849006668422e-01
1.974419284360051652e-01 1.987272880221158666e-01 1.995225173462456814e-01 1.994031200426893413e-01 1.985715108062225398e-01
1.987556324845892453e-01 1.994559382175888629e-01 1.994193277047908996e-01 1.993831277543232638e-01 1.995217759811775682e-01
1.948541192595407701e-01 1.950949082627414510e-01 1.949735821456206886e-01 1.949501327082317492e-01 1.951171886558526469e-01
1.636955768799982225e-01 1.636492542412520401e-01 1.633200868149525531e-01 1.632194759100709103e-01 1.635125665896541292e-01
8.248680970069337259e-02 8.243372848207373982e-02 8.219163318644141791e-02 8.205725470655063358e-02 8.223610775972063636e-02
1.636243640147488354e-01 1.636148253001167008e-01 1.635302156551573238e-01 1.634584148215452726e-01 1.635060561912008992e-01
1.952847474010815099e-01 1.952858975924489926e-01 1.952719153775188954e-01 1.952609914216794085e-01 1.952697672806865681e-01
1.979919835140513673e-01 1.979957432578703103e-01 1.979966841699551394e-01 1.979954574248622423e-01 1.979955057451601164e-01
1.681351193468856586e-01 1.681491666319845368e-01 1.681826728199927734e-01 1.681905720065684506e-01 1.681642487671818897e-01
3.323987944147668849e-02 3.325179439577547608e-02 3.328251600076504585e-02 3.329013111692279842e-02 3.326533293339006131e-02
1.828132554603092074e-03 1.829046502410150345e-03 1.830597369526659919e-03 1.830755829344193680e-03 1.829458817241628055e-03
