5.365376776179420258e-04 2.460524651992250511e-03 3.615377345651978307e-03 2.460524720576653425e-03
1.482631377273483514e-02 2.472218363580409861e-02 3.313250960684954033e-02 2.472218435290156682e-02
8.724147617590491399e-02 1.057761235325136023e-01 1.220024563142724783e-01 1.057761207813084220e-01
1.596971686500470999e-01 1.653678792000436437e-01 1.689746338949248694e-01 1.653678599726182974e-01
2.025209636596153051e-01 2.030666882892359915e-01 2.031167000959248625e-01 2.030666783224968908e-01
2.113253972100070377e-01 2.103408737114375870e-01 2.098789024701988026e-01 2.103408712587339635e-01
1.893593688019805377e-01 1.880212586825015519e-01 1.871391173460714707e-01 1.880212550154654050e-01
1.410888746288595508e-01 1.406663912583202836e-01 1.402413962183449714e-01 1.406663850434372309e-01
1.463246840187337194e-01 1.463641572439364491e-01 1.462536747300885731e-01 1.463641526320971220e-01
2.010756169825151374e-01 2.011154996933054440e-01 2.011161011749838523e-01 2.011154966709143843e-01
2.119848353684102571e-01 2.119123144052362240e-01 2.118799520797285396e-01 2.119123126593450701e-01
2.008332101137241255e-01 2.003169097725358005e-01 1.998197620290285137e-01 2.003169047549287762e-01
1.515421335455325313e-01 1.504987842700432343e-01 1.494380985316053068e-01 1.504987759660517677e-01
1.510400117213305526e-01 1.507799367717005123e-01 1.505052850486543470e-01 1.507799385883147603e-01
2.013626335357547870e-01 2.013543404679295212e-01 2.013464026195162238e-01 2.013543421896521191e-01
2.119954954688279269e-01 2.119956557548762777e-01 2.120005459634682343e-01 2.119956550472050505e-01
2.022516340768643062e-01 2.021487837191459913e-01 2.020456239002761112e-01 2.021487798469367714e-01
1.609438768994475022e-01 1.606970529590290853e-01 1.604468733296738614e-01 1.606970454329362530e-01
1.608029909132698276e-01 1.607380364200932665e-01 1.606716205036614054e-01 1.607380363272362389e-01
2.022573685638894281e-01 2.022543747267612213e-01 2.022518084893754342e-01 2.022543753881348438e-01
2.120031918568679452e-01 2.120059867177944979e-01 2.120095092520537794e-01 2.120059865772837282e-01
2.013519588133689253e-01 2.013637108051893332e-01 2.013756690802299132e-01 2.013637087386110913e-01
1.510276943292680196e-01 1.510494215585613809e-01 1.510709890956936641e-01 1.510494181944757319e-01
1.512805804401708976e-01 1.512856528452428684e-01 1.512905908496776919e-01 1.512856536832828669e-01
2.015285612430703643e-01 2.015285816145780950e-01 2.015286037511763162e-01 2.015285824903643164e-01
2.120511798862998454e-01 2.120518708999142299e-01 2.120526534999914725e-01 2.120518710537322993e-01
2.010574102065610103e-01 2.010717288890780663e-01 2.010861670005145985e-01 2.010717289332721314e-01
1.462181168626203454e-01 1.462508475962344123e-01 1.462836440370432756e-01 1.462508520755508856e-01
1.460619545035831968e-01 1.460704795274762879e-01 1.460790147960432106e-01 1.460704998864849058e-01
2.008981082528812079e-01 2.008984810812169675e-01 2.008988441483595122e-01 2.008984898061061675e-01
2.118465794690657378e-01 2.118465348200135323e-01 2.118464937098563650e-01 2.118465349593689206e-01
2.030855966308145744e-01 2.030892719928634738e-01 2.030929682214040466e-01 2.030892731086298697e-01
1.697467866798278713e-01 1.697557727958044771e-01 1.697647873409922625e-01 1.697557878370191953e-01
1.692072721118592638e-01 1.692099103326294429e-01 1.692126045702919690e-01 1.692099641184324210e-01
1.647139148538102893e-01 1.647142100531579501e-01 1.647145295821216548e-01 1.647142339825707624e-01
1.878649859937433012e-02 1.878651921123874330e-02 1.878654164598581727e-02 1.878652087789721079e-02
