1.744445837034343250e-01 1.744445836931479421e-01 1.744445836918927795e-01 1.744445836918459003e-01 1.744445836800048166e-01
2.213497865577758461e-01 2.213497865278694632e-01 2.213497865240514062e-01 2.213497865155881761e-01 2.213497864719756736e-01
2.037680874685615373e-01 2.037680874234603923e-01 2.037680874077196225e-01 2.037680873850127861e-01 2.037680873401286064e-01
2.004065845001064550e-01 2.004065844625793347e-01 2.004065844403881691e-01 2.004065844210892178e-01 2.004065843940323333e-01
1.999999999457489630e-01 1.999999999350260960e-01 1.999999999134441930e-01 1.999999999030502018e-01 1.999999998926198508e-01
2.000120598003945760e-01 2.000120597994377858e-01 2.000120597834718905e-01 2.000120597845568282e-01 2.000120597724909244e-01
2.000161648328795394e-01 2.000161648214607568e-01 2.000161648083869648e-01 2.000161648120046265e-01 2.000161647881676663e-01
2.000024430185312341e-01 2.000024430116235097e-01 2.000024429995677089e-01 2.000024430124932306e-01 2.000024429997847575e-01
2.000002607799697962e-01 2.000002607857719328e-01 2.000002607727211501e-01 2.000002607903025864e-01 2.000002607944965372e-01
1.999999999678067353e-01 1.999999999858300681e-01 1.999999999750073643e-01 1.999999999942131401e-01 2.000000000033050895e-01
2.000000138910958125e-01 2.000000139057348247e-01 2.000000138963032303e-01 2.000000139123840892e-01 2.000000139182110115e-01
2.000000134754608971e-01 2.000000134839945709e-01 2.000000134711056310e-01 2.000000134844052424e-01 2.000000134864258206e-01
2.000000019218902136e-01 2.000000019329657430e-01 2.000000019234529913e-01 2.000000019374823523e-01 2.000000019418766706e-01
2.000000001878430300e-01 2.000000002018094414e-01 2.000000001947971617e-01 2.000000002063215265e-01 2.000000002134216803e-01
1.999999999831500175e-01 1.999999999959854169e-01 1.999999999960422881e-01 2.000000000051674609e-01 2.000000000134637967e-01
2.000000000088577312e-01 2.000000000187532045e-01 2.000000000207189099e-01 2.000000000277266932e-01 2.000000000391261579e-01
2.000000000132380606e-01 2.000000000215165219e-01 2.000000000210728768e-01 2.000000000263183475e-01 2.000000000390124155e-01
2.000000000020717983e-01 2.000000000097939545e-01 2.000000000123279831e-01 2.000000000167817538e-01 2.000000000271254796e-01
1.999999999995980549e-01 2.000000000062794603e-01 2.000000000130502942e-01 2.000000000160061797e-01 2.000000000285792334e-01
2.000000000140878254e-01 2.000000000212091844e-01 2.000000000299516079e-01 2.000000000267751210e-01 2.000000000403689970e-01
2.000000000154885105e-01 2.000000000222251495e-01 2.000000000298741976e-01 2.000000000251567767e-01 2.000000000376687126e-01
1.999999999979336363e-01 2.000000000010270229e-01 2.000000000079051043e-01 2.000000000037618353e-01 2.000000000141280709e-01
2.000000001982329134e-01 2.000000002016441569e-01 2.000000002104725949e-01 2.000000002057659987e-01 2.000000002134768307e-01
2.000000019271956364e-01 2.000000019324365830e-01 2.000000019392582096e-01 2.000000019350152702e-01 2.000000019442527976e-01
2.000000134662833773e-01 2.000000134724146950e-01 2.000000134781419747e-01 2.000000134754018888e-01 2.000000134864260981e-01
2.000000138859531762e-01 2.000000138936531280e-01 2.000000138946413375e-01 2.000000138950810136e-01 2.000000139038227709e-01
1.999999999849001175e-01 1.999999999912781268e-01 1.999999999892154434e-01 1.999999999892746183e-01 1.999999999969193087e-01
2.000002608094203216e-01 2.000002608149316075e-01 2.000002608165164786e-01 2.000002608168348350e-01 2.000002608265832593e-01
2.000024430688123744e-01 2.000024430766098038e-01 2.000024430797459063e-01 2.000024430820275534e-01 2.000024430928188934e-01
2.000161648939666192e-01 2.000161649037564826e-01 2.000161649093736005e-01 2.000161649146433573e-01 2.000161649235680517e-01
2.000120598653691850e-01 2.000120598732766097e-01 2.000120598749402789e-01 2.000120598783571291e-01 2.000120598839179309e-01
1.999999999908449455e-01 1.999999999956569574e-01 1.999999999967939368e-01 1.999999999985932475e-01 2.000000000031645908e-01
2.004065844653893924e-01 2.004065844705180399e-01 2.004065844738222579e-01 2.004065844767328186e-01 2.004065844840050292e-01
2.037680873714305119e-01 2.037680873795396919e-01 2.037680873805717829e-01 2.037680873824976591e-01 2.037680873904186285e-01
2.213497863997864468e-01 2.213497864059198461e-01 2.213497864099933654e-01 2.213497864151845185e-01 2.213497864177856878e-01
1.744445835456683025e-01 1.744445835466374439e-01 1.744445835515255339e-01 1.744445835556851510e-01 1.744445835543837753e-01
