1.909820736256813423e-01 1.880638407987880178e-01 1.895844579425342291e-01 1.895728310471665179e-01 1.880738677129407954e-01
2.271260884748370346e-01 2.249666574783686368e-01 2.263571575890898635e-01 2.263466859522500763e-01 2.249747744088138879e-01
2.075674171812315616e-01 2.086829150035853786e-01 2.081466132555269133e-01 2.081534690379251151e-01 2.086859796371056397e-01
2.110743316023974969e-01 2.169574608575003949e-01 2.138933691109516921e-01 2.139199641109065242e-01 2.169370641103445518e-01
2.004348842421827814e-01 2.001328696066248247e-01 2.000012577329330077e-01 2.000011673815497715e-01 2.001300839317200486e-01
2.215855928244364059e-01 2.090990005431205001e-01 2.160240394164170963e-01 2.159731491983981067e-01 2.091338451297314882e-01
2.061096008984306949e-01 2.024683934130938889e-01 2.056781062860848497e-01 2.056543792263823001e-01 2.024826122589203636e-01
2.014478045252265370e-01 2.063791158086311917e-01 2.037639765318172425e-01 2.037866529312043762e-01 2.063779819005761573e-01
2.051835760953586996e-01 2.177757203389569796e-01 2.105175977176648727e-01 2.105720994986875483e-01 2.177282905357286746e-01
2.016660477912234906e-01 2.005186513450971375e-01 2.000100335180446942e-01 2.000091454275917946e-01 2.005114343444037994e-01
2.247992444177791815e-01 2.047394174744171513e-01 2.153721322031143803e-01 2.152922001197616619e-01 2.047805107067026120e-01
2.057601760833509819e-01 2.016462153052039907e-01 2.057372634444197823e-01 2.057100749789733396e-01 2.016629317882453198e-01
2.001375008166687841e-01 2.077057000692183741e-01 2.032986057976500227e-01 2.033344117855938049e-01 2.077053923134941638e-01
2.015316695094206967e-01 2.170857976840408488e-01 2.069966938791379107e-01 2.070580703285742341e-01 2.170278287375922710e-01
2.057769184935390738e-01 2.012059835130977636e-01 2.000542900591920081e-01 2.000523313003174652e-01 2.011950207821461556e-01
2.333510580939787693e-01 2.051858718837268336e-01 2.134864728947544477e-01 2.133914282948022878e-01 2.052203194831667687e-01
2.198712538277869943e-01 2.256304798053029859e-01 2.079342555538193082e-01 2.079101754645231726e-01 2.256466976191361107e-01
1.630122074220455575e-01 2.367937715494723983e-01 2.131349206315540923e-01 2.131712756971247125e-01 2.367977986282768788e-01
8.971225971378479214e-01 1.865041044589231811e-01 2.554253157600792079e-01 2.554794456136085246e-01 1.864410133323158303e-01
1.672241365141871328e-01 2.301419194049166561e-01 2.100555994855330399e-01 2.100531773012590253e-01 2.301275698076730714e-01
2.369690101054468812e-01 2.251796096769590472e-01 2.136577624992596625e-01 2.135696193523798914e-01 2.252042805135801851e-01
2.103745486409607512e-01 2.044629614385791438e-01 2.035753380097126697e-01 2.035619703189200658e-01 2.044686568849068409e-01
2.039552274246178021e-01 2.086800320343716875e-01 2.034337130349818945e-01 2.034713193351192217e-01 2.086736011554360115e-01
2.004926673395580894e-01 2.108063369019647915e-01 2.016622900413997388e-01 2.016957449938761582e-01 2.107511622987025268e-01
2.042775433921937001e-01 2.020566558588935968e-01 2.003874720620359984e-01 2.003826105786058187e-01 2.020452503058467741e-01
2.177369490801396856e-01 2.014000601640813515e-01 2.090764520148246652e-01 2.090008940850223429e-01 2.014301005420256196e-01
2.013477769355679625e-01 2.004839886301853780e-01 2.018430073523850565e-01 2.018375692922881881e-01 2.004797210418709230e-01
2.032180105176799867e-01 2.080389336655434629e-01 2.040135836099829236e-01 2.040405140218203295e-01 2.080234179135716233e-01
2.010000571940912806e-01 2.065195223842041239e-01 2.005768011610164492e-01 2.005941640491344935e-01 2.064816403686382806e-01
2.035714637904803836e-01 2.019640653170441391e-01 2.009290373048846223e-01 2.009250328138470487e-01 2.019583811191223155e-01
2.124403009348632410e-01 2.029973353689693560e-01 2.074027409585335047e-01 2.073520690609116091e-01 2.030198793698673454e-01
2.003641821260173372e-01 2.001278679742956867e-01 2.004935970126121847e-01 2.004935656220451778e-01 2.001253776361255066e-01
2.055983916224727315e-01 2.073575878748206147e-01 2.054631321398082133e-01 2.054737375258586796e-01 2.073494258136233392e-01
2.057871863090317555e-01 2.067165634238742888e-01 2.047721434836976828e-01 2.047764658428519458e-01 2.067065630045864799e-01
2.239202151667366580e-01 2.231275138727146223e-01 2.230158787167713097e-01 2.230127202333320180e-01 2.231266782462576204e-01
1.815285176948572832e-01 1.798458102706866624e-01 1.807374881803621991e-01 1.807271473219788094e-01 1.798500120293737847e-01
