2.795061530758730095e-02 2.795061650419230007e-02 2.795061709649756046e-02 2.795061711891334844e-02 2.795061653909862096e-02
1.714456985112258747e-01 1.714457129798508672e-01 1.714457216927163519e-01 1.714457217033537040e-01 1.714457129141387093e-01
2.005915873191600196e-01 2.005916347209462658e-01 2.005916774546161463e-01 2.005916774405919478e-01 2.005916345204714901e-01
2.002265294676025820e-01 2.002265629514159428e-01 2.002266228291761097e-01 2.002266227853210512e-01 2.002265628277793419e-01
1.999999861539533130e-01 1.999999529085259298e-01 1.999999918234978136e-01 1.999999917628721702e-01 1.999999528208280253e-01
1.998319870950323041e-01 1.998320659726863235e-01 1.998321354896027136e-01 1.998321354639137071e-01 1.998320659460006143e-01
1.999529692483484056e-01 1.999541225075968653e-01 1.999548399641238594e-01 1.999548399325256631e-01 1.999541223632933795e-01
1.999893932255938644e-01 1.999937009049648773e-01 1.999980983715142213e-01 1.999980983005655577e-01 1.999937005963974279e-01
1.999862376078728743e-01 1.999896271186163976e-01 1.999961786380944906e-01 1.999961784881892357e-01 1.999896269324875631e-01
1.999986431436865109e-01 1.999951257538951643e-01 1.999994695860910776e-01 1.999994694680057861e-01 1.999951256767077967e-01
1.999845127188665805e-01 1.999924441601085845e-01 1.999997440059618770e-01 1.999997439772439878e-01 1.999924441480262216e-01
1.998019507121704119e-01 1.999220900864687456e-01 1.999964719029781735e-01 1.999964718772762329e-01 1.999220898755846021e-01
1.990422135625966316e-01 1.994953169628163325e-01 1.999540130027721019e-01 1.999540128954163942e-01 1.994953164850344351e-01
1.985463345786139810e-01 1.989110224760999579e-01 1.996017858862381700e-01 1.996017856406407387e-01 1.989110221555605296e-01
1.999046469715503038e-01 1.994947384800252466e-01 1.999525344574932806e-01 1.999525342744395140e-01 1.994947383280269160e-01
1.987937451687417922e-01 1.993130727025261839e-01 1.999962647841812269e-01 1.999962647207202127e-01 1.993130726002453335e-01
1.812001185239741352e-01 1.929895045938523068e-01 1.997065693173855627e-01 1.997065692826859307e-01 1.929895042059330823e-01
9.897064954293323391e-02 1.515389359764860999e-01 1.958193840667075414e-01 1.958193838966897082e-01 1.515389352098759634e-01
2.328842142707210870e-03 8.655735426580832281e-02 1.626842675602664101e-01 1.626842672483399255e-01 8.655735389291488446e-02
9.896950789137910764e-02 1.515291128755700267e-01 1.957944497406822471e-01 1.957944495511186600e-01 1.515291129764380906e-01
1.812002653857958390e-01 1.929878619017963703e-01 1.997020505940284296e-01 1.997020505242734500e-01 1.929878619992865252e-01
1.987942259919080745e-01 1.993130050818348875e-01 1.999965331066064500e-01 1.999965331061831775e-01 1.993130051256717383e-01
1.999021187103345865e-01 1.994894510265713405e-01 1.999482912860880424e-01 1.999482912219065212e-01 1.994894510697395040e-01
1.984567904564475682e-01 1.988080062840874573e-01 1.994876530801758252e-01 1.994876527437234315e-01 1.988080061372505813e-01
1.986060193306106725e-01 1.990468741284353582e-01 1.994906087070576761e-01 1.994906083748910486e-01 1.990468738919959069e-01
1.997191002996259734e-01 1.998374546381175565e-01 1.999089654372726010e-01 1.999089653446636250e-01 1.998374546022696763e-01
1.999847510842738818e-01 1.999926482613308965e-01 1.999999665143854521e-01 1.999999665218571698e-01 1.999926482900653557e-01
1.999130485033253080e-01 1.999064405802523370e-01 1.999109861541048250e-01 1.999109860893853174e-01 1.999064406497892410e-01
1.981926694093154306e-01 1.981818049119894454e-01 1.981765790036201791e-01 1.981765786897584924e-01 1.981818047643632286e-01
1.921563952406482312e-01 1.921483023206796703e-01 1.921378451562010536e-01 1.921378448529579286e-01 1.921483019996705344e-01
1.983554024364042045e-01 1.983548131279481985e-01 1.983527562345736295e-01 1.983527561471484235e-01 1.983548130292635825e-01
1.999998553959972669e-01 1.999999305975895258e-01 1.999999997026321030e-01 1.999999997032858579e-01 1.999999306149138900e-01
1.987490366115223228e-01 1.987460107523565112e-01 1.987461290606761799e-01 1.987461289960150979e-01 1.987460108004063253e-01
1.701804946943618058e-01 1.701665676704997299e-01 1.701548431879028045e-01 1.701548429064174972e-01 1.701665675816482204e-01
4.009974883707334570e-02 4.008840325944747901e-02 4.007524325790791375e-02 4.007524305816977106e-02 4.008840310726856371e-02
3.084221877359663057e-03 3.083206300497133481e-03 3.082063938032560818e-03 3.082063924063004837e-03 3.083206291683051638e-03
