1.744497201477597237e-01 1.744497253178380614e-01 1.744499089672240100e-01 1.744500551454379322e-01 1.744497859792406569e-01
2.213954807603356612e-01 2.213955385065899395e-01 2.213958077306332484e-01 2.213960148919085491e-01 2.213954026800251107e-01
2.038172064251159432e-01 2.038171850874124502e-01 2.038171822620262752e-01 2.038171955287351178e-01 2.038168296330162277e-01
2.004372261251248233e-01 2.004365579908659323e-01 2.004363618718313089e-01 2.004363533061111480e-01 2.004363429602603885e-01
2.000063681774688074e-01 2.000051649502615214e-01 2.000051329200649153e-01 2.000047600167969009e-01 2.000042452599387344e-01
1.999844493551731217e-01 1.999828770043621251e-01 1.999831238329757843e-01 1.999830334633388995e-01 1.999819402799857815e-01
1.999470859822642665e-01 1.999461934526473028e-01 1.999458541290282387e-01 1.999459672547025946e-01 1.999463766860753722e-01
1.999151283956326908e-01 1.999145895871872192e-01 1.999144363467811880e-01 1.999143020817980565e-01 1.999144760036854485e-01
1.999338916293771362e-01 1.999332466380535911e-01 1.999331473957121352e-01 1.999329819974093592e-01 1.999326562357349457e-01
1.999918138156652203e-01 1.999902902172542296e-01 1.999894556486315478e-01 1.999888567972023246e-01 1.999887044825454652e-01
2.000480664534615149e-01 2.000475886829900796e-01 2.000427483858201738e-01 2.000391527982473827e-01 2.000379582869728778e-01
1.999593360734081282e-01 1.999886591835338956e-01 2.000195821268276608e-01 2.000110001613921995e-01 1.999771492730810785e-01
1.996681563314611219e-01 1.997964460715306034e-01 1.999607484107855659e-01 1.999700214401686493e-01 1.997953894772249439e-01
1.996111967293797973e-01 1.996148683651753353e-01 1.998321523708400382e-01 1.998457617520073559e-01 1.996231735121498929e-01
2.000961322813831489e-01 1.998061210406099075e-01 1.999379493502408400e-01 1.999354171272327840e-01 1.998232384502189041e-01
1.985131955136280046e-01 1.995127547342233354e-01 1.999078768556815655e-01 1.999067636883328225e-01 1.995405671841613549e-01
1.814208020056772841e-01 1.933111560743860924e-01 1.993979106991250472e-01 1.994013426118834420e-01 1.933289347983583872e-01
9.963427825070972355e-02 1.517487080919728837e-01 1.949888703479309426e-01 1.949892146427554263e-01 1.517574896458354916e-01
1.507053620940870938e-03 8.533298766357950982e-02 1.601919486557492889e-01 1.601847718382059527e-01 8.531119104463830149e-02
9.937655809743477231e-02 1.515790750077447568e-01 1.949220466999423140e-01 1.949102224019093055e-01 1.515398015739386484e-01
1.813412151927985827e-01 1.932551295960387161e-01 1.993404470349144086e-01 1.993250057794387631e-01 1.932258314434305013e-01
1.985143697268736407e-01 1.995089957594682883e-01 1.998926258091546504e-01 1.998984891037486333e-01 1.995051086430741083e-01
2.001697959320989928e-01 1.998701578416869629e-01 1.999835249103766310e-01 2.000006520271417620e-01 1.998865406278255985e-01
1.996470788037817967e-01 1.996696471624384017e-01 1.998287381455228218e-01 1.998011113157961982e-01 1.996424884793565058e-01
1.996822242462312769e-01 1.998796693105537869e-01 1.999731811349673982e-01 1.999206776778973960e-01 1.998041119161554358e-01
1.999652516323499329e-01 1.999916772578875790e-01 2.000305612129687494e-01 2.000759477104121220e-01 2.000678925032313427e-01
1.999937232174263113e-01 1.999994991303094827e-01 1.999994591590050219e-01 2.000031841690239065e-01 2.000044825688760963e-01
1.999174860395973308e-01 1.999167368839889491e-01 1.999165330754246184e-01 1.999157105029501225e-01 1.999158945194991210e-01
1.998782382208323105e-01 1.998780254534609224e-01 1.998773053017869894e-01 1.998766795674357666e-01 1.998773869684345450e-01
1.998512444458357962e-01 1.998513809457942991e-01 1.998516688542466002e-01 1.998517626870791319e-01 1.998517621252159371e-01
1.997811246683118824e-01 1.997812805886848841e-01 1.997812792983424124e-01 1.997812390865182364e-01 1.997812460358437681e-01
2.000033113876371893e-01 2.000033458416152488e-01 2.000033181153009765e-01 2.000032847454641660e-01 2.000032976182832267e-01
2.002712945998995631e-01 2.002712987536749145e-01 2.002712866204893749e-01 2.002712654346255894e-01 2.002712658501532572e-01
2.006565095801776666e-01 2.006564973219642500e-01 2.006564972363245603e-01 2.006564891935199435e-01 2.006564835135857539e-01
1.715170423765143282e-01 1.715170198373286714e-01 1.715170021969007752e-01 1.715169935760188780e-01 1.715170061074459407e-01
2.797342077236847704e-02 2.797341312143224873e-02 2.797340219265646161e-02 2.797339839255359381e-02 2.797340692285890662e-02
