9.513093025231143807e-03 1.978271444795272338e-02 2.524430203729094782e-02 1.978268941395998695e-02
1.536767977243907457e-01 1.674204647191810114e-01 1.764741782483937316e-01 1.674201299885164640e-01
1.877017477289703862e-01 1.903190586806900175e-01 1.911302733751569227e-01 1.903183004406100165e-01
1.894042029519009962e-01 1.895755182853777476e-01 1.894766629832758953e-01 1.895752209256284793e-01
2.046312373510966176e-01 2.045834737621010369e-01 2.045831048735924085e-01 2.045833197914959656e-01
2.119469948509467572e-01 2.119161650259041296e-01 2.119161587448767370e-01 2.119160884299692293e-01
2.043670356323276371e-01 2.043778765453719004e-01 2.043913580956679132e-01 2.043773133322078772e-01
1.872398909978024439e-01 1.872481081369242739e-01 1.872538691326290639e-01 1.872461950431605904e-01
1.873125533102043827e-01 1.873160653908800821e-01 1.873162257935135633e-01 1.873131991271042851e-01
2.044591212774920508e-01 2.044597562223287590e-01 2.044598627193872087e-01 2.044591606689795671e-01
2.120536957310813209e-01 2.120536837842300903e-01 2.120535092587685910e-01 2.120536280104957094e-01
2.030530461457103197e-01 2.030530650490879052e-01 2.030454375607952389e-01 2.030456364302425931e-01
1.727758853350204460e-01 1.727814719470444627e-01 1.727597840143114960e-01 1.727510539136367929e-01
1.731225404839533688e-01 1.731467935924083101e-01 1.731174365022619122e-01 1.730920699338072688e-01
2.032458154530888961e-01 2.032563126945641785e-01 2.032506718272822921e-01 2.032317360638209447e-01
2.119212958036216787e-01 2.119281599867695043e-01 2.119171866713634722e-01 2.119135156470026149e-01
1.996549325909314498e-01 1.996577354563843498e-01 1.995985599072508387e-01 1.996069848911377342e-01
1.375564592961797394e-01 1.375711048645069379e-01 1.374285412579867860e-01 1.374253228317635633e-01
1.377119010411429201e-01 1.378314286067443550e-01 1.376906285728055346e-01 1.375656430605641245e-01
1.997767141564044946e-01 1.998713985410898730e-01 1.997746447673891812e-01 1.997306901546485325e-01
2.118884215399208792e-01 2.119101055439385484e-01 2.118836410090122191e-01 2.118989269756633431e-01
2.014491213691180782e-01 2.014229650124398363e-01 2.014388054267122197e-01 2.014463778976052222e-01
1.539964052530840843e-01 1.540064422392206922e-01 1.539721436707249813e-01 1.540005724822884614e-01
1.536720438147521905e-01 1.537022409108985965e-01 1.537071388171178388e-01 1.537056989657479833e-01
2.012519714724024800e-01 2.012459689458210577e-01 2.012592619160890328e-01 2.012373740542102440e-01
2.119827040231229420e-01 2.119941117253722473e-01 2.119786071116494808e-01 2.119952134322990456e-01
2.040770373696187967e-01 2.040807123623818720e-01 2.040712164931524630e-01 2.040791629582140720e-01
1.822190106893841754e-01 1.822156783965246107e-01 1.822146505719121901e-01 1.822152454458209336e-01
1.820261406997404630e-01 1.820296561494058885e-01 1.820200945001728132e-01 1.820211499556278201e-01
2.038997736094444457e-01 2.039042084773576846e-01 2.039024005507936166e-01 2.039030454430261485e-01
2.118631535200964366e-01 2.118661782219675715e-01 2.118651672762726645e-01 2.118670523234758851e-01
2.045155132461782266e-01 2.045167257172081365e-01 2.045149643932753225e-01 2.045161994285685791e-01
1.884901678118213464e-01 1.884915989170121431e-01 1.884928792139598797e-01 1.884940029148236551e-01
1.884311894457879888e-01 1.884322983730484236e-01 1.884326021879218216e-01 1.884321709876793371e-01
1.664613710803416469e-01 1.664618140716182249e-01 1.664617515052493890e-01 1.664614892551514180e-01
1.886014108966514030e-02 1.886018487805946053e-02 1.886016414953290907e-02 1.886016164040505913e-02
