2.680646826260310589e-01 1.950636065043069578e-01 1.824966593889968680e-01 1.950636065043728495e-01
2.272219171255744075e-01 2.209385265378785157e-01 2.261621697029646827e-01 2.209385265351802852e-01
1.930576775334755801e-01 1.949577284270483657e-01 1.967590000556666829e-01 1.949577283814695194e-01
1.916431975658496323e-01 1.920756639940636723e-01 1.921531008609704549e-01 1.920756639547548106e-01
2.063315751688985789e-01 2.062766221287655188e-01 2.062476755265590378e-01 2.062766221233329755e-01
2.132362085081531133e-01 2.131586838733278422e-01 2.130782944459262418e-01 2.131586838719405352e-01
2.092748259921578535e-01 2.092864117493417886e-01 2.091682078499932096e-01 2.092864117496795184e-01
1.994366961357148249e-01 1.995674921518325595e-01 1.996154703349350967e-01 1.995674921217400755e-01
1.986068739328782085e-01 1.985728940946115129e-01 1.985781766958722994e-01 1.985728940926216324e-01
2.101783336325436236e-01 2.101225858056347262e-01 2.100984732668471633e-01 2.101225858155203741e-01
2.145847279107686578e-01 2.145590254046284284e-01 2.145279726647686402e-01 2.145590254137257347e-01
2.131263161213270696e-01 2.131215635595069269e-01 2.130844336849590515e-01 2.131215635664194252e-01
2.065096572200105229e-01 2.065513056224151656e-01 2.065740781337109255e-01 2.065513056096686673e-01
2.058734742237672832e-01 2.058632944165236234e-01 2.058625477056614805e-01 2.058632944089636985e-01
2.137588086588708969e-01 2.137408049115212816e-01 2.137299713208964946e-01 2.137408049137777544e-01
2.155675304528744674e-01 2.155586638352805784e-01 2.155486549378212713e-01 2.155586638382826770e-01
2.149544622209406952e-01 2.149511271041050220e-01 2.149414864151891202e-01 2.149511271102670651e-01
2.090774827678694436e-01 2.090889589061791232e-01 2.090968719514813556e-01 2.090889589059833353e-01
2.091062750066319254e-01 2.091036829958791698e-01 2.091029171299905176e-01 2.091036830047388329e-01
2.149393405294721948e-01 2.149343632011029848e-01 2.149307303591490304e-01 2.149343632015585925e-01
2.155373436023203804e-01 2.155348032122833546e-01 2.155320605962053049e-01 2.155348032122585411e-01
2.136302808085346894e-01 2.136290992674597655e-01 2.136268778141382219e-01 2.136290992706316449e-01
2.056150382430192713e-01 2.056177957594000349e-01 2.056199827498255972e-01 2.056177957652603472e-01
2.063214146439031893e-01 2.063208262497673862e-01 2.063205368377673543e-01 2.063208262617003130e-01
2.129802162532742071e-01 2.129790217423686571e-01 2.129780407353127070e-01 2.129790217338885239e-01
2.145018217427533680e-01 2.145012167402250425e-01 2.145005817277537696e-01 2.145012167402099712e-01
2.099578810551752384e-01 2.099575856061949297e-01 2.099571488270808861e-01 2.099575856095088344e-01
1.982536512091008507e-01 1.982542028231712161e-01 1.982546801460727537e-01 1.982542028256691624e-01
1.992180023967833891e-01 1.992178834767565077e-01 1.992178044672879567e-01 1.992178835056091502e-01
2.090884801426653450e-01 2.090882463510615741e-01 2.090880395245457157e-01 2.090882463607715569e-01
2.131114818060886595e-01 2.131113743124896931e-01 2.131112632997564094e-01 2.131113743161092977e-01
2.061749297955197124e-01 2.061748845892985016e-01 2.061748262428185763e-01 2.061748845974457622e-01
1.919613732108115256e-01 1.919614485190852260e-01 1.919615178893686047e-01 1.919614485300533135e-01
1.963176203074261106e-01 1.963175948126060222e-01 1.963175720069247066e-01 1.963175948224480383e-01
2.299410564842307159e-01 2.299410317834233997e-01 2.299410077943312147e-01 2.299410317816727445e-01
2.020701230796865255e-01 2.020701178197428782e-01 2.020701122274668471e-01 2.020701178194692915e-01
