1.883905073190735857e-01 1.894390891843794333e-01 1.890702324392124212e-01 1.890702325908091008e-01 1.894390890145017381e-01
2.250435971877559060e-01 2.268878523198135377e-01 2.255668058388274333e-01 2.255668060871916791e-01 2.268878520771828444e-01
2.081167823706107922e-01 2.087193500487760089e-01 2.081750479733025516e-01 2.081750480017673099e-01 2.087193497455427926e-01
2.180284645928587117e-01 2.135497704809987407e-01 2.150602889041468568e-01 2.150602885557809651e-01 2.135497710753522516e-01
2.009415907054202255e-01 2.004028635735419783e-01 2.002435734308191939e-01 2.002435735433093500e-01 2.004028642291925677e-01
2.147262634164444906e-01 2.173355319867857072e-01 2.152909563285065331e-01 2.152909571869426053e-01 2.173355321331840173e-01
2.029848798583366032e-01 2.081437913467105716e-01 2.033907591284888350e-01 2.033907600050097186e-01 2.081437908591989572e-01
2.062181062545448140e-01 2.068894097910566887e-01 2.053516334235904184e-01 2.053516338601568680e-01 2.068894099259504238e-01
2.234722034128905355e-01 2.117569932709426339e-01 2.150370348332015791e-01 2.150370345009549600e-01 2.117569954630432183e-01
2.037362914013665371e-01 2.015765035180009934e-01 2.009335489985335232e-01 2.009335493665216632e-01 2.015765053973517795e-01
2.167667164504396560e-01 2.221096307426640160e-01 2.167518221855773697e-01 2.167518235321796716e-01 2.221096311745271445e-01
2.022184322347472529e-01 2.117478084197857713e-01 2.028513909972340656e-01 2.028513922667669611e-01 2.117478075011425542e-01
2.106547447911363835e-01 2.101503721044732931e-01 2.079079461877223756e-01 2.079079469024925908e-01 2.101503725496254582e-01
2.320177199818623248e-01 2.105490958793970468e-01 2.159387931861967980e-01 2.159387929857080057e-01 2.105490990034412091e-01
2.082926863102718684e-01 2.034224843840016783e-01 2.019551241865152613e-01 2.019551246902319686e-01 2.034224870443488153e-01
2.191425355584869505e-01 2.295913163483343788e-01 2.185749465254611390e-01 2.185749479961865416e-01 2.295913169063274473e-01
2.010062158232271967e-01 2.162426546350453560e-01 2.026754547260107842e-01 2.026754560039688846e-01 2.162426531026415133e-01
2.174774830777238266e-01 2.130466394119778506e-01 2.116487508052816990e-01 2.116487515778343875e-01 2.130466400332095001e-01
2.543599683109112886e-01 2.088899552118708147e-01 2.164430063498161971e-01 2.164430063843289787e-01 2.088899585987125662e-01
2.103334531540850816e-01 2.046928476038809841e-01 2.029926334229882889e-01 2.029926338928240148e-01 2.046928504797593806e-01
2.209249751444607446e-01 2.321582481006439491e-01 2.202519324770124687e-01 2.202519336762843449e-01 2.321582485735249612e-01
2.016758281882752857e-01 2.123572654610290655e-01 2.015721922346898898e-01 2.015721930900256365e-01 2.123572639302147569e-01
2.203126755594728425e-01 2.161026331801061129e-01 2.137032832038981145e-01 2.137032839661722194e-01 2.161026339989026990e-01
2.254139376158251773e-01 2.080748938018709415e-01 2.106040428269393139e-01 2.106040430987076995e-01 2.080748967537346672e-01
2.087189320950427196e-01 2.060444799432882279e-01 2.038215376071703666e-01 2.038215381601677645e-01 2.060444822450659130e-01
2.216091687504464225e-01 2.247571619538331344e-01 2.192823195931972446e-01 2.192823205255030883e-01 2.247571623150142195e-01
2.008071848058662623e-01 2.054805407948459006e-01 2.007190940613359231e-01 2.007190944888846418e-01 2.054805397696215508e-01
2.192423781719763931e-01 2.176967719413633595e-01 2.158711176018861810e-01 2.158711182072026724e-01 2.176967727928526830e-01
2.134431160715082876e-01 2.069570516504883329e-01 2.065962998162782505e-01 2.065963002232091561e-01 2.069570536842667841e-01
2.073948589877138704e-01 2.061766077143863118e-01 2.046800673497251588e-01 2.046800678049735533e-01 2.061766091200313289e-01
2.207497844530685593e-01 2.205292208642554153e-01 2.188527192089438356e-01 2.188527196933161001e-01 2.205292211058608176e-01
2.002053966053573830e-01 2.013673371329182116e-01 2.001830062487966189e-01 2.001830063522111458e-01 2.013673366864535130e-01
2.194916939558327895e-01 2.190434346355137896e-01 2.181433967482839797e-01 2.181433971008178430e-01 2.190434352552776132e-01
2.110461862031909330e-01 2.099497231992607793e-01 2.090660848285283147e-01 2.090660851937307385e-01 2.099497240415078569e-01
2.276154221478887962e-01 2.273625595563145696e-01 2.268858103235786017e-01 2.268858104357513450e-01 2.273625598164354111e-01
1.935601836914209728e-01 1.933300184169439995e-01 1.933052329821895732e-01 1.933052329826551730e-01 1.933300184137361766e-01
