2.795061722332444973e-02 2.795061722126016002e-02 2.795061722395779727e-02 2.795061723691860331e-02 2.795061723849557450e-02
1.714457219159258305e-01 1.714457219241745378e-01 1.714457219024939361e-01 1.714457219052609449e-01 1.714457219044267511e-01
2.005916808768514192e-01 2.005916808686682151e-01 2.005916808356969783e-01 2.005916808261751783e-01 2.005916807962035420e-01
2.002266611066573776e-01 2.002266610713717976e-01 2.002266610512938583e-01 2.002266610370483368e-01 2.002266609896470317e-01
2.000000001033330477e-01 2.000000000179099624e-01 1.999999999980278109e-01 1.999999999775213255e-01 1.999999999505233939e-01
1.998321368609393134e-01 1.998321365544068473e-01 1.998321364637756226e-01 1.998321364882171824e-01 1.998321365727241394e-01
1.999548748194087955e-01 1.999548739904869477e-01 1.999548729016724646e-01 1.999548729373117895e-01 1.999548740191480767e-01
1.999985452770955130e-01 1.999985463545958519e-01 1.999985423582010813e-01 1.999985423749590097e-01 1.999985463365041849e-01
2.000000373162900136e-01 2.000000445811968286e-01 2.000000441653042027e-01 2.000000441806195073e-01 2.000000445729411824e-01
2.000000607261478158e-01 2.000000045661534664e-01 2.000000005871942765e-01 2.000000006020612175e-01 2.000000045737166388e-01
2.000002896347265746e-01 1.999999138752144023e-01 1.999997930932116419e-01 1.999997931297967935e-01 1.999999139294700023e-01
2.000024828200209770e-01 2.000014310833540254e-01 2.000000368028065911e-01 2.000000368366877390e-01 2.000014311340343742e-01
2.000038209107773968e-01 2.000058234323805195e-01 2.000008008256117520e-01 2.000008008402626436e-01 2.000058234486245534e-01
1.999943920410766351e-01 2.000054653502072455e-01 2.000056229867744617e-01 2.000056229971225452e-01 2.000054653651359149e-01
2.000951633911817185e-01 2.000058262894128525e-01 2.000008036874231510e-01 2.000008036952919677e-01 2.000058263090621624e-01
2.008009848457679991e-01 2.001787789209796831e-01 2.000000983540879684e-01 2.000000983570896507e-01 2.001787789421394237e-01
2.038810148814409751e-01 2.023622787644306920e-01 2.001483608147414106e-01 2.001483608142277382e-01 2.023622787824332359e-01
1.988474742935894546e-01 2.087897970294403660e-01 2.012905510911960627e-01 2.012905510888820249e-01 2.087897970393853275e-01
1.211155069006427248e-01 2.014702349241797863e-01 2.087541577679788707e-01 2.087541577673359960e-01 2.014702349439901896e-01
1.988474742001762330e-01 2.087897969480157767e-01 2.012905510183990443e-01 2.012905510221041083e-01 2.087897969752161575e-01
2.038810146903204668e-01 2.023622785736184648e-01 2.001483606414911354e-01 2.001483606411997851e-01 2.023622785917053302e-01
2.008009850739352897e-01 2.001787791316112786e-01 2.000000985785796714e-01 2.000000985794272435e-01 2.001787791508213010e-01
2.000951633265538321e-01 2.000058262112026364e-01 2.000008036190923655e-01 2.000008036213341556e-01 2.000058262304560408e-01
1.999943892513032784e-01 2.000054625593832847e-01 2.000056202012132356e-01 2.000056202053104859e-01 2.000054625766256589e-01
2.000037619671245215e-01 2.000057644916674593e-01 2.000007418958707761e-01 2.000007418978750895e-01 2.000057645005798301e-01
2.000023375379224311e-01 2.000012857898435525e-01 1.999998915150286438e-01 1.999998915127334798e-01 2.000012857940699496e-01
2.000004966439052068e-01 2.000001208738590164e-01 2.000000000834335767e-01 2.000000000816438694e-01 2.000001208831364841e-01
2.000001006062608333e-01 2.000000444503077790e-01 2.000000404740149562e-01 2.000000404724469050e-01 2.000000444588478643e-01
1.999985393722445159e-01 1.999985466581461757e-01 1.999985462464895503e-01 1.999985462482524456e-01 1.999985466662947409e-01
1.999548764182623173e-01 1.999548775182877769e-01 1.999548735375551445e-01 1.999548735379802489e-01 1.999548775181954896e-01
1.998321384354279917e-01 1.998321376148349260e-01 1.998321365329119303e-01 1.998321365322636434e-01 1.998321376152680517e-01
2.000000003884671307e-01 2.000000001074772327e-01 2.000000000117863330e-01 2.000000000135736256e-01 2.000000001170622321e-01
2.002266610743279329e-01 2.002266610388519497e-01 2.002266610345035114e-01 2.002266610357792687e-01 2.002266610471276909e-01
2.005916807704171967e-01 2.005916807881028829e-01 2.005916807829658255e-01 2.005916807862327955e-01 2.005916807942434432e-01
1.714457218745999989e-01 1.714457219014702272e-01 1.714457218977330499e-01 1.714457218988006126e-01 1.714457218998379773e-01
2.795061741195636190e-02 2.795061742565583748e-02 2.795061742919959305e-02 2.795061742809454991e-02 2.795061742223509463e-02
