7.047639208326500547e-05 2.429013725039650979e-03 4.331463138903318341e-03 2.429013770313809533e-03
9.414315947572861679e-03 2.484897546658531783e-02 3.933241376721222093e-02 2.484897590326978767e-02
9.253861974892883813e-02 1.231800035195229071e-01 1.514168907934611563e-01 1.231800044453911225e-01
1.736766985640028904e-01 1.830474941262884292e-01 1.895537260988520156e-01 1.830474943329130910e-01
2.033465155374479805e-01 2.044532411363781110e-01 2.045452117620409627e-01 2.044532410954201240e-01
2.118815640720274063e-01 2.108831975097603673e-01 2.104110343695753393e-01 2.108831974973469359e-01
1.960580212420114654e-01 1.961540585439336959e-01 1.970265929277772998e-01 1.961540588677403441e-01
1.810524391502826014e-01 1.845886476789555808e-01 1.883748073245912757e-01 1.845886484124522053e-01
1.870728965063954141e-01 1.881679151899378621e-01 1.891525603156475610e-01 1.881679153528454940e-01
2.044109489340858177e-01 2.045236311028359455e-01 2.045531702421331810e-01 2.045236310758895837e-01
2.120582467447031383e-01 2.120114337322036024e-01 2.119868693381115055e-01 2.120114337326548248e-01
2.039484422560386423e-01 2.040801499588811296e-01 2.042687385703820802e-01 2.040801501687044273e-01
1.883563283278983369e-01 1.888489637493525608e-01 1.893661758729699163e-01 1.888489642188193873e-01
1.889138313494231614e-01 1.890562277110877931e-01 1.891930340907580776e-01 1.890562278928598627e-01
2.045577575431687667e-01 2.045700732153499235e-01 2.045757512924224475e-01 2.045700732499847463e-01
2.120695445397639822e-01 2.120665882412909875e-01 2.120645035577910231e-01 2.120665882361068011e-01
2.045359770564030011e-01 2.045589433439873595e-01 2.045862741826022513e-01 2.045589433952502978e-01
1.892010627978270298e-01 1.892678719015271627e-01 1.893369816298560160e-01 1.892678720717021201e-01
1.892597392478565510e-01 1.892785100959840094e-01 1.892970269529086480e-01 1.892785102282552312e-01
2.045854922106301876e-01 2.045869451606330269e-01 2.045878537864556368e-01 2.045869452063126537e-01
2.120700259593412407e-01 2.120697687185441882e-01 2.120695230767078443e-01 2.120697687227591499e-01
2.045877412908354565e-01 2.045910211867844331e-01 2.045946442481582361e-01 2.045910212175785781e-01
1.893344948177493048e-01 1.893433625425672007e-01 1.893524384720016718e-01 1.893433626509171408e-01
1.893410003234497763e-01 1.893434620611855745e-01 1.893459153421425956e-01 1.893434622164931191e-01
2.045920924170495370e-01 2.045922704847563112e-01 2.045924034134725400e-01 2.045922705443964928e-01
2.120697661777923015e-01 2.120697366994457600e-01 2.120697040939338307e-01 2.120697367020015212e-01
2.045936211182857734e-01 2.045940437802609702e-01 2.045944930997090072e-01 2.045940438301001585e-01
1.893621971651325842e-01 1.893633158703403319e-01 1.893644523716661032e-01 1.893633159410168243e-01
1.893608378415382876e-01 1.893611484900693254e-01 1.893614593827015469e-01 1.893611487764365053e-01
2.045361318561323138e-01 2.045361543054166342e-01 2.045361732745035466e-01 2.045361544348679728e-01
2.118678671443645911e-01 2.118678633478774109e-01 2.118678589738952900e-01 2.118678633612821050e-01
2.045925559665119076e-01 2.045925975282731346e-01 2.045926408001389196e-01 2.045925975588204215e-01
1.896135377162414537e-01 1.896136504996009942e-01 1.896137645455758525e-01 1.896136505988234577e-01
1.895918314055830001e-01 1.895918655398979025e-01 1.895919000832844703e-01 1.895918657827058706e-01
1.665628362007895158e-01 1.665628402215955928e-01 1.665628443796332014e-01 1.665628403334262486e-01
1.886331737820085008e-02 1.886331765151006215e-02 1.886331795161179034e-02 1.886331766503247104e-02
