2.138162501518118819e-01 2.009705659861013571e-01 1.984538786349656636e-01 2.009705661926513287e-01
2.296224622827459649e-01 2.282791548040881691e-01 2.292414271168229378e-01 2.282791548630834777e-01
1.957360245797871157e-01 1.960606591045190861e-01 1.964216401413755586e-01 1.960606583914161760e-01
1.919109371980297074e-01 1.920010390794497368e-01 1.920171104558855979e-01 1.920010382678255800e-01
2.062126163578324733e-01 2.062106297790028964e-01 2.062063880108568892e-01 2.062106291016978232e-01
2.131427196950125003e-01 2.131304574084384451e-01 2.131181798620778445e-01 2.131304572361673311e-01
2.091692420377305461e-01 2.091708116351077285e-01 2.091535527924745230e-01 2.091708117816701018e-01
1.993660098389146151e-01 1.993853633544176440e-01 1.993926004620085457e-01 1.993853628661202970e-01
1.984133478751406721e-01 1.984083225161425712e-01 1.984091390998461713e-01 1.984083220859411412e-01
2.100520397449039400e-01 2.100438095398204086e-01 2.100402354221027612e-01 2.100438091834346543e-01
2.145387984389912073e-01 2.145349914129289770e-01 2.145303705579568732e-01 2.145349913321152602e-01
2.130796155831506944e-01 2.130789068442009437e-01 2.130733794223175215e-01 2.130789069761595544e-01
2.065003211470680666e-01 2.065065209847156691e-01 2.065099185036971818e-01 2.065065207640739975e-01
2.058078821990325935e-01 2.058063649645664184e-01 2.058062563561529612e-01 2.058063646728670315e-01
2.137260310927472096e-01 2.137233494308174164e-01 2.137217338986814597e-01 2.137233491331433088e-01
2.155632546427850571e-01 2.155619319442811654e-01 2.155604369560821243e-01 2.155619317763752818e-01
2.149900915979542637e-01 2.149895927863851308e-01 2.149881516531128578e-01 2.149895928469781059e-01
2.091842514786498852e-01 2.091859676212534380e-01 2.091871517419973958e-01 2.091859676534766621e-01
2.091885642813021973e-01 2.091881768343717696e-01 2.091880626293456669e-01 2.091881768482370674e-01
2.149878245449552416e-01 2.149870800187554387e-01 2.149865363396484819e-01 2.149870799831432588e-01
2.155587357934253545e-01 2.155583554067929120e-01 2.155579445798845029e-01 2.155583553799050589e-01
2.137067849176851331e-01 2.137066077282009646e-01 2.137062747202239377e-01 2.137066077030594646e-01
2.057691698363269539e-01 2.057695832767331423e-01 2.057699112167174216e-01 2.057695832538801173e-01
2.064720780444433412e-01 2.064719899978238737e-01 2.064719468916910716e-01 2.064719902660207551e-01
2.130577437100257820e-01 2.130575646741601492e-01 2.130574174985108982e-01 2.130575646954716296e-01
2.145264375540628932e-01 2.145263469244124976e-01 2.145262517146937498e-01 2.145263469585009797e-01
2.100192010401140952e-01 2.100191567417192540e-01 2.100190912610233329e-01 2.100191567103530110e-01
1.983607065798176083e-01 1.983607891586184613e-01 1.983608603901124978e-01 1.983607887644131262e-01
1.993333559865155813e-01 1.993333381251851943e-01 1.993333267793946095e-01 1.993333385130119373e-01
2.091417444323133701e-01 2.091417092956556756e-01 2.091416779893394140e-01 2.091417091009845630e-01
2.131240139968990088e-01 2.131239979577088661e-01 2.131239811854003796e-01 2.131239979001412765e-01
2.061955482792100780e-01 2.061955415838054861e-01 2.061955327693801021e-01 2.061955412911888608e-01
1.919899099792853336e-01 1.919899206677349590e-01 1.919899303710139171e-01 1.919899203436857826e-01
1.963540687807987239e-01 1.963540659335421268e-01 1.963540635662433809e-01 1.963540670845058123e-01
2.299543255956658649e-01 2.299543225470711549e-01 2.299543184658351669e-01 2.299543224135675579e-01
2.020713112307760129e-01 2.020713107943272191e-01 2.020713099872507024e-01 2.020713108317814533e-01
