6.144338791908343970e-05 1.983302359915259643e-03 3.163546532927202955e-03 1.983302214243538864e-03
8.987614455644669237e-03 1.978864332478250457e-02 2.873747173880484423e-02 1.978864141427945714e-02
8.296645770253081864e-02 1.034332051806685360e-01 1.207264611563582946e-01 1.034331914057800839e-01
1.584866108030558718e-01 1.651837058922031309e-01 1.689250297894119845e-01 1.651836621527331961e-01
2.021577323246117330e-01 2.030811197240982302e-01 2.031257323797908687e-01 2.030810991418933731e-01
2.118800132094541544e-01 2.108309544981789851e-01 2.102726585191662390e-01 2.108309509222253963e-01
1.942939926783672500e-01 1.923650475094263734e-01 1.909372695411590548e-01 1.923650398999233735e-01
1.440078297500332616e-01 1.426464025277948688e-01 1.413133479756590039e-01 1.426463861833195401e-01
1.467304498628418108e-01 1.465217567333304827e-01 1.461847048999148635e-01 1.465217425479905522e-01
2.010875387545466575e-01 2.011189187245814580e-01 2.011107175993325780e-01 2.011189117527230896e-01
2.120355022421625268e-01 2.119911299029759166e-01 2.119704889689445759e-01 2.119911265470136308e-01
2.014229782780447009e-01 2.009939476183896512e-01 2.005719948536618114e-01 2.009939305432436318e-01
1.517028064686958277e-01 1.508076584238057516e-01 1.498968239136042324e-01 1.508076252273024831e-01
1.510290387341567675e-01 1.508000705623860627e-01 1.505625049718521957e-01 1.508000712092109341e-01
2.013634873572177075e-01 2.013539329970338854e-01 2.013458813854871465e-01 2.013539365571448692e-01
2.120020611861682669e-01 2.120047356528348415e-01 2.120099204381436231e-01 2.120047346264894716e-01
2.022910831554217137e-01 2.022331690909360824e-01 2.021738292314232133e-01 2.022331571880803258e-01
1.609467500642952908e-01 1.608011554685907507e-01 1.606530216161522473e-01 1.608011331070958727e-01
1.608485300454525202e-01 1.608092803316602259e-01 1.607694046022487833e-01 1.608092891723127693e-01
2.022627388339730270e-01 2.022605302471591759e-01 2.022587564303771901e-01 2.022605368869595521e-01
2.120051601760399029e-01 2.120071183902515199e-01 2.120094755249126994e-01 2.120071189443490378e-01
2.013585506149752902e-01 2.013715562178259033e-01 2.013846628468630717e-01 2.013715487461700260e-01
1.510239158721375652e-01 1.510504713405539379e-01 1.510769872339352560e-01 1.510504654746271103e-01
1.512771988148308433e-01 1.512837286894185007e-01 1.512902292524104797e-01 1.512837454577719565e-01
2.015284075519816198e-01 2.015285550786312385e-01 2.015287052156542191e-01 2.015285659638857696e-01
2.120518630397159598e-01 2.120522326559484139e-01 2.120526483512941152e-01 2.120522351271745543e-01
2.010662054492191875e-01 2.010760123625500162e-01 2.010859070705537655e-01 2.010760108660099299e-01
1.462650363015168820e-01 1.462876985002269370e-01 1.463104213382130370e-01 1.462876980349354927e-01
1.460999873247524894e-01 1.461059283311019197e-01 1.461118749889834811e-01 1.461059341893000962e-01
2.009009649976400413e-01 2.009012431643485697e-01 2.009015084504599258e-01 2.009012460861900329e-01
2.118465807292841674e-01 2.118465393263755103e-01 2.118464971882675907e-01 2.118465397339878709e-01
2.030911678443990953e-01 2.030934395825444161e-01 2.030957278647348707e-01 2.030934419250266521e-01
1.698004263189620555e-01 1.698060191681608766e-01 1.698116326703820733e-01 1.698060281856454690e-01
1.692592473496190020e-01 1.692608925439756662e-01 1.692625593390602312e-01 1.692609110684204221e-01
1.647186410442327831e-01 1.647188257429450242e-01 1.647190190319822445e-01 1.647188335698324124e-01
1.878669790881044160e-02 1.878671079129792115e-02 1.878672439158883545e-02 1.878671133349298430e-02
