1.884557302583095006e-01 1.885203146616801495e-01 1.884260515271779235e-01 1.883037856875374727e-01 1.883223708738605284e-01
2.620443396602102348e-01 2.623118911033360257e-01 2.619183958959343528e-01 2.614085213803730712e-01 2.614859989744764412e-01
2.923175255295627495e-01 2.932468377554123817e-01 2.918658895694854483e-01 2.900743932785774803e-01 2.903419893903614879e-01
2.440680324370893828e-01 2.449885841129064989e-01 2.435442702260813275e-01 2.417037933536455574e-01 2.419941710267073387e-01
2.153934824345059007e-01 2.155272358695409507e-01 2.150842050315047438e-01 2.146324750636935119e-01 2.147776193635986819e-01
2.153238295887053566e-01 2.150675287861159579e-01 2.148765910947822710e-01 2.149677446608614373e-01 2.151932142047423002e-01
2.424779346634111099e-01 2.416745576803128459e-01 2.414389426794725790e-01 2.420898058659451124e-01 2.426923924095787388e-01
2.856345611013184627e-01 2.851864818982864369e-01 2.850135880212706363e-01 2.853304259649088737e-01 2.856708932352904906e-01
2.412755885227487462e-01 2.414882428074379972e-01 2.414487440520854677e-01 2.412045240530714951e-01 2.410843924223462775e-01
2.121407910829996857e-01 2.122029523996403766e-01 2.121869610699897990e-01 2.121158778049553051e-01 2.120901365621523649e-01
2.029431532742968503e-01 2.029579751190522807e-01 2.029513151718255193e-01 2.029294905810874461e-01 2.029259304996386404e-01
2.006416820907889476e-01 2.006336128335961810e-01 2.006227324276454727e-01 2.006188120419323540e-01 2.006284477370666730e-01
2.003375824913906367e-01 2.003061224334422019e-01 2.002734266212005676e-01 2.002716985678177630e-01 2.003051637493375170e-01
2.003954697392255069e-01 2.003026591702132542e-01 2.002135174079689717e-01 2.002121846504126557e-01 2.002999361148157520e-01
2.008623501109951803e-01 2.006412644717753824e-01 2.003848884223343174e-01 2.003854740677283863e-01 2.006408923191980997e-01
2.034554489315329451e-01 2.028909738817794572e-01 2.019529690028837032e-01 2.019518903579083369e-01 2.028898769257521939e-01
2.131360244023794426e-01 2.112110575606470919e-01 2.086461977197289763e-01 2.086443480107126880e-01 2.112084824133860783e-01
2.511889505536044620e-01 2.358441580226698087e-01 2.276152910118249550e-01 2.276124797759209173e-01 2.358336900497797484e-01
3.771204308968905683e-01 2.835825326994373952e-01 2.599500562833697015e-01 2.599363567414025300e-01 2.835309063065373780e-01
2.578170607535620884e-01 2.410001789366920388e-01 2.306236623972580113e-01 2.306030038466533594e-01 2.409159097142689887e-01
2.159021247338102911e-01 2.136891237064129645e-01 2.107130385795180083e-01 2.106963820108557206e-01 2.136471703138251854e-01
2.041571948857417995e-01 2.036526364784707888e-01 2.027290703823288742e-01 2.027227259152129257e-01 2.036480896316832379e-01
2.009493997592873282e-01 2.008221412137413120e-01 2.006539435786028891e-01 2.006531480978162030e-01 2.008229932475572022e-01
2.003249590580784834e-01 2.002750018479401151e-01 2.002423825543743485e-01 2.002408481595777945e-01 2.002766644718426137e-01
2.001159028375080473e-01 2.001006745073453941e-01 2.000946120604798484e-01 2.000931906373135394e-01 2.001015813006893351e-01
2.000073992412797208e-01 2.000059318982240486e-01 2.000073138645487303e-01 2.000067845895434904e-01 2.000053081703597468e-01
1.999340913653827323e-01 1.999335454031814507e-01 1.999344371309744461e-01 1.999342398790449060e-01 1.999346447677576022e-01
1.998943890300355908e-01 1.998941902315984065e-01 1.998951363082792920e-01 1.998946991139664009e-01 1.998945378140385976e-01
1.998924152480067995e-01 1.998924774443772423e-01 1.998917070163648280e-01 1.998915674853083413e-01 1.998924940067011990e-01
1.998839547044098663e-01 1.998840617787813190e-01 1.998837925915661062e-01 1.998842311118181059e-01 1.998840926937781870e-01
1.998126120398656391e-01 1.998126606259556237e-01 1.998126610513719092e-01 1.998126485890215909e-01 1.998127126048975244e-01
2.000237556479710910e-01 2.000237687518793828e-01 2.000237533490243913e-01 2.000237508234168071e-01 2.000237797980485566e-01
2.002749520448138532e-01 2.002749571966732089e-01 2.002749394712927677e-01 2.002749321948310290e-01 2.002749431099929422e-01
2.006468100150418377e-01 2.006467969965265163e-01 2.006468012909742582e-01 2.006467970857457872e-01 2.006467924935325109e-01
1.715004792139449286e-01 1.715004682035645434e-01 1.715004627512589086e-01 1.715004548780478255e-01 1.715004567725741114e-01
2.796842225259487530e-02 2.796841903833027082e-02 2.796841523540293667e-02 2.796841234613358512e-02 2.796841485915047693e-02
