1.807889586957908412e-01 1.791148495392829443e-01 1.801493455450753622e-01 1.801493463216744806e-01 1.791148498937267242e-01
2.233062151192333755e-01 2.227910113205309461e-01 2.231086997852262110e-01 2.231087007339933592e-01 2.227910119946694689e-01
2.047362349933012082e-01 2.060802854296360509e-01 2.052497111955646492e-01 2.052497119455429508e-01 2.060802879549667732e-01
2.044117762262114002e-01 2.066413654416036638e-01 2.052602717057231962e-01 2.052602713146756686e-01 2.066413663850018567e-01
2.002488895030216376e-01 2.002110264974895082e-01 2.002250495100024452e-01 2.002250504933803521e-01 2.002110260829033928e-01
2.108993653418728687e-01 2.024250461147225066e-01 2.076453388716954784e-01 2.076453436952135634e-01 2.024250470798164003e-01
2.018477343193641471e-01 2.014183919959287861e-01 2.016610336045113194e-01 2.016610359481077197e-01 2.014183939352675312e-01
2.000206581326577360e-01 2.049427478737563535e-01 2.018972065340697841e-01 2.018972051682303703e-01 2.049427548660613663e-01
2.022367111406828954e-01 2.075331637643062499e-01 2.041543211318918027e-01 2.041543204454467630e-01 2.075331669264138534e-01
2.013451689311091808e-01 2.008332556847334527e-01 2.008730534989476846e-01 2.008730572636486245e-01 2.008332553973010970e-01
2.157816214309083158e-01 2.022079008005499556e-01 2.101133219007021713e-01 2.101133315964948955e-01 2.022079015687009151e-01
2.019541006127651417e-01 2.029767894917123006e-01 2.017096250297913118e-01 2.017096287793207487e-01 2.029767928176216263e-01
2.010351521016392473e-01 2.090058654105829694e-01 2.039793482527769708e-01 2.039793438547265747e-01 2.090058777470669704e-01
2.093113130538347688e-01 2.083282594992132697e-01 2.059784728660076225e-01 2.059784727040561148e-01 2.083282656105438502e-01
2.144220340527669133e-01 2.025474030858187835e-01 2.022291907774329545e-01 2.022291982746207417e-01 2.025474035260709793e-01
2.289252391614454429e-01 2.208333771769415421e-01 2.129978643718163089e-01 2.129978779720120285e-01 2.208333776901086898e-01
2.076739300389724430e-01 2.498673816624647492e-01 2.103404145253313928e-01 2.103404188038567879e-01 2.498673853385921240e-01
2.075753784777444322e-01 2.232190790432870553e-01 2.170586565418489988e-01 2.170586494870811733e-01 2.232190947281330329e-01
5.786149056117553258e-01 2.001644057832648593e-01 2.611014258261579180e-01 2.611014266013025331e-01 2.001644130620157391e-01
2.076162073392348040e-01 2.144940661369517942e-01 2.137494127608931815e-01 2.137494228047090716e-01 2.144940670212423794e-01
2.278028878740289698e-01 2.534770113726196872e-01 2.241579288437120510e-01 2.241579426441074330e-01 2.534770126462252415e-01
2.105535710432726026e-01 2.190921936214770827e-01 2.009807697582023656e-01 2.009807737202960742e-01 2.190921957006118637e-01
2.188014593598302526e-01 2.149359523497522406e-01 2.096686596670457592e-01 2.096686522131818164e-01 2.149359659159427727e-01
2.093086776033017682e-01 2.079378619302711118e-01 2.058274119470503427e-01 2.058274146260592463e-01 2.079378688986471824e-01
2.043060239574630288e-01 2.044431795266246632e-01 2.042562811772508369e-01 2.042562914733222768e-01 2.044431802774307472e-01
2.219617753112768654e-01 2.095266667709066166e-01 2.165755453608424752e-01 2.165755551639784171e-01 2.095266702418941140e-01
2.007276992670847804e-01 2.009234455133356856e-01 2.003204385890890171e-01 2.003204409006424935e-01 2.009234463717594343e-01
2.105273316000883244e-01 2.157159652826065865e-01 2.122329646466908915e-01 2.122329583829647426e-01 2.157159750692394795e-01
2.022355521519701993e-01 2.068259822882159982e-01 2.038829113197687115e-01 2.038829155359495049e-01 2.068259874027759404e-01
2.047537193352988727e-01 2.042940205303289403e-01 2.045731170758108564e-01 2.045731250871310192e-01 2.042940210547708468e-01
2.198719172716018522e-01 2.114379248708847803e-01 2.166269461556712406e-01 2.166269512450408052e-01 2.114379284043821361e-01
2.001027074525106308e-01 2.000885003591151012e-01 2.000811673875471375e-01 2.000811681211676352e-01 2.000885005967356356e-01
2.141431838158546763e-01 2.163684336367339978e-01 2.149838618237305821e-01 2.149838551711033829e-01 2.163684405912225106e-01
2.077692175547040387e-01 2.091045028977638054e-01 2.082757889544385177e-01 2.082757916328468184e-01 2.091045052741238586e-01
2.264393702137285080e-01 2.259242600400331313e-01 2.262419063591403490e-01 2.262419107764420401e-01 2.259242592468874711e-01
1.909541825293514794e-01 1.892808854704604582e-01 1.903145310938555712e-01 1.903145336731426884e-01 1.892808848722351001e-01
