2.300198176896605662e-01 2.300221287999451025e-01 2.299092680793935473e-01 2.298199690589120825e-01 2.298445526220382895e-01
3.219918266821725217e-01 3.218845007792231483e-01 3.215878878458278134e-01 3.213781246036196970e-01 3.214039525035359834e-01
2.867468009741153123e-01 2.864765801661405820e-01 2.858069519147707904e-01 2.852480818347615799e-01 2.852761651289174027e-01
3.082404129732129183e-01 3.083900086306016197e-01 3.055221645077578208e-01 3.030448545616325484e-01 3.039849103084657500e-01
2.483622514823789207e-01 2.487441930306036053e-01 2.456504729333443549e-01 2.430899546731742078e-01 2.441951945644925681e-01
2.244514074982565111e-01 2.243713905773697115e-01 2.236335817274614501e-01 2.230066430755835161e-01 2.232710664357117347e-01
2.444750696767253595e-01 2.442010329783806943e-01 2.438744879993954284e-01 2.434135702124957945e-01 2.435072771071466469e-01
2.868030604556542906e-01 2.864842549035785946e-01 2.860142229120961610e-01 2.854601004682794652e-01 2.855626806629042447e-01
2.417437094764731953e-01 2.418280935840699530e-01 2.414009938251872323e-01 2.409587365137715598e-01 2.410262288223183336e-01
2.121310461009897064e-01 2.121856669472936552e-01 2.120600386158357775e-01 2.119447039934567734e-01 2.119397947524892800e-01
2.028679286751665922e-01 2.028825038455730201e-01 2.028478238046934612e-01 2.028173112234060438e-01 2.028455375382392234e-01
2.005594639957507530e-01 2.005623332997467367e-01 2.005505453062473853e-01 2.005403703050413766e-01 2.005436227439167385e-01
2.001535742920902694e-01 2.001268753806910161e-01 2.001047907063015774e-01 2.001020189191343723e-01 2.001207324702215795e-01
2.000550185268853698e-01 2.000321395774299071e-01 1.999891695820990856e-01 1.999944884501088094e-01 2.000300693460544399e-01
2.000383873938634538e-01 2.001024190812286940e-01 1.998419278856357895e-01 1.998529410845233667e-01 2.000971650801206536e-01
1.992517937094489544e-01 1.997085124566288783e-01 1.990912635267692299e-01 1.990617454536329489e-01 1.996200481290067719e-01
1.894573350283949853e-01 1.905368673510906552e-01 1.930569259375809754e-01 1.926559224746485499e-01 1.900519466489287435e-01
1.916811234439693978e-01 1.571734282710584574e-01 1.612681001390086910e-01 1.606181100500829462e-01 1.565725538473808354e-01
8.242666189695814216e-01 1.613617928535647228e-01 1.507792193888435883e-01 1.505811097689101763e-01 1.610612609258733063e-01
1.800862211300061633e-01 1.549736849446106957e-01 1.738772559370440896e-01 1.739780662651934651e-01 1.550209989139319233e-01
1.850725452889795397e-01 1.900538568576937148e-01 1.964935457301608956e-01 1.964933343700697721e-01 1.900700962535448180e-01
1.977151420586890085e-01 1.994704045778814272e-01 1.995740239788837689e-01 1.995954157770549742e-01 1.994610939878936340e-01
1.986722808868100210e-01 1.987823364749331800e-01 1.986756685197331174e-01 1.986976062312547919e-01 1.988123452747346809e-01
1.990992700934995363e-01 1.982008761018203280e-01 1.983654601838895915e-01 1.984235929896148165e-01 1.982099891853357221e-01
2.002128737256263225e-01 1.990829184525959028e-01 1.992715650513140202e-01 1.992669031807847435e-01 1.990380687258081482e-01
2.001062509494088149e-01 2.001810710306927421e-01 2.001935343755257002e-01 2.000220114140390526e-01 1.999987881022056713e-01
2.004260642080436805e-01 2.004965968904370566e-01 2.004769873130864688e-01 2.003486248632325162e-01 2.003736525561240767e-01
2.005806741752861055e-01 2.006327302409030289e-01 2.007256381658995836e-01 2.006466326741956629e-01 2.006863433554778586e-01
2.002668037846456750e-01 2.002012516425255018e-01 2.001008006167196152e-01 2.001625284005097982e-01 2.001696885449295860e-01
1.982378801810012470e-01 1.982663291906966718e-01 1.983155667454921944e-01 1.983765503191065871e-01 1.983590912850585197e-01
1.979449421226987249e-01 1.979587715811439164e-01 1.979761525272209499e-01 1.979905231306122726e-01 1.979910829256414928e-01
1.998861214454039914e-01 1.998891479112093472e-01 1.998895608173182070e-01 1.998920471933994525e-01 1.998952041412623559e-01
2.008295707635266436e-01 2.008302364855079902e-01 2.008301375977706582e-01 2.008316805216618650e-01 2.008330806711713656e-01
2.011716480810582242e-01 2.011716890386817946e-01 2.011722713127253315e-01 2.011730560254594846e-01 2.011735561375493642e-01
1.718499889906179856e-01 1.718501746066518066e-01 1.718505404437834505e-01 1.718507318059776523e-01 1.718507457028513319e-01
2.808247793224781172e-02 2.808256386801147655e-02 2.808268026968699024e-02 2.808270199661541330e-02 2.808265921789721703e-02
