1.960700746875180256e-01 1.960697463710605881e-01 1.960695884362054775e-01 1.960749313633541324e-01 1.960733784933582080e-01
2.298101548171044839e-01 2.298105687751949289e-01 2.298143286978821809e-01 2.298051559249437992e-01 2.298107763777257062e-01
2.129487533612094141e-01 2.129492558772018984e-01 2.129422818849586174e-01 2.129476715159085987e-01 2.129364935306229112e-01
2.228825001230793357e-01 2.228933882719473514e-01 2.228545013396406871e-01 2.228903529191686717e-01 2.228407916185596582e-01
2.044710527304968717e-01 2.044835426568397951e-01 2.044726409929403521e-01 2.044768909924230549e-01 2.044661076014487322e-01
2.249434963214236860e-01 2.249447402185939249e-01 2.249399910275527992e-01 2.249473668367896473e-01 2.249219085049754263e-01
2.164704141441001761e-01 2.164408549772728896e-01 2.165484427528528155e-01 2.163822924936125713e-01 2.164949539560219460e-01
2.172878704192470201e-01 2.172819996580919732e-01 2.172343598642435814e-01 2.173050781913541951e-01 2.172062812535252851e-01
2.271504358524804035e-01 2.271856133376837783e-01 2.270358787960385927e-01 2.272148268188222686e-01 2.270213499388100409e-01
2.151168910640990362e-01 2.151645568288374777e-01 2.151311486125704331e-01 2.151405923117580832e-01 2.151520823279355898e-01
2.298139266432370209e-01 2.298192965898706308e-01 2.298142550231808412e-01 2.298172357501431506e-01 2.298077080993485566e-01
2.255994557955160462e-01 2.255274232191261941e-01 2.257953887089874656e-01 2.254038552181402699e-01 2.257163699763937714e-01
2.266279725776156051e-01 2.266212161272119219e-01 2.265222953887129631e-01 2.266768566710186950e-01 2.265013353141145935e-01
2.317626850891262302e-01 2.318257096472523260e-01 2.315652492070856272e-01 2.318924961365957937e-01 2.315689518883293496e-01
2.255322745559055764e-01 2.256124325743635028e-01 2.255596606163514373e-01 2.255728094656985205e-01 2.256057103709140088e-01
2.333155537332279872e-01 2.333191320363064702e-01 2.333173403558775894e-01 2.333176474201227313e-01 2.333171239933819752e-01
2.296449002361987402e-01 2.295404325400769441e-01 2.299128091159227949e-01 2.293856434089150131e-01 2.298194156741030225e-01
2.322090562660079349e-01 2.321987165466339598e-01 2.320722189113873790e-01 2.322789200816778865e-01 2.320530970612435795e-01
2.320763159581361590e-01 2.321448063397725525e-01 2.318492483887018563e-01 2.322330577920080075e-01 2.318630289519290066e-01
2.296414357970301412e-01 2.297252818193555035e-01 2.296699372121091820e-01 2.296860387367694045e-01 2.297215303633209638e-01
2.332318130041503568e-01 2.332298269758534270e-01 2.332323322462165893e-01 2.332314803888712595e-01 2.332341589633024070e-01
2.254142112677567922e-01 2.253132283017167392e-01 2.256626509271364434e-01 2.251764099253417140e-01 2.255819718912866201e-01
2.317475760993772671e-01 2.317379643782543908e-01 2.316261605592572492e-01 2.318129854057127404e-01 2.316138597479832084e-01
2.264159085362817403e-01 2.264675291232851329e-01 2.262366701049504936e-01 2.265427001842863775e-01 2.262529489985595221e-01
2.254630624681966400e-01 2.255220929826017850e-01 2.254834252875240752e-01 2.254971714540041083e-01 2.255230970322723294e-01
2.295570246550673044e-01 2.295518983785891920e-01 2.295571025161077250e-01 2.295556218919062585e-01 2.295595848349559209e-01
2.149673803321293375e-01 2.149039062462794747e-01 2.151201232149954901e-01 2.148237697393964862e-01 2.150731581886224653e-01
2.269488901131935521e-01 2.269442957481710155e-01 2.268804907863035958e-01 2.269898926143263385e-01 2.268752447983820308e-01
2.170727028751624488e-01 2.170970787200006413e-01 2.169877801279539997e-01 2.171365372536958604e-01 2.169984407134931959e-01
2.162742685059849124e-01 2.162979604718245352e-01 2.162836930440656391e-01 2.162909380601750198e-01 2.163015761152669858e-01
2.245602443683168137e-01 2.245560341521834202e-01 2.245606027954480943e-01 2.245592827218156062e-01 2.245617197221705941e-01
2.043977822555976820e-01 2.043786120038385556e-01 2.044436329133538233e-01 2.043555908046904290e-01 2.044302816515220222e-01
2.225468081868501868e-01 2.225463554351211348e-01 2.225301385604245286e-01 2.225590500696438268e-01 2.225295830693140853e-01
2.128025482078279851e-01 2.128053160216458184e-01 2.127917806803736878e-01 2.128122947478607307e-01 2.127946017466207373e-01
2.296667517305338024e-01 2.296672754411646367e-01 2.296673881484924407e-01 2.296684576248749499e-01 2.296690509700133054e-01
1.956874829833220031e-01 1.956866155285950648e-01 1.956867818185888119e-01 1.956869029120086589e-01 1.956868212663043782e-01
