1.616311428890985710e-02 1.898583803505225764e-02 2.041449520869595760e-02 1.898583802212582688e-02
1.633416143720203828e-01 1.668787251234164493e-01 1.691864237942066473e-01 1.668787249623134294e-01
1.892310859094428477e-01 1.898745984531347297e-01 1.900577267074408105e-01 1.898745980910073461e-01
1.896138591264323325e-01 1.896470991333203404e-01 1.896168839543433127e-01 1.896470989969610277e-01
2.046073408032604568e-01 2.045923490125042266e-01 2.045923394276597529e-01 2.045923489916130766e-01
2.118856554160034877e-01 2.118775433645873618e-01 2.118777199276715706e-01 2.118775433166122935e-01
2.045244567469540753e-01 2.045274858756515046e-01 2.045308472218995699e-01 2.045274855747177267e-01
1.892308973014707740e-01 1.892318970614584317e-01 1.892323713328186163e-01 1.892318962952413419e-01
1.892436820546875009e-01 1.892438014545092806e-01 1.892437831265511294e-01 1.892438008798845162e-01
2.045882214243292252e-01 2.045882132679334164e-01 2.045882137052209560e-01 2.045882132012398769e-01
2.120616192136326461e-01 2.120616057653200714e-01 2.120616083231549598e-01 2.120616056987299214e-01
2.043414018470306737e-01 2.043414210767925121e-01 2.043414504359245543e-01 2.043414207219778900e-01
1.866430649696297350e-01 1.866431102558001598e-01 1.866431608355035854e-01 1.866431088050731213e-01
1.868534221003360085e-01 1.868534351064828902e-01 1.868534470749324550e-01 1.868534338482908119e-01
2.043752925822467925e-01 2.043752947153156252e-01 2.043752949578772071e-01 2.043752951121271810e-01
2.113021911041287337e-01 2.113021922486679194e-01 2.113021928214267042e-01 2.113021920978365720e-01
1.924073718767418395e-01 1.924073876547250372e-01 1.924074057118323744e-01 1.924073866931883259e-01
8.334887811250693557e-02 8.334891561836468843e-02 8.334895744816547825e-02 8.334891775260393210e-02
8.334889814763236926e-02 8.334890801287787865e-02 8.334892096276898255e-02 8.334891310696329603e-02
1.924073835216248141e-01 1.924073852981476596e-01 1.924073880299339567e-01 1.924073894440656851e-01
2.113021972140496918e-01 2.113021962339981796e-01 2.113021973063244907e-01 2.113021965948917447e-01
2.043753082297229129e-01 2.043753088059448442e-01 2.043753115593486547e-01 2.043753108444583133e-01
1.868535667452666804e-01 1.868535682942428222e-01 1.868535708596079092e-01 1.868535694703932770e-01
1.866432372530119066e-01 1.866432386983496172e-01 1.866432413431177439e-01 1.866432418485842737e-01
2.043414292009989031e-01 2.043414294610183257e-01 2.043414295999415320e-01 2.043414297486483566e-01
2.120615848178969975e-01 2.120615847730479009e-01 2.120615847897228956e-01 2.120615848959009619e-01
2.045882119539267630e-01 2.045882124667768032e-01 2.045882116447400312e-01 2.045882120740739329e-01
1.892437543694412416e-01 1.892437552947086599e-01 1.892437563130527356e-01 1.892437589961981081e-01
1.892315181551042502e-01 1.892315184702548780e-01 1.892315188712978824e-01 1.892315192281271985e-01
2.045245143885260908e-01 2.045245144174808460e-01 2.045245145170004608e-01 2.045245145360544137e-01
2.118675715351176769e-01 2.118675715432262185e-01 2.118675715471351750e-01 2.118675715583268893e-01
2.045923389195168085e-01 2.045923389287092331e-01 2.045923389705715245e-01 2.045923389856008912e-01
1.896077021398313855e-01 1.896077021463443146e-01 1.896077022736802065e-01 1.896077022865562123e-01
1.895853806093395488e-01 1.895853806379726170e-01 1.895853807888221720e-01 1.895853807691758874e-01
1.665622539913935996e-01 1.665622540048654898e-01 1.665622540602991475e-01 1.665622540503659266e-01
1.886329647184211561e-02 1.886329647290608744e-02 1.886329647497432538e-02 1.886329647484131719e-02
