1.616310412192311155e-02 1.898582874121514108e-02 2.041449302468070076e-02 1.898582855834662561e-02
1.633412280365697244e-01 1.668783687929009107e-01 1.691861082093225332e-01 1.668783630898097725e-01
1.892268322912446232e-01 1.898704182313863675e-01 1.900536191003157627e-01 1.898704000266094594e-01
1.896098652072008561e-01 1.896431172674794829e-01 1.896129218721534782e-01 1.896430993303207246e-01
2.046071230848116318e-01 2.045921177049712103e-01 2.045921218968526079e-01 2.045921162258121928e-01
2.118856543988585084e-01 2.118775437490496572e-01 2.118777157240583076e-01 2.118775307039170996e-01
2.045206227833138435e-01 2.045236146269474309e-01 2.045269605154994841e-01 2.045234850424750284e-01
1.891853117464558920e-01 1.891864757586431967e-01 1.891867636765750815e-01 1.891860261901132378e-01
1.892002669686928817e-01 1.892008134288185317e-01 1.892000191524378372e-01 1.891997755624616750e-01
2.045858894596484234e-01 2.045857776873172551e-01 2.045858834755098499e-01 2.045858839368400461e-01
2.120612327507483130e-01 2.120613204133574015e-01 2.120614814963225625e-01 2.120609902811693981e-01
2.043066315142641753e-01 2.043063763488853768e-01 2.043069440020360283e-01 2.043069572908044751e-01
1.862613404129362660e-01 1.862602011982059658e-01 1.862601475075085777e-01 1.862605650467673013e-01
1.864809273725229755e-01 1.864810182899070690e-01 1.864804386660595392e-01 1.864801614529741081e-01
2.043498016665603600e-01 2.043520501788384236e-01 2.043501630647551470e-01 2.043468917265262585e-01
2.113189696883011892e-01 2.113179475277153219e-01 2.113199552774391587e-01 2.113193977588310735e-01
1.925554521995272161e-01 1.925487530281087267e-01 1.925573001299401565e-01 1.925632526483505302e-01
8.413696091460254323e-02 8.413010243667455590e-02 8.413506592367389625e-02 8.413821732189823155e-02
8.413927166770356070e-02 8.413241013967188986e-02 8.412710396579058114e-02 8.413344120552299077e-02
1.925565381141585430e-01 1.925556149567510811e-01 1.925532646210650345e-01 1.925522672547574088e-01
2.113198723443403260e-01 2.113217910975623004e-01 2.113198442478588790e-01 2.113212718553440506e-01
2.043471988160786568e-01 2.043469437276663192e-01 2.043475582520055955e-01 2.043474779157730126e-01
1.864556397425729262e-01 1.864561605383724674e-01 1.864586194460970681e-01 1.864588399679633079e-01
1.862344187570334764e-01 1.862345138553120338e-01 1.862366319212890864e-01 1.862370299137886820e-01
2.043054391341335430e-01 2.043058878862722971e-01 2.043060914077671764e-01 2.043066367623007362e-01
2.120610146860146539e-01 2.120609798521169986e-01 2.120606426515794785e-01 2.120609348586353082e-01
2.045839579696781818e-01 2.045842382867826825e-01 2.045818561048034778e-01 2.045821359934338890e-01
1.891848805165053382e-01 1.891848193567657044e-01 1.891953685856322676e-01 1.891957173494810407e-01
1.891882462581658264e-01 1.891888445908542771e-01 1.891894701953444058e-01 1.891916647742185875e-01
2.045216665077194407e-01 2.045217122557304867e-01 2.045220239207140023e-01 2.045219071813317580e-01
2.118676542390252326e-01 2.118676290236926885e-01 2.118676181046368900e-01 2.118676138862677916e-01
2.045920360206034405e-01 2.045920477123370218e-01 2.045920548595012989e-01 2.045920553297152222e-01
1.896030673943217559e-01 1.896030981666635418e-01 1.896031217479257347e-01 1.896031246830617023e-01
1.895805875600020396e-01 1.895805923466290510e-01 1.895806020001566949e-01 1.895806062139707981e-01
1.665618436261413204e-01 1.665618434382952484e-01 1.665618446958069820e-01 1.665618470442909171e-01
1.886328623542366661e-02 1.886328638845816141e-02 1.886328630660591421e-02 1.886328662899777048e-02
