3.599148836199513313e-01 1.857922916983621997e-01 1.600693500264776803e-01 1.857922917122997175e-01
2.350139181854362103e-01 2.276848406456908613e-01 2.267717475371111013e-01 2.276848403036152158e-01
2.101512324669463916e-01 2.294368881208719846e-01 2.338178232327338679e-01 2.294368878120547905e-01
2.211916802083626066e-01 2.195165020765089403e-01 2.207003168403186277e-01 2.195165012779471403e-01
2.278922166851780895e-01 2.206378966956913656e-01 2.187343416986547995e-01 2.206378954136842541e-01
2.219865565089839676e-01 2.188106210286211994e-01 2.158930595497550731e-01 2.188106202745584983e-01
2.256876877980206475e-01 2.254176278654623500e-01 2.214418361735688012e-01 2.254176271940400711e-01
2.235955900733171686e-01 2.277367481231620527e-01 2.292367029066904871e-01 2.277367476612230657e-01
2.290183457459185612e-01 2.282749382441729702e-01 2.283994851911744783e-01 2.282749401366650777e-01
2.246894428036920743e-01 2.228472048410888584e-01 2.219458184937189715e-01 2.228472035645487348e-01
2.178370589525650547e-01 2.173232165042867647e-01 2.168874148557515535e-01 2.173232156429303064e-01
2.196284248553351248e-01 2.197055487023354958e-01 2.197014613641236902e-01 2.197055478197340594e-01
2.201565212847579056e-01 2.199769387324801151e-01 2.197237981060099765e-01 2.199769394471788875e-01
2.191478226788151074e-01 2.191461244171816203e-01 2.190960730644232191e-01 2.191461253781513130e-01
2.202264108566142076e-01 2.203909086388627647e-01 2.205541598132296222e-01 2.203909072598977670e-01
2.177666028157771438e-01 2.180048419052431630e-01 2.182778872344444121e-01 2.180048416450202642e-01
2.239918320479894198e-01 2.242384346076347346e-01 2.245957484211407729e-01 2.242384357652331128e-01
2.291369385055503638e-01 2.286815228464032235e-01 2.282803384404510638e-01 2.286815243336673409e-01
2.289388240397452756e-01 2.289867519018484454e-01 2.289859218078396930e-01 2.289867497455015388e-01
2.237791000782144157e-01 2.240195205168863668e-01 2.242334015615208842e-01 2.240195198500486984e-01
2.176046924083024914e-01 2.177278631830424360e-01 2.178588328605799151e-01 2.177278633876685576e-01
2.196175174206596303e-01 2.196759618421429416e-01 2.197504455784184130e-01 2.196759635888994311e-01
2.183671447732083437e-01 2.182993779973367021e-01 2.182359193967878530e-01 2.182993794664748466e-01
2.185526701508891945e-01 2.185629434405513272e-01 2.185665791281680981e-01 2.185629380327450966e-01
2.194258078199943507e-01 2.194551317775080279e-01 2.194824773582034483e-01 2.194551316605632407e-01
2.175926195924875461e-01 2.175808715330067589e-01 2.175699162872927750e-01 2.175808717969978934e-01
2.243805931880118731e-01 2.243478954848985574e-01 2.243125910619249708e-01 2.243478964904692396e-01
2.306699826877808279e-01 2.307293216118971313e-01 2.307860315022145781e-01 2.307293178430744329e-01
2.296255523598128567e-01 2.296204172847352287e-01 2.296160279152080208e-01 2.296204168391360323e-01
2.253664967851135570e-01 2.253354952896664543e-01 2.253055572625275726e-01 2.253354952051320470e-01
2.184033636212293072e-01 2.183801284480067495e-01 2.183568709519100037e-01 2.183801287490576004e-01
2.192451368531553590e-01 2.192275876837337933e-01 2.192090858190525460e-01 2.192275889923737120e-01
2.138765030978168336e-01 2.139047922906557320e-01 2.139324959274528093e-01 2.139047825473122943e-01
2.219535411577535644e-01 2.219452688063717205e-01 2.219372021072100465e-01 2.219452765522207660e-01
2.396657871990756083e-01 2.396561409135868626e-01 2.396465640864657021e-01 2.396561408891396683e-01
2.029600153732532553e-01 2.029577799638876412e-01 2.029555217808244050e-01 2.029577800142243760e-01
