9.054188501941077272e-01 2.641926897397720575e-01 2.366784912356765525e-01 2.641882398066218163e-01
3.056449113106903259e-01 2.782850577906555434e-01 2.705876835160331839e-01 2.782684326460947988e-01
2.933850804143902091e-01 2.930941431388072171e-01 2.905992291215731549e-01 2.930387332824402336e-01
2.845698437781860046e-01 2.854202104565530806e-01 2.853455873147946464e-01 2.852099261714407530e-01
2.335227461454890685e-01 2.339706620093980616e-01 2.342062766747537716e-01 2.338852203833605425e-01
2.249198957597491888e-01 2.249991136690101534e-01 2.250606160945856082e-01 2.249819339357650716e-01
2.327330667133437059e-01 2.327307728033130296e-01 2.327371142966270512e-01 2.327288397556809552e-01
2.798668676357576324e-01 2.798809396711986475e-01 2.799011500237151284e-01 2.798850107066103154e-01
2.798974706365972009e-01 2.798907095494188035e-01 2.798773005777359102e-01 2.798800162129799207e-01
2.327005775656324493e-01 2.326978716726767205e-01 2.326974304080375033e-01 2.326940955778711018e-01
2.248159925701020134e-01 2.248143299913246684e-01 2.248193924155228174e-01 2.248153571070955759e-01
2.330284399896712100e-01 2.330271050073773609e-01 2.330339422709367114e-01 2.330241633975974613e-01
2.790190505777782048e-01 2.789971831824711312e-01 2.789952196026905806e-01 2.789889783129286260e-01
2.789846058323969258e-01 2.789793981278994028e-01 2.789495457438203041e-01 2.789609592968828045e-01
2.318844032654322762e-01 2.319029578462172558e-01 2.319042167743703975e-01 2.319098937460281895e-01
2.185239166160714841e-01 2.185283693085318946e-01 2.185283629417720253e-01 2.185301891276657804e-01
2.059273625153817122e-01 2.059265660195520875e-01 2.059254445683439128e-01 2.059262884407114524e-01
1.898474126886965374e-01 1.898463982857640509e-01 1.898442809106813955e-01 1.898425901479508515e-01
1.896979341249722117e-01 1.896971082091444272e-01 1.896962735784091247e-01 1.896897503913469174e-01
2.046933518851138112e-01 2.046973346893783963e-01 2.046877499386299815e-01 2.047103319398344556e-01
2.121605065583520577e-01 2.121704854394351192e-01 2.121517902306865044e-01 2.121655226175311326e-01
2.046559763590229120e-01 2.046800893563526791e-01 2.046661330728821448e-01 2.048045014498152128e-01
1.894078194240511048e-01 1.894322252574522636e-01 1.894188181191581721e-01 1.895225068873394036e-01
1.892535825385792958e-01 1.892719182052446381e-01 1.892605230502400482e-01 1.892883450289918057e-01
2.045663842292544665e-01 2.045755759999522139e-01 2.045725414416737775e-01 2.045827085723826155e-01
2.122163339938658577e-01 2.122153839647722418e-01 2.122193041267114721e-01 2.122266665991940082e-01
2.044668861849155972e-01 2.044682301551724590e-01 2.044674174335015526e-01 2.044671430546640134e-01
1.887489050851570427e-01 1.887491944234435115e-01 1.887485267208805217e-01 1.887481154088413993e-01
1.891637523553483247e-01 1.891644071155270668e-01 1.891643429510967145e-01 1.891642214971131775e-01
2.047859553582407899e-01 2.047867774847176858e-01 2.047869931084147777e-01 2.047870836741774725e-01
2.120454160197886573e-01 2.120459491920616002e-01 2.120461311382263181e-01 2.120461046485796197e-01
2.046246759239023771e-01 2.046249363854755476e-01 2.046250623609296437e-01 2.046249996474592270e-01
1.896385968738462380e-01 1.896386625434159368e-01 1.896387314152243875e-01 1.896386942803517939e-01
1.896777080079627698e-01 1.896777116880644931e-01 1.896777258205068761e-01 1.896777180821312137e-01
1.666215110340701633e-01 1.666215098608993250e-01 1.666215133194048625e-01 1.666215118856958222e-01
1.887914320791229256e-02 1.887914331113284619e-02 1.887914473227613604e-02 1.887914430359331763e-02
