3.087942423279331928e-03 3.088190297003703521e-03 3.088263483325459895e-03 3.088263587449431493e-03 3.088190462266290123e-03
4.011086682162817718e-02 4.011331981069792690e-02 4.011416320222593868e-02 4.011416446308495309e-02 4.011332182633804005e-02
1.701682853269618489e-01 1.701722306571155086e-01 1.701721529126468124e-01 1.701721542074287330e-01 1.701722326411884978e-01
1.987461911781200907e-01 1.987477420402796457e-01 1.987470150599560947e-01 1.987470151848685640e-01 1.987477420234636805e-01
1.999999904896073433e-01 1.999999914164335424e-01 1.999999947487205443e-01 1.999999947240832521e-01 1.999999912711321881e-01
1.983524563638946747e-01 1.983523396254848747e-01 1.983526383203409460e-01 1.983526385299750339e-01 1.983523399999078951e-01
1.921366397378705126e-01 1.921389698281335268e-01 1.921398923190366370e-01 1.921398930063167032e-01 1.921389710245068883e-01
1.981849161296317940e-01 1.981890163335782717e-01 1.981888729151843054e-01 1.981888733695206239e-01 1.981890171155780145e-01
1.999108560107573651e-01 1.999125561667898232e-01 1.999118467066233473e-01 1.999118467136819233e-01 1.999125559962658394e-01
1.999998044525443108e-01 1.999998244002429149e-01 1.999998948158405454e-01 1.999998947819901507e-01 1.999998242211904476e-01
1.999116338356047851e-01 1.999114165056457837e-01 1.999117440060209083e-01 1.999117441594417399e-01 1.999114167321998370e-01
1.995321310488765154e-01 1.995343828738952996e-01 1.995352020042520658e-01 1.995352024166563432e-01 1.995343835981671088e-01
1.998886246601362660e-01 1.998933975131930163e-01 1.998929236178606517e-01 1.998929238350723170e-01 1.998933979152326124e-01
1.999904625896864185e-01 1.999947285251136297e-01 1.999950864505976866e-01 1.999950863973120607e-01 1.999947282473706067e-01
2.000059432132753612e-01 1.999976415905788951e-01 1.999982951116366370e-01 1.999982950370226831e-01 1.999976412994710351e-01
2.000827285296763181e-01 2.000121948152939200e-01 1.999944257860957197e-01 1.999944258510145956e-01 2.000121948449982701e-01
2.004327722625243446e-01 2.002312199067972920e-01 1.999880108047172034e-01 1.999880109740210521e-01 2.002312201510013379e-01
2.000478271676467135e-01 2.010552646229545326e-01 2.001392971779079322e-01 2.001392972273428050e-01 2.010552645399434069e-01
1.898589628552219966e-01 2.003584854426106732e-01 2.010157807151942977e-01 2.010157805191278846e-01 2.003584847178923600e-01
2.000020589955155415e-01 2.010147260301657635e-01 2.001151648757305279e-01 2.001151646199851586e-01 2.010147254088502367e-01
2.004523568004504264e-01 2.002499154662273351e-01 2.000090478973054475e-01 2.000090479023289014e-01 2.002499154385208868e-01
2.000867083119394763e-01 2.000167435171279207e-01 1.999983845249399816e-01 1.999983846056702097e-01 2.000167436787872177e-01
2.000006650468599267e-01 1.999955245459926478e-01 1.999950505254868560e-01 1.999950504318415978e-01 1.999955242512544140e-01
1.998701483166562543e-01 1.998873528370666008e-01 1.999004041040607638e-01 1.999004037905263431e-01 1.998873519890653205e-01
1.995035696222567656e-01 1.995174079261454181e-01 1.995331801907767322e-01 1.995331797752780412e-01 1.995174071765976609e-01
1.999062250393693341e-01 1.999080344722055369e-01 1.999110186673664358e-01 1.999110186013109969e-01 1.999080343796912074e-01
1.999999605776256184e-01 1.999999045671361775e-01 1.999999052706706304e-01 1.999999052909981201e-01 1.999999046151690052e-01
1.999093929074090836e-01 1.999127420693268542e-01 1.999125983267213691e-01 1.999125983317807664e-01 1.999127420008204037e-01
1.981688921470286247e-01 1.981842827047525513e-01 1.981970166606996653e-01 1.981970163697788501e-01 1.981842819893799013e-01
1.921126341393919190e-01 1.921259696939177641e-01 1.921419526110123843e-01 1.921419522260070512e-01 1.921259689248386859e-01
1.983478047715649395e-01 1.983496661010729356e-01 1.983526441120726791e-01 1.983526440645275724e-01 1.983496659719188315e-01
1.999999956327829231e-01 1.999999947412571533e-01 1.999999954501502919e-01 1.999999954655764245e-01 1.999999947931618283e-01
1.987453033920404677e-01 1.987485175071677379e-01 1.987484382932798999e-01 1.987484382962090845e-01 1.987485174654584907e-01
1.701660705614249924e-01 1.701810681455085406e-01 1.701937464420046064e-01 1.701937461613238778e-01 1.701810674282716596e-01
4.014732759311391563e-02 4.015954925077729054e-02 4.017374254848139759e-02 4.017374221067432360e-02 4.015954857621031188e-02
3.096162526189653007e-03 3.097254419484620457e-03 3.098485661013365786e-03 3.098485629527908316e-03 3.097254359495597593e-03
