1.744445836554085194e-01 1.744445836478764333e-01 1.744445836570772124e-01 1.744445836595962807e-01 1.744445836497319491e-01
2.213497865290354749e-01 2.213497865074196269e-01 2.213497865100384487e-01 2.213497865030074341e-01 2.213497864701088058e-01
2.037680874713629076e-01 2.037680874308415435e-01 2.037680874206130033e-01 2.037680874041459256e-01 2.037680873717578056e-01
2.004065845248114153e-01 2.004065844916857742e-01 2.004065844736973023e-01 2.004065844570642463e-01 2.004065844349575687e-01
1.999999999920235028e-01 1.999999999779633886e-01 1.999999999568506104e-01 1.999999999450246535e-01 1.999999999354029612e-01
2.000120598578714881e-01 2.000120598464968924e-01 2.000120598318775034e-01 2.000120598243574910e-01 2.000120598143062534e-01
2.000161648794111791e-01 2.000161648586592233e-01 2.000161648525621005e-01 2.000161648447638940e-01 2.000161648274118575e-01
2.000024430551287646e-01 2.000024430345210824e-01 2.000024430326398650e-01 2.000024430319132518e-01 2.000024430248795726e-01
2.000002608087915190e-01 2.000002607985462422e-01 2.000002607954846356e-01 2.000002607969708079e-01 2.000002608012486915e-01
1.999999999803901418e-01 1.999999999819613294e-01 1.999999999772336667e-01 1.999999999826308772e-01 1.999999999914778004e-01
2.000000138958819562e-01 2.000000138985289777e-01 2.000000138954683981e-01 2.000000138996609889e-01 2.000000139050014669e-01
2.000000134753414371e-01 2.000000134711343025e-01 2.000000134677489827e-01 2.000000134661936990e-01 2.000000134690538833e-01
2.000000019192407774e-01 2.000000019175817711e-01 2.000000019214449032e-01 2.000000019182725519e-01 2.000000019233481863e-01
2.000000001855481158e-01 2.000000001882855649e-01 2.000000001947760675e-01 2.000000001906353242e-01 2.000000001992633114e-01
1.999999999836852560e-01 1.999999999855557875e-01 1.999999999962601416e-01 1.999999999914769400e-01 2.000000000027103431e-01
2.000000000099356467e-01 2.000000000106377518e-01 2.000000000227465380e-01 2.000000000164826597e-01 2.000000000254435473e-01
2.000000000117762855e-01 2.000000000119724342e-01 2.000000000219663288e-01 2.000000000190075566e-01 2.000000000233838615e-01
2.000000000027951086e-01 2.000000000022265356e-01 2.000000000143733192e-01 2.000000000106064990e-01 2.000000000163531522e-01
2.000000000071111006e-01 2.000000000063444638e-01 2.000000000198713934e-01 2.000000000132174938e-01 2.000000000188827121e-01
2.000000000195804595e-01 2.000000000188305871e-01 2.000000000284322954e-01 2.000000000242477538e-01 2.000000000264053890e-01
2.000000000268422340e-01 2.000000000222285634e-01 2.000000000267048994e-01 2.000000000288119639e-01 2.000000000335934724e-01
2.000000000127477584e-01 2.000000000090093322e-01 2.000000000118735410e-01 2.000000000101693487e-01 2.000000000150380375e-01
2.000000002143137168e-01 2.000000002152566847e-01 2.000000002175367220e-01 2.000000002155929990e-01 2.000000002151515466e-01
2.000000019402363438e-01 2.000000019401623197e-01 2.000000019455606959e-01 2.000000019412399299e-01 2.000000019395537232e-01
2.000000134741807545e-01 2.000000134725910261e-01 2.000000134804151564e-01 2.000000134755945402e-01 2.000000134755586245e-01
2.000000138886212364e-01 2.000000138904013403e-01 2.000000138945016714e-01 2.000000138908577529e-01 2.000000138893690271e-01
1.999999999800786132e-01 1.999999999824832175e-01 1.999999999809533857e-01 1.999999999785894433e-01 1.999999999777200832e-01
2.000002608007871718e-01 2.000002608048504771e-01 2.000002608036836604e-01 2.000002608034208429e-01 2.000002608061351717e-01
2.000024430550584043e-01 2.000024430627908856e-01 2.000024430630982786e-01 2.000024430631988093e-01 2.000024430672517617e-01
2.000161648772696421e-01 2.000161648869087927e-01 2.000161648904563994e-01 2.000161648942661852e-01 2.000161648964246530e-01
2.000120598465948973e-01 2.000120598515032211e-01 2.000120598515973680e-01 2.000120598619678780e-01 2.000120598624446910e-01
1.999999999736592760e-01 1.999999999822484054e-01 1.999999999784892180e-01 1.999999999809617401e-01 1.999999999839626730e-01
2.004065844487169790e-01 2.004065844570394606e-01 2.004065844603639679e-01 2.004065844634644045e-01 2.004065844706004740e-01
2.037680873633908596e-01 2.037680873698480000e-01 2.037680873758902778e-01 2.037680873770532919e-01 2.037680873856674568e-01
2.213497863985414704e-01 2.213497864028931006e-01 2.213497864074761845e-01 2.213497864127748627e-01 2.213497864165976381e-01
1.744445835458310057e-01 1.744445835460944338e-01 1.744445835507914544e-01 1.744445835556768243e-01 1.744445835547151491e-01
