3.087700617492173793e-03 3.087700583464831217e-03 3.087700707543599311e-03 3.087700835997897290e-03 3.087700784574263710e-03
4.011067783326441316e-02 4.011067734033837984e-02 4.011067877800580245e-02 4.011068028285671300e-02 4.011067971154847617e-02
1.701708221895146533e-01 1.701708217224285336e-01 1.701708231298053875e-01 1.701708246836166893e-01 1.701708240943310968e-01
1.987471078418737436e-01 1.987471078325495077e-01 1.987471078240608535e-01 1.987471078948631620e-01 1.987471078137279801e-01
1.999999957948872809e-01 1.999999957816661900e-01 1.999999956682460001e-01 1.999999955482650305e-01 1.999999955432654186e-01
1.983525855557310702e-01 1.983525854120968546e-01 1.983525855782470038e-01 1.983525857617322863e-01 1.983525857458806330e-01
1.921393452130396307e-01 1.921393450149293802e-01 1.921393456216822226e-01 1.921393462994254175e-01 1.921393461693902682e-01
1.981882460625645770e-01 1.981882460751436814e-01 1.981882464848077896e-01 1.981882469478547792e-01 1.981882468948113207e-01
1.999119718935691015e-01 1.999119720054302607e-01 1.999119718463719386e-01 1.999119716981635764e-01 1.999119717628480009e-01
1.999999044717902796e-01 1.999999045385055241e-01 1.999999043628141182e-01 1.999999041611644490e-01 1.999999041949310774e-01
1.999117311639339312e-01 1.999117311267746833e-01 1.999117312622789022e-01 1.999117313913744975e-01 1.999117313393723450e-01
1.995348578096720060e-01 1.995348577653314470e-01 1.995348582305763174e-01 1.995348586530067692e-01 1.995348584989633522e-01
1.998922526180724746e-01 1.998922526923973542e-01 1.998922529814812221e-01 1.998922532192409229e-01 1.998922531630545341e-01
1.999943798043982424e-01 1.999943799567484026e-01 1.999943798047444099e-01 1.999943795764241028e-01 1.999943795976390493e-01
1.999983565015852061e-01 1.999983566338742746e-01 1.999983564238985434e-01 1.999983561430914714e-01 1.999983561558030254e-01
1.999944507161882379e-01 1.999944507285058015e-01 1.999944507736705901e-01 1.999944508003784760e-01 1.999944507567237573e-01
1.999723301919681950e-01 1.999723301755132465e-01 1.999723304666499446e-01 1.999723307093071445e-01 1.999723305717217015e-01
1.999932789239249331e-01 1.999932789796841082e-01 1.999932791422905920e-01 1.999932792737885157e-01 1.999932791676518884e-01
1.999932785782864431e-01 1.999932787359684772e-01 1.999932785247666434e-01 1.999932782831509992e-01 1.999932782477665538e-01
1.999723276724384435e-01 1.999723278458815645e-01 1.999723275747312401e-01 1.999723272432143428e-01 1.999723272602173252e-01
1.999944502457971229e-01 1.999944503034628007e-01 1.999944502771082433e-01 1.999944502207153529e-01 1.999944502369847554e-01
1.999983570314863290e-01 1.999983570181739778e-01 1.999983572410188870e-01 1.999983573878403031e-01 1.999983573692018513e-01
1.999943799704733960e-01 1.999943801219249973e-01 1.999943800168532682e-01 1.999943799087631480e-01 1.999943798819466545e-01
1.998922520291784577e-01 1.998922522086418185e-01 1.998922517969279056e-01 1.998922515128924993e-01 1.998922514554279384e-01
1.995348530953870436e-01 1.995348532728281887e-01 1.995348528775915398e-01 1.995348524978945715e-01 1.995348525683983409e-01
1.999117301207104513e-01 1.999117301907281652e-01 1.999117301203138797e-01 1.999117300455619806e-01 1.999117300647980100e-01
1.999999043897543183e-01 1.999999043899449713e-01 1.999999044489681466e-01 1.999999045107355988e-01 1.999999045019129063e-01
1.999119718920636113e-01 1.999119719000790607e-01 1.999119719106873527e-01 1.999119719525667138e-01 1.999119719319803201e-01
1.981882457636657269e-01 1.981882458725326979e-01 1.981882455832090495e-01 1.981882453286082091e-01 1.981882453322664217e-01
1.921393412377405130e-01 1.921393413912221293e-01 1.921393410329212958e-01 1.921393406661379422e-01 1.921393407068353598e-01
1.983525845785482911e-01 1.983525846080662347e-01 1.983525845287948952e-01 1.983525844441469399e-01 1.983525844474201549e-01
1.999999954222796972e-01 1.999999954288167459e-01 1.999999954567935334e-01 1.999999954899299437e-01 1.999999954982820127e-01
1.987471079251123818e-01 1.987471079592763035e-01 1.987471079450439104e-01 1.987471079610503566e-01 1.987471079840019694e-01
1.701708264737155085e-01 1.701708265893915606e-01 1.701708262997402854e-01 1.701708260621336843e-01 1.701708261456641447e-01
4.011069250934681807e-02 4.011069261445683598e-02 4.011069233590507099e-02 4.011069208830064098e-02 4.011069217515844665e-02
3.087703356939678137e-03 3.087703365916169129e-03 3.087703343295312118e-03 3.087703326917712755e-03 3.087703333520026502e-03
