3.620462535530443848e-03 8.672404391662173057e-03 1.256911279992016343e-02 8.681084681043125043e-03
5.343489983528649373e-02 7.760463641448769878e-02 1.016650524190660654e-01 7.772326784356230200e-02
8.907895936893024669e-02 1.335976281302941326e-01 1.782001452715805401e-01 1.338561552147526645e-01
1.591352358670465317e-01 1.709031845568427521e-01 1.817319919532597861e-01 1.709666033411211539e-01
2.027516561107287896e-01 2.034002937509968023e-01 2.035337076925560207e-01 2.034011126589274077e-01
2.110350542520249839e-01 2.105217710190381286e-01 2.103823045956241811e-01 2.105238087085183896e-01
1.850423226132552057e-01 1.906019952936995054e-01 1.969505404780673707e-01 1.906484161984663972e-01
1.380071196343895246e-01 1.529798134631758788e-01 1.684146510313351552e-01 1.530870071240011399e-01
1.538742396999186468e-01 1.579025303409093139e-01 1.618726816163656435e-01 1.579411567997473231e-01
2.017390546287267938e-01 2.019498101930789213e-01 2.020467559042432304e-01 2.019561714031009592e-01
2.118954769363854129e-01 2.117151022142661487e-01 2.115400435494702025e-01 2.117146206368499817e-01
1.987348716446341867e-01 1.987892774989899192e-01 1.988727495306289728e-01 1.987661620599200096e-01
1.426178192454057025e-01 1.432131293583532583e-01 1.437668723439107510e-01 1.431631295217742350e-01
1.435849575797811806e-01 1.438197993360052218e-01 1.439939955465090737e-01 1.437931862103289660e-01
2.002041842193443277e-01 2.002636289056398955e-01 2.002917484403816395e-01 2.002633587602649645e-01
2.115963408246613053e-01 2.115592275736276340e-01 2.115342032570781683e-01 2.115695600896710937e-01
1.983534010289656202e-01 1.976999223788415139e-01 1.969984839558658052e-01 1.976457725164790791e-01
1.254523608633618115e-01 1.240063632462898163e-01 1.224398665587598523e-01 1.238863988909325448e-01
1.242221149715429657e-01 1.238672953542563210e-01 1.234414616633453671e-01 1.238181939790662517e-01
1.977106436171889858e-01 1.977153235020762123e-01 1.977247345981859861e-01 1.977431608438814936e-01
2.114957710556648329e-01 2.114968247800840251e-01 2.115111816455604865e-01 2.114607155672771355e-01
1.990804804301548880e-01 1.991656434059972669e-01 1.991830682969800703e-01 1.991431574230372592e-01
1.340484910477221514e-01 1.341820112430270329e-01 1.341774318359282014e-01 1.340887687651867999e-01
1.344858670579873461e-01 1.345935812572492951e-01 1.345342705790096294e-01 1.345351315178709706e-01
1.994490295302841776e-01 1.994642298180898943e-01 1.994373523104933377e-01 1.994388315376108556e-01
2.118791368010688736e-01 2.118782062141837397e-01 2.118915056203693470e-01 2.118717852282508696e-01
2.010923894715137827e-01 2.011844591903918233e-01 2.012067536247378607e-01 2.011377607880443230e-01
1.486091811687243192e-01 1.487472850044167516e-01 1.488624142127970285e-01 1.487298068092797465e-01
1.484694612782004597e-01 1.485058141748890614e-01 1.485304581024745885e-01 1.485151227940863239e-01
2.009643756586609875e-01 2.009797979668256351e-01 2.009630174407339431e-01 2.009544199856504454e-01
2.118123126500582598e-01 2.118209892884370671e-01 2.118232208992999466e-01 2.118204771493859273e-01
2.035388113902174279e-01 2.035421368209431037e-01 2.035661186533130329e-01 2.035378548777565799e-01
1.752866857925265698e-01 1.753130931689931005e-01 1.753467943419140251e-01 1.752963875562875695e-01
1.748156602534127468e-01 1.748269563142765826e-01 1.748254364964660357e-01 1.748077207009646472e-01
1.652141000075994515e-01 1.652164069605694119e-01 1.652134659410466333e-01 1.652098019804721929e-01
1.880680541039693107e-02 1.880686271659600187e-02 1.880676354309819553e-02 1.880640335793769963e-02
