1.883907968422529611e-01 1.894392739361366318e-01 1.890704636565973540e-01 1.890704639185231406e-01 1.894392733607300205e-01
2.250437383451383555e-01 2.268878650871126446e-01 2.255668952061725963e-01 2.255668955856503510e-01 2.268878648649813867e-01
2.081168464467199053e-01 2.087194098209045334e-01 2.081751212281920671e-01 2.081751210506598282e-01 2.087194100260538754e-01
2.180285205263372550e-01 2.135501048544032610e-01 2.150604607164575410e-01 2.150604607895710563e-01 2.135501070332853635e-01
2.009416158929387963e-01 2.004028666365140487e-01 2.002435425095152044e-01 2.002435433073606608e-01 2.004028676184198832e-01
2.147267155060301191e-01 2.173355881252374833e-01 2.152911462723987035e-01 2.152911480913471953e-01 2.173355881457267602e-01
2.029850790395348326e-01 2.081437149344229076e-01 2.033908898351733663e-01 2.033908915973911824e-01 2.081437149816255383e-01
2.062181065481349662e-01 2.068894517632146879e-01 2.053516663495912331e-01 2.053516663108104767e-01 2.068894549917208170e-01
2.234721126535706981e-01 2.117574359691787589e-01 2.150370546026797447e-01 2.150370556194341753e-01 2.117574421348943914e-01
2.037363952429204483e-01 2.015765205135918448e-01 2.009334376917951415e-01 2.009334404609857128e-01 2.015765241602277547e-01
2.167673070653658995e-01 2.221095705962137790e-01 2.167518834037787667e-01 2.167518865023517483e-01 2.221095696843200240e-01
2.022186488095293611e-01 2.117476689560134351e-01 2.028515391604187867e-01 2.028515420455249685e-01 2.117476684678770704e-01
2.106547043172379008e-01 2.101503873427091607e-01 2.079079053231047136e-01 2.079079049373419585e-01 2.101503945919298011e-01
2.320176074732075433e-01 2.105495752380723840e-01 2.159386148828701113e-01 2.159386172590118114e-01 2.105495837116694857e-01
2.082929002503346727e-01 2.034225253219438811e-01 2.019549131537304032e-01 2.019549180611799610e-01 2.034225307075107070e-01
2.191432008576744139e-01 2.295911904018808070e-01 2.185748375424182710e-01 2.185748414707097409e-01 2.295911884382119128e-01
2.010064112396325042e-01 2.162424828502728935e-01 2.026755919780258153e-01 2.026755953920734987e-01 2.162424809793039582e-01
2.174774489426465063e-01 2.130466285762301903e-01 2.116486364292699263e-01 2.116486347606290064e-01 2.130466385132790130e-01
2.543599417118380668e-01 2.088903914611661694e-01 2.164426402424879381e-01 2.164426429571167376e-01 2.088904009393500183e-01
2.103337404122217202e-01 2.046929152798253881e-01 2.029923366392630824e-01 2.029923430090242453e-01 2.046929213795060654e-01
2.209255002032251836e-01 2.321581113213080916e-01 2.202516646014206492e-01 2.202516680321327802e-01 2.321581083577410609e-01
2.016759539470459328e-01 2.123571251645865465e-01 2.015722912319107829e-01 2.015722937199689313e-01 2.123571221588538560e-01
2.203126470801822501e-01 2.161025859327412035e-01 2.137030871014650724e-01 2.137030853205179326e-01 2.161025962321921623e-01
2.254140317687781947e-01 2.080752168271503277e-01 2.106036386713745490e-01 2.106036419613044608e-01 2.080752243686404268e-01
2.087191942787896548e-01 2.060445288973841993e-01 2.038212395985495862e-01 2.038212461774472906e-01 2.060445336811915773e-01
2.216095307718326524e-01 2.247569998306317152e-01 2.192819984900045704e-01 2.192820003468584633e-01 2.247569978880468722e-01
2.008072525789867946e-01 2.054804609703925755e-01 2.007191460206356470e-01 2.007191473505533230e-01 2.054804585363246283e-01
2.192423080222891951e-01 2.176966798912089163e-01 2.158708718545893079e-01 2.158708702191388384e-01 2.176966881528951958e-01
2.134432561405026907e-01 2.069572198504981975e-01 2.065959485235153159e-01 2.065959517609755602e-01 2.069572247667990361e-01
2.073950274231737556e-01 2.061766190087475359e-01 2.046798327419630248e-01 2.046798382082826717e-01 2.061766217130898415e-01
2.207499057382596441e-01 2.205290384009849225e-01 2.188524161787201716e-01 2.188524170285004733e-01 2.205290371324764298e-01
2.002054160185123832e-01 2.013673119407108913e-01 2.001830207356586067e-01 2.001830210086417428e-01 2.013673109485691892e-01
2.194915823713854963e-01 2.190432929505912452e-01 2.181431457881646552e-01 2.181431450362583957e-01 2.190432972950708268e-01
2.110462752248390417e-01 2.099497413298830606e-01 2.090658764226895339e-01 2.090658783247014707e-01 2.099497433715658279e-01
2.276154446226873185e-01 2.273625211265272728e-01 2.268856914832874938e-01 2.268856937755466818e-01 2.273625209391207935e-01
1.935600405462691576e-01 1.933298271033267179e-01 1.933050264668893514e-01 1.933050266551954166e-01 1.933298258685176019e-01
