9.473928800076939979e-03 1.972410078102302539e-02 2.523802513483778404e-02 1.972410033075472011e-02
1.525707386351249362e-01 1.667652136397632934e-01 1.764285817098153741e-01 1.667652080764999156e-01
1.816224834864635929e-01 1.854414561100639069e-01 1.875676670960676473e-01 1.854414438698071266e-01
1.844515024283907845e-01 1.849502585377090225e-01 1.851851276822838455e-01 1.849502554753722217e-01
2.042701830233943083e-01 2.042491452880681180e-01 2.042551463843545190e-01 2.042491451696325233e-01
2.119182366217919611e-01 2.118897016450500825e-01 2.119016180851688858e-01 2.118897015205834511e-01
2.029962727465522698e-01 2.032462223151283998e-01 2.035444213049928397e-01 2.032462195213593503e-01
1.737919031533062819e-01 1.743958955449867454e-01 1.750334077912670816e-01 1.743958891264210942e-01
1.744480973254357581e-01 1.746107541225379034e-01 1.747752414458627890e-01 1.746107525107123970e-01
2.034390012736148334e-01 2.034506456137001873e-01 2.034556693861823973e-01 2.034506455467967045e-01
2.120633822574774230e-01 2.120641840621043661e-01 2.120661589649242285e-01 2.120641840327411876e-01
2.024685897915083910e-01 2.025570228235745729e-01 2.026557170708851441e-01 2.025570219210258982e-01
1.646525385970768751e-01 1.648699924806396599e-01 1.650954055300454804e-01 1.648699903224580265e-01
1.649502185086056671e-01 1.650086745787568421e-01 1.650676852820073537e-01 1.650086740510388617e-01
2.026462355781330771e-01 2.026500341627336388e-01 2.026523138947690927e-01 2.026500341563570451e-01
2.120692916041049259e-01 2.120693926971021492e-01 2.120695627720425858e-01 2.120693927036178539e-01
2.022703848901770129e-01 2.022972495027883233e-01 2.023260296304191519e-01 2.022972493734850608e-01
1.610850845326594061e-01 1.611508093110022299e-01 1.612180398779597401e-01 1.611508090112214187e-01
1.611302851654826951e-01 1.611479149455288806e-01 1.611656518330822352e-01 1.611479149492325291e-01
2.022946767008211855e-01 2.022957465861283943e-01 2.022965260151538547e-01 2.022957466120725023e-01
2.120693450301634753e-01 2.120693091038786948e-01 2.120692612539691324e-01 2.120693091072292924e-01
2.026703112442668209e-01 2.026772651620066534e-01 2.026845272046712831e-01 2.026772653634437982e-01
1.653155591893994136e-01 1.653325924444732364e-01 1.653498710069360167e-01 1.653325929376449066e-01
1.651869926316299753e-01 1.651915630176891692e-01 1.651961512484027839e-01 1.651915632426050051e-01
2.025850088060989485e-01 2.025852761069461272e-01 2.025854957346452101e-01 2.025852761531729829e-01
2.120642652380711479e-01 2.120642360309419328e-01 2.120642008468202055e-01 2.120642360358178380e-01
2.034852357785797983e-01 2.034867179995453745e-01 2.034882415649302834e-01 2.034867182242942052e-01
1.750708463685136107e-01 1.750745121755016565e-01 1.750782118189000147e-01 1.750745127911792209e-01
1.748716578925853804e-01 1.748726507919491635e-01 1.748736468175894621e-01 1.748726513345594813e-01
2.032984711522521359e-01 2.032985323942453348e-01 2.032985874814263738e-01 2.032985325879159977e-01
2.118555208931121869e-01 2.118555094775110559e-01 2.118554965357051234e-01 2.118555094956944551e-01
2.042703980591188684e-01 2.042706063231753966e-01 2.042708184748503186e-01 2.042706064439259450e-01
1.851636398073495393e-01 1.851641766334405637e-01 1.851647172180385381e-01 1.851641770964246037e-01
1.849956097127490873e-01 1.849957708467881989e-01 1.849959338179512913e-01 1.849957717791989587e-01
1.661452100887731986e-01 1.661452289999224008e-01 1.661452485281327551e-01 1.661452293884927989e-01
1.884594717064301192e-02 1.884594848083043228e-02 1.884594986661190102e-02 1.884594850470016486e-02
