1.885440887667425847e-01 1.886259041861872987e-01 1.884767629550348211e-01 1.882883792225490405e-01 1.883200963490372359e-01
2.621304300029789758e-01 2.624134240904142934e-01 2.617034493622389935e-01 2.609100322848919018e-01 2.611212903276470820e-01
2.929961184930813811e-01 2.939294706383583367e-01 2.915661778944583227e-01 2.889896404975841326e-01 2.897270478588910292e-01
2.444319036535775314e-01 2.452735628722189365e-01 2.429556456850668344e-01 2.404919539145254082e-01 2.411328972485400346e-01
2.126799908850219023e-01 2.128854409082827914e-01 2.123352461083847509e-01 2.117860545403580652e-01 2.118920066142358505e-01
2.029365839135023608e-01 2.029671168398632375e-01 2.028675510140784677e-01 2.027796689654016160e-01 2.028253253133641409e-01
2.004622006682418023e-01 2.004679215482384480e-01 2.004795187584240690e-01 2.004961789418965856e-01 2.004950483427429542e-01
1.999981783924082435e-01 1.999986004118204930e-01 2.000124873250193336e-01 2.000281530461935076e-01 2.000103038962711410e-01
1.998527288080534647e-01 1.998549021235484224e-01 1.998459766964029993e-01 1.998295065689896233e-01 1.997945173561389287e-01
1.997694693583898229e-01 1.997783291994472687e-01 1.997777912322055149e-01 1.998538342795597167e-01 1.998252353582234131e-01
1.999354369321462432e-01 1.999477422841793028e-01 1.999640704759080290e-01 2.000380825239271299e-01 2.000241633809005659e-01
2.002397711501860689e-01 2.002457351108453965e-01 2.002271493575289163e-01 2.002387607127553981e-01 2.002373287953778669e-01
2.002502590085896705e-01 2.002228876425050930e-01 2.001343667811107119e-01 2.000670263331055521e-01 2.000814812784416086e-01
1.996000165004150062e-01 1.997349593468511764e-01 1.996787357097437321e-01 1.997789077032188776e-01 1.998051238202813440e-01
1.996779619371919501e-01 1.999994080903045035e-01 2.002075367905783720e-01 2.002962238109931570e-01 2.002653675231819974e-01
2.002499380329560985e-01 2.002713303469491890e-01 2.002807358454077036e-01 2.002565873086058768e-01 2.003324733609598285e-01
2.004565685626258364e-01 2.003195699586994838e-01 2.001118712536523181e-01 2.000844204485637545e-01 2.003052596000921004e-01
1.997040257967705457e-01 2.008861039233350576e-01 2.001013322898656521e-01 2.000986463883908661e-01 2.008956231729878972e-01
1.893747070056563675e-01 2.001497612276165183e-01 2.010189192724373131e-01 2.010211752005120200e-01 2.001620465282298311e-01
1.997767748986848113e-01 2.009656882912540243e-01 2.001643975648477736e-01 2.001693501270107867e-01 2.009746156223180258e-01
2.003945842646467634e-01 2.002605009947412973e-01 2.000601780859618539e-01 2.000613638305518971e-01 2.002604420591623802e-01
2.001183625690115264e-01 2.000682458746001480e-01 2.000650497865409105e-01 2.000628525382618927e-01 2.000606008015170523e-01
2.000785951084150527e-01 2.000705478701952367e-01 2.000791595764514763e-01 2.000767790484075659e-01 2.000682660599661100e-01
2.000987659160086696e-01 2.000951415846139447e-01 2.000937411339721583e-01 2.000907395756728879e-01 2.000835080842362224e-01
1.999263384547197708e-01 1.999101814350447703e-01 1.998963244799785155e-01 1.998927249785802662e-01 1.998926986978991904e-01
1.993016398391628530e-01 1.992728525487748592e-01 1.992492019551924121e-01 1.992413459127696240e-01 1.992500192341846721e-01
1.996840905857192872e-01 1.996673295184021035e-01 1.996760597421952943e-01 1.996794013940437484e-01 1.996826811274412528e-01
1.994526877523113140e-01 1.994776777330615758e-01 1.995150401650229166e-01 1.995255988964593497e-01 1.995148267604829606e-01
1.953602448413914172e-01 1.953845983934315578e-01 1.953723019626461277e-01 1.953653212023936658e-01 1.953792020374033600e-01
1.639781273023472596e-01 1.639450256582915266e-01 1.637371797864631551e-01 1.636562203726595055e-01 1.638111501670972414e-01
8.131406833121979094e-02 8.125132267032650346e-02 8.097531908764414588e-02 8.087402902558152307e-02 8.108632352266970100e-02
1.645166144080507931e-01 1.644881721147092857e-01 1.643894503653721140e-01 1.643592881079123103e-01 1.644388338374599412e-01
1.941729490081181009e-01 1.941709104256417184e-01 1.941590946393275674e-01 1.941552786717312129e-01 1.941660093653233554e-01
1.678122113118019620e-01 1.678195623474167120e-01 1.678346836047284463e-01 1.678386881424498434e-01 1.678287090963391515e-01
3.317403005887960277e-02 3.318023593116380815e-02 3.319589965849182450e-02 3.320041550240614148e-02 3.318883155593765899e-02
1.763138357999264163e-03 1.763540882215579525e-03 1.764180078122788362e-03 1.764270013549093128e-03 1.763853431729920599e-03
