2.795629668805612103e-02 2.795629663528188466e-02 2.795629655814020967e-02 2.795629648705695233e-02 2.795629649617099519e-02
1.714622954349337425e-01 1.714622946551071503e-01 1.714622953969251740e-01 1.714622961378095278e-01 1.714622958058833468e-01
2.006103314734992982e-01 2.006103302043172887e-01 2.006103307621852072e-01 2.006103307463304730e-01 2.006103298875256402e-01
2.002484049311214209e-01 2.002484010796037328e-01 2.002484008930229820e-01 2.002484013497163873e-01 2.002483992767864762e-01
2.000238863389079413e-01 2.000238808313103966e-01 2.000238857393898395e-01 2.000238880242619643e-01 2.000238752180119595e-01
1.998560989176819958e-01 1.998560839062862027e-01 1.998560842638641144e-01 1.998560804817343939e-01 1.998560633566603961e-01
1.999768719494603719e-01 1.999768483742080938e-01 1.999768482597588104e-01 1.999768255284034291e-01 1.999767983708765073e-01
2.000126873355267954e-01 2.000126608342382983e-01 2.000126733662552225e-01 2.000126166085447466e-01 2.000125630895989715e-01
1.999957794227574803e-01 1.999957143577256180e-01 1.999957283347379988e-01 1.999956318696590740e-01 1.999955493432060694e-01
1.999676050870801691e-01 1.999674111943511023e-01 1.999673635873944200e-01 1.999672623048443232e-01 1.999671909285422600e-01
1.999372968860055055e-01 1.999370778451425024e-01 1.999369286940268775e-01 1.999368394447510189e-01 1.999367686645262543e-01
1.999187480648584592e-01 1.999204666513059725e-01 1.999212609283056441e-01 1.999212032373386960e-01 1.999197299088225910e-01
1.999028955296142940e-01 1.999159026211088097e-01 1.999288720167261002e-01 1.999283900365274314e-01 1.999134029597980922e-01
1.998831900824343533e-01 1.999037257792175837e-01 1.999297711201434291e-01 1.999275653881786574e-01 1.998987206307220599e-01
1.999803091844869207e-01 1.999801481500100564e-01 1.999934657023952622e-01 1.999857014039279068e-01 1.999683805441264950e-01
2.000833941510303526e-01 2.000213112219314249e-01 2.000082017672974999e-01 1.999981710710173333e-01 2.000058180666305641e-01
2.003883777842467018e-01 2.002408914891910530e-01 2.000388204519277513e-01 2.000419091727078658e-01 2.002447141675078313e-01
1.994968205217232393e-01 2.007740497339872698e-01 2.001268154136454369e-01 2.001272401282544744e-01 2.007700912447338004e-01
1.886260425424442499e-01 1.994781024143775228e-01 2.005634376467066438e-01 2.005570030819269489e-01 1.994671711590576824e-01
1.995792542262016522e-01 2.008300682016075367e-01 2.001272851411493026e-01 2.000816337766886666e-01 2.007580315253791603e-01
2.003741362641387191e-01 2.002026531133002940e-01 1.999766966045289085e-01 1.999708242881716169e-01 2.001819819625551000e-01
2.000247938715771223e-01 1.999444255422814787e-01 1.999495747094172660e-01 1.999717935185117423e-01 1.999749059234429138e-01
1.992978352807696363e-01 1.993355303597474093e-01 1.994214900638963950e-01 1.994240940144005048e-01 1.993367422813050183e-01
1.971120254329699062e-01 1.972162938202235150e-01 1.973659107609228025e-01 1.973658530001174416e-01 1.972144491548126211e-01
1.991693897918407896e-01 1.992346383103658358e-01 1.993106723511122169e-01 1.993141685987125378e-01 1.992404098824856196e-01
1.996696254538324888e-01 1.996732680649357661e-01 1.996762108529243074e-01 1.996757546766135816e-01 1.996744857361457959e-01
1.965552620646974780e-01 1.965560483471856246e-01 1.965529989132071831e-01 1.965329022848514573e-01 1.965314049434224997e-01
1.667099434905008060e-01 1.668219908537742213e-01 1.668078898186965142e-01 1.666688112684118761e-01 1.666098467550972684e-01
7.880022602996586412e-02 7.891695097039622131e-02 7.889417313067953463e-02 7.875681281164247094e-02 7.870158852962248763e-02
1.560224312245490352e-01 1.560443819117235398e-01 1.560440064138911564e-01 1.560268611276260375e-01 1.560168567831567710e-01
1.940451521066691443e-01 1.940550838610841378e-01 1.940654284750332470e-01 1.940654996643612074e-01 1.940546047637851379e-01
1.996178404476956214e-01 1.996179832699505607e-01 1.996184273332669845e-01 1.996186408763646059e-01 1.996183486278183261e-01
1.984404223856366389e-01 1.984415515639875449e-01 1.984404745748228893e-01 1.984376338927000272e-01 1.984375318506575170e-01
1.694024740006006002e-01 1.694064674950850335e-01 1.694078597726765834e-01 1.694043061297600128e-01 1.694013042671810299e-01
4.280036097910643045e-02 4.280158118607583356e-02 4.280269900843922115e-02 4.280200626166330569e-02 4.280065479809796319e-02
3.643388174929885689e-03 3.642824607419178559e-03 3.642033781194603612e-03 3.642038737766891202e-03 3.642860047381671004e-03
