1.808042521991357066e-01 1.792209996975523689e-01 1.802059915974653648e-01 1.802059858633560940e-01 1.792210036898716219e-01
2.233111973922219662e-01 2.229062985240711503e-01 2.231332918315591107e-01 2.231332902985017630e-01 2.229063039974013838e-01
2.047742080963842748e-01 2.061208225608208155e-01 2.052858823227108331e-01 2.052858890809800829e-01 2.061208299197357374e-01
2.048925815820643870e-01 2.066628567439728337e-01 2.054393324149265676e-01 2.054393475829637827e-01 2.066628561472237668e-01
2.005396991330650747e-01 2.002418405093356335e-01 2.002460880430853574e-01 2.002460917910782456e-01 2.002418404939059204e-01
2.109624936588756494e-01 2.030645421459617850e-01 2.077063933001648821e-01 2.077063751023607852e-01 2.030645635525308301e-01
2.019069944001067318e-01 2.024491256077676493e-01 2.018363241917991435e-01 2.018363244942342760e-01 2.024491418490984296e-01
2.004296910944283472e-01 2.051864719239097634e-01 2.020848542252142443e-01 2.020848654816889689e-01 2.051864947747328860e-01
2.057522709111659354e-01 2.075428606901900674e-01 2.052059418168864224e-01 2.052059737601938938e-01 2.075428537262341555e-01
2.035526951721392808e-01 2.010787361339464174e-01 2.010457156908577736e-01 2.010457290560400678e-01 2.010787342538031819e-01
2.161902538332388102e-01 2.058499907374543580e-01 2.103345713570712872e-01 2.103345494602799903e-01 2.058500158049357820e-01
2.020629607365483360e-01 2.087234199790212186e-01 2.027181412405621996e-01 2.027181421174562292e-01 2.087234422524784638e-01
2.036522638484432324e-01 2.100041642407302345e-01 2.048430592300321818e-01 2.048430632857654865e-01 2.100042038551936385e-01
2.262367148754831636e-01 2.083383197356956373e-01 2.109324315872415923e-01 2.109324673410398754e-01 2.083383101880693089e-01
2.199337825629596455e-01 2.035520333025647166e-01 2.030709218811173611e-01 2.030709512909164294e-01 2.035520266053231775e-01
2.241636720020036277e-01 2.303968527738889105e-01 2.140450851437516178e-01 2.140450618588992937e-01 2.303968703458394163e-01
2.021392334380665845e-01 2.496886721084218830e-01 2.099037616556287122e-01 2.099037639673357325e-01 2.496886937557638020e-01
2.211184138936914678e-01 2.178113390101210911e-01 2.139410822986616278e-01 2.139410811280334779e-01 2.178113862081001717e-01
4.283673167041591734e-01 2.054579889502299306e-01 2.464174025378672028e-01 2.464174387528668131e-01 2.054579774161372219e-01
2.211211793701177708e-01 2.091089904998567894e-01 2.105620938624669647e-01 2.105621236640524696e-01 2.091089893861073079e-01
2.222499227332682126e-01 2.533594211791554418e-01 2.237123372613851191e-01 2.237123199015047803e-01 2.533594288362287505e-01
2.058018883158866941e-01 2.284670928155150826e-01 2.020025498155111343e-01 2.020025548635896728e-01 2.284671084345056002e-01
2.243566510044849305e-01 2.159324049776057963e-01 2.105300146824900798e-01 2.105300021500315089e-01 2.159324555077576924e-01
2.260341120076521937e-01 2.079433694074362404e-01 2.106675904272437561e-01 2.106676204777652994e-01 2.079433585795838202e-01
2.068968391549910468e-01 2.054591740437771152e-01 2.050596693565860662e-01 2.050597040108436409e-01 2.054591719000938010e-01
2.220425607493670406e-01 2.152434634445666850e-01 2.175473315185605661e-01 2.175473184650325020e-01 2.152434566567860696e-01
2.011571185779449378e-01 2.043668755232530554e-01 2.005084744034384969e-01 2.005084769612710538e-01 2.043668826567303087e-01
2.127690693581622550e-01 2.159562350269393916e-01 2.124162892024225868e-01 2.124162761332050453e-01 2.159562551789128981e-01
2.055252476036421028e-01 2.068295963762109280e-01 2.048043176765168283e-01 2.048043427434931285e-01 2.068295875882911194e-01
2.051379038577235414e-01 2.045530655572520007e-01 2.047041809884243002e-01 2.047042069643564555e-01 2.045530593993790947e-01
2.199034355222705406e-01 2.124249949398603343e-01 2.167654077275311397e-01 2.167653947825497474e-01 2.124250064293365936e-01
2.001835358675007059e-01 2.005390826584713404e-01 2.001038521374899071e-01 2.001038531358735328e-01 2.005390841019383252e-01
2.144627620702698745e-01 2.164044908704301773e-01 2.150147907454450225e-01 2.150147839220079571e-01 2.164045015162439356e-01
2.080577517741617199e-01 2.091232445981547061e-01 2.083392758794193056e-01 2.083392845030690999e-01 2.091232422189973628e-01
2.264589576586219233e-01 2.259737269612502597e-01 2.262407262105564365e-01 2.262407365766577472e-01 2.259737231731796525e-01
1.909557644737419624e-01 1.893566767030598896e-01 1.903326326661690937e-01 1.903326304145410708e-01 1.893566746959502722e-01
