1.882823543640563813e-01 1.883451064794741392e-01 1.881549519258808867e-01 1.879721529595553275e-01 1.880409901196390399e-01
2.614754909124847315e-01 2.617644188186477039e-01 2.609630602006755562e-01 2.601793246808463134e-01 2.604604827697147296e-01
2.960769290490088412e-01 2.969312530626585511e-01 2.942393007240250991e-01 2.917112897559996365e-01 2.927205541499516284e-01
2.436185842049828354e-01 2.443882065219938060e-01 2.416224078260622854e-01 2.391167824378504225e-01 2.401440050998003006e-01
2.121145658083784524e-01 2.123103249946147464e-01 2.115343591375425658e-01 2.108277781428197495e-01 2.111248064400236268e-01
2.033975339289877116e-01 2.034787641361284760e-01 2.032348160407461690e-01 2.029997910375642978e-01 2.030894117160758350e-01
2.035377334324329768e-01 2.035677293403743149e-01 2.034630763011102961e-01 2.033503454931655241e-01 2.033783406891317702e-01
2.124805650347467711e-01 2.125310920786535329e-01 2.123835946962740751e-01 2.121857998904727594e-01 2.122327229384661784e-01
2.418081937906356726e-01 2.420319921072759395e-01 2.415577794574140791e-01 2.409647470652709067e-01 2.410869006277649995e-01
2.857769229826977453e-01 2.860342181194903133e-01 2.853245753254977646e-01 2.845810496133503453e-01 2.848093513916897246e-01
2.417350965848706346e-01 2.418138259512974952e-01 2.413849807129961889e-01 2.410175111879103993e-01 2.411928218129227308e-01
2.123260592042595374e-01 2.123305419871151511e-01 2.122171682272730731e-01 2.121082425554070561e-01 2.121610005891454154e-01
2.029917012302464574e-01 2.029920277675177631e-01 2.029569699860706566e-01 2.029265266446121652e-01 2.029332576941342836e-01
2.006212391669328354e-01 2.006071120945458197e-01 2.006029702520531754e-01 2.006045943726019742e-01 2.005941499145457996e-01
2.002416564862285753e-01 2.002286283818390245e-01 2.002168093476882071e-01 2.002195386117214815e-01 2.002126743139838183e-01
2.000996901825852214e-01 2.000834571560429764e-01 2.000813223797860974e-01 2.000598196212674262e-01 2.000614485494670858e-01
2.000449467000603720e-01 2.000220541839808630e-01 2.000214076547549846e-01 1.999668552114956255e-01 2.000210924321873251e-01
2.000492156886122253e-01 2.000750844115541938e-01 2.000588230270875234e-01 2.001053058824824871e-01 2.001200535309594630e-01
2.001188486709478964e-01 2.001595715763747896e-01 2.001782488506089475e-01 2.002238505113579925e-01 2.002275385131060959e-01
2.000044611880547607e-01 2.000171590141089639e-01 2.000106460199430891e-01 2.000102514751131433e-01 1.999995718975296488e-01
1.995764841229710762e-01 1.995988345976636713e-01 1.995942645467101428e-01 1.995673383878229235e-01 1.995353395171034772e-01
1.995368178905319589e-01 1.995536179170218638e-01 1.995553771929613751e-01 1.995417803309266769e-01 1.995519286623598509e-01
1.998265928401100344e-01 1.998154719356355080e-01 1.998195627484129488e-01 1.998317296268130594e-01 1.998398637925207222e-01
2.000675720342318664e-01 2.000590003957618268e-01 2.001086378853696446e-01 2.001271080993846652e-01 2.001047877769256966e-01
2.000433950377791259e-01 2.000316953432728917e-01 1.999956443657800176e-01 1.999451931333608157e-01 1.999508305648455553e-01
1.990566531477501733e-01 1.990516904507783069e-01 1.990146523033129999e-01 1.990272263737566105e-01 1.990276613714661857e-01
1.995597231035994013e-01 1.996801703198090305e-01 1.996589984682153318e-01 1.997042707433156761e-01 1.997072959879120368e-01
1.996268849684349755e-01 1.997219765914510226e-01 1.997481831520770690e-01 1.997685235289557160e-01 1.997682017392828080e-01
1.961774631613595887e-01 1.962002915047249274e-01 1.961100200332509258e-01 1.960608090284366722e-01 1.961237520526791789e-01
1.657251346735698350e-01 1.657196056512051929e-01 1.650734838841654284e-01 1.646883287138318219e-01 1.650967690444482272e-01
8.060919244383801807e-02 8.060493069619617534e-02 7.992386428312339697e-02 7.950952824788419526e-02 7.993590656642686476e-02
1.652152323990271343e-01 1.652187526570765286e-01 1.650961267759681328e-01 1.650168454696511466e-01 1.650904099692544202e-01
1.962002811341610198e-01 1.962010535143953183e-01 1.961932253114722358e-01 1.961877189259223775e-01 1.961922290443427752e-01
2.001439332995587350e-01 2.001442156559571361e-01 2.001467212795805251e-01 2.001482926549416064e-01 2.001468098616472069e-01
1.712132631212291700e-01 1.712133184503747407e-01 1.712192594445377525e-01 1.712230011458069356e-01 1.712193665033347190e-01
2.784680653401448713e-02 2.784683845427115070e-02 2.784998671857995961e-02 2.785192228716263860e-02 2.784997117660784408e-02
