3.088853595663939525e-03 3.088996540540873883e-03 3.088945788271148067e-03 3.088945987693936246e-03 3.088996553070245520e-03
4.011660671135301726e-02 4.011792958058373049e-02 4.011737276750056841e-02 4.011737461151030498e-02 4.011793031115906683e-02
1.701716850397722858e-01 1.701742031311190562e-01 1.701728369600226110e-01 1.701728428834435036e-01 1.701742064893412842e-01
1.987475546458473685e-01 1.987483311867508096e-01 1.987475849963309671e-01 1.987475975931129457e-01 1.987483474824403296e-01
2.000011830005603286e-01 2.000001551509957010e-01 2.000004117718683083e-01 2.000004044831566463e-01 2.000001395776293267e-01
1.983530111852799260e-01 1.983514956466057577e-01 1.983519462383692977e-01 1.983519470101324789e-01 1.983514359442040409e-01
1.921342422805351891e-01 1.921355814028017361e-01 1.921363217721314132e-01 1.921363452999725885e-01 1.921354973221656715e-01
1.981854490074541897e-01 1.981884965177111990e-01 1.981883497284795681e-01 1.981883564784207574e-01 1.981884378559883308e-01
1.999122030827019669e-01 1.999119305329062346e-01 1.999113390282103997e-01 1.999113564872750104e-01 1.999120033810866115e-01
2.000005422989241666e-01 1.999989463001178858e-01 1.999991372870071615e-01 1.999991392187467076e-01 1.999989485053879357e-01
1.999116911390696749e-01 1.999102933791938597e-01 1.999107013146517453e-01 1.999107132644541152e-01 1.999102339970612319e-01
1.995314736725709304e-01 1.995332158535772504e-01 1.995338701451140895e-01 1.995339048674310556e-01 1.995330618545312074e-01
1.998885360788429932e-01 1.998933318352214827e-01 1.998925463468659569e-01 1.998925859193301513e-01 1.998930902349916883e-01
1.999910769963557655e-01 1.999949247252609807e-01 1.999948396855731336e-01 1.999948888480306275e-01 1.999947430795144254e-01
2.000065265683003690e-01 1.999980172585646421e-01 1.999983649550483855e-01 1.999983702903438409e-01 1.999978713562030053e-01
2.000827313712992550e-01 2.000122877569225632e-01 1.999944047997787300e-01 1.999943744563161818e-01 2.000122094029974928e-01
2.004328463348796774e-01 2.002312474791035635e-01 1.999879352604668759e-01 1.999879135462326596e-01 2.002312015242771193e-01
2.000487806455276962e-01 2.010556060461561323e-01 2.001392045534580999e-01 2.001392166521525351e-01 2.010554816689266444e-01
1.898613044339966527e-01 2.003595620856557513e-01 2.010156800590099935e-01 2.010156437345867741e-01 2.003594093589211311e-01
2.000044767283669089e-01 2.010162061089811603e-01 2.001156571182084731e-01 2.001156105497916005e-01 2.010161630024052959e-01
2.004527808970997804e-01 2.002502245453066654e-01 2.000091574739997491e-01 2.000091589230910960e-01 2.002501961034281741e-01
2.000867210712507227e-01 2.000167583605054755e-01 1.999983822307316861e-01 1.999983886223031249e-01 2.000167413857799337e-01
2.000008281951808631e-01 1.999954973649196166e-01 1.999950315129405964e-01 1.999950376347925662e-01 1.999954838275992686e-01
1.998711633801849019e-01 1.998876639506381170e-01 1.999002022578791893e-01 1.999001745365028282e-01 1.998876185240917314e-01
1.995052567210715000e-01 1.995185389007808896e-01 1.995336543111514704e-01 1.995336212465278203e-01 1.995184814517421967e-01
1.999065271072845151e-01 1.999082828733626804e-01 1.999111407429738085e-01 1.999111292380714722e-01 1.999082616108340260e-01
1.999999650954652208e-01 1.999999070284758929e-01 1.999999064753813505e-01 1.999999062989811227e-01 1.999999067728835400e-01
1.999095209720583299e-01 1.999126927948733923e-01 1.999125754894707230e-01 1.999125754447277359e-01 1.999126892300198965e-01
1.981697576505179192e-01 1.981844771134572969e-01 1.981967264073841717e-01 1.981966995511226515e-01 1.981844302178379091e-01
1.921139326660869506e-01 1.921267412938455210e-01 1.921420906610753210e-01 1.921420572990357734e-01 1.921266795752105128e-01
1.983480312111024213e-01 1.983498435423337036e-01 1.983527020841132915e-01 1.983526919787548803e-01 1.983498233441817193e-01
1.999999968993314003e-01 1.999999959162390428e-01 1.999999966755104663e-01 1.999999967351171193e-01 1.999999959860956356e-01
1.987453711535536460e-01 1.987484186564208999e-01 1.987483606154030746e-01 1.987483598480582758e-01 1.987484157035804555e-01
1.701658013420674076e-01 1.701801392707077698e-01 1.701923202963132875e-01 1.701922977013400617e-01 1.701800935734375797e-01
4.014369760004971727e-02 4.015540500261426810e-02 4.016902062283529695e-02 4.016899676016697646e-02 4.015536208428963083e-02
3.095412858458893024e-03 3.096456811798611441e-03 3.097637551167929312e-03 3.097636018045987847e-03 3.096454119788928129e-03
