6.144375856891860462e-05 1.983311538712132817e-03 3.163565368415293191e-03 1.983311589063905481e-03
8.987651104189560772e-03 1.978870860968028750e-02 2.873757552175911639e-02 1.978870905075345160e-02
8.296639127816535231e-02 1.034331810287791448e-01 1.207265033957459349e-01 1.034331810763449572e-01
1.584865247046265968e-01 1.651836335215977336e-01 1.689250144492753514e-01 1.651836297339644155e-01
2.021577112870603377e-01 2.030811021199573629e-01 2.031257342697457280e-01 2.030811001601641186e-01
2.118800063808954914e-01 2.108309518894032897e-01 2.102726579425609754e-01 2.108309515296814263e-01
1.942940078649852687e-01 1.923650894949347767e-01 1.909373395506005211e-01 1.923650890808588088e-01
1.440083270385695280e-01 1.426469545545811235e-01 1.413139677116167225e-01 1.426469538057056341e-01
1.467309875776168226e-01 1.465223074212831655e-01 1.461852836868860472e-01 1.465223065170742078e-01
2.010875820445721107e-01 2.011189620454897631e-01 2.011107678369860596e-01 2.011189615236856632e-01
2.120354977398402896e-01 2.119911263532727741e-01 2.119704867057961017e-01 2.119911260653039031e-01
2.014229645976684524e-01 2.009939432696269124e-01 2.005720091952088169e-01 2.009939426439587284e-01
1.517030006674389975e-01 1.508078696275939878e-01 1.498970783012265884e-01 1.508078686057618689e-01
1.510292827700673579e-01 1.508003154226663922e-01 1.505627487340806259e-01 1.508003154305417037e-01
2.013635169219459009e-01 2.013539606386763048e-01 2.013459041353473367e-01 2.013539606671586601e-01
2.120020623461658649e-01 2.120047358468222787e-01 2.120099209466966006e-01 2.120047357106413233e-01
2.022910428004058569e-01 2.022331278411810540e-01 2.021737965493586031e-01 2.022331275657852923e-01
1.609464739210361151e-01 1.608008766106792109e-01 1.606527597795116835e-01 1.608008760236876167e-01
1.608482776694154515e-01 1.608090237216419083e-01 1.607691341164493026e-01 1.608090230279787258e-01
2.022627237546028023e-01 2.022605131058598793e-01 2.022587313132055975e-01 2.022605128030490751e-01
2.120051616072858025e-01 2.120071196928646484e-01 2.120094762031550784e-01 2.120071195548635656e-01
2.013585510424808767e-01 2.013715527752311107e-01 2.013846613082938275e-01 2.013715525740080448e-01
1.510239911970917004e-01 1.510505378651178510e-01 1.510770550816991908e-01 1.510505371064055358e-01
1.512772848723477059e-01 1.512838080178717792e-01 1.512902932533590761e-01 1.512838077874118781e-01
2.015284185280203921e-01 2.015285646475996340e-01 2.015287068955036176e-01 2.015285645151365379e-01
2.120518594941355472e-01 2.120522293197578678e-01 2.120526443185823950e-01 2.120522292516719420e-01
2.010661987686059859e-01 2.010760042155201599e-01 2.010858991705706533e-01 2.010760043091371907e-01
1.462650497442302966e-01 1.462877089610427339e-01 1.463104311178513861e-01 1.462877106624062840e-01
1.461000089681634140e-01 1.461059471237610985e-01 1.461118924339154523e-01 1.461059534917363845e-01
2.009009685035607340e-01 2.009012452493211531e-01 2.009015102363633509e-01 2.009012479241697735e-01
2.118465781802957582e-01 2.118465364428658571e-01 2.118464945160922208e-01 2.118465364640362003e-01
2.030911137242298603e-01 2.030933871253327028e-01 2.030956755397582969e-01 2.030933874847419551e-01
1.697998356812187304e-01 1.698054330933740363e-01 1.698110474736521935e-01 1.698054381683632152e-01
1.692586551051611099e-01 1.692603032122862727e-01 1.692619727787042505e-01 1.692603215242064474e-01
1.647185868465756153e-01 1.647187724474526438e-01 1.647189669734007711e-01 1.647187805932315841e-01
1.878669568350720132e-02 1.878670862867794916e-02 1.878672231739446016e-02 1.878670919335957701e-02
