1.889786401813047245e-01 1.889906792719956152e-01 1.889879370388471702e-01 1.889790757797207843e-01 1.889656575804800898e-01
2.650167454819290502e-01 2.650525449329733663e-01 2.650137076078117881e-01 2.650025154155244977e-01 2.649102508582190096e-01
3.046624398469199302e-01 3.047663778058882222e-01 3.046896517842120344e-01 3.046650875158398719e-01 3.043645334537282698e-01
2.836720916086528099e-01 2.837228561078978806e-01 2.836811836243567364e-01 2.837105658650613260e-01 2.833905005015679990e-01
3.157045775784804165e-01 3.157067457913872999e-01 3.156914341891896014e-01 3.155732040237499980e-01 3.155982557925380294e-01
2.830739161947958271e-01 2.830973516814135338e-01 2.831671005166619959e-01 2.828044504658120961e-01 2.831082257676404978e-01
3.021610907139515301e-01 3.021478179775613504e-01 3.022193419578055318e-01 3.020125196538986367e-01 3.019860246631437817e-01
2.560431827942746819e-01 2.558556301149907952e-01 2.557176771902459067e-01 2.560111599248285907e-01 2.553913576053380985e-01
2.532212221526043416e-01 2.529112271418597069e-01 2.526613976102664028e-01 2.532133344556095622e-01 2.523888395985089406e-01
2.901210433529519683e-01 2.899178234253324549e-01 2.894940840595418008e-01 2.897604624855411037e-01 2.891872667039777078e-01
2.425976137372196639e-01 2.425663175279526573e-01 2.422033090203217498e-01 2.421648490895449979e-01 2.420035688047200706e-01
2.124038040213838685e-01 2.124150773000764714e-01 2.123095680702131172e-01 2.122713192103682367e-01 2.122700350359202071e-01
2.032116538767303193e-01 2.032043746451031585e-01 2.031435664646740469e-01 2.031206252433522541e-01 2.031512119477824618e-01
2.013914575904317827e-01 2.013581294056697446e-01 2.012538097804299209e-01 2.012224309776070308e-01 2.013018016851142178e-01
2.037112808078959114e-01 2.035957039239865429e-01 2.032803887076515825e-01 2.031988439332291785e-01 2.034629355091090996e-01
2.137356510486708994e-01 2.133463957217355267e-01 2.123053682649706786e-01 2.120718979316924269e-01 2.129769082024300098e-01
2.445906896065747071e-01 2.432699805091468881e-01 2.399626925129289545e-01 2.392455838793101364e-01 2.421182656016350743e-01
2.877436524295823861e-01 2.840667472260567927e-01 2.797408441583153493e-01 2.788770499097994460e-01 2.826570440821850605e-01
2.571160668680499972e-01 2.419401029295466521e-01 2.382131900946107272e-01 2.377689190449099876e-01 2.412141888387792643e-01
2.132575426864414536e-01 2.116203458149995831e-01 2.114761960304829824e-01 2.113118896104295708e-01 2.112746806073797501e-01
2.027907557157690444e-01 2.028541356356844683e-01 2.026893103932209672e-01 2.026436243617652511e-01 2.027363601715847230e-01
2.005899625097984085e-01 2.006052868438787107e-01 2.005377946883778462e-01 2.005239406537413227e-01 2.006149713545373192e-01
2.002269039584053667e-01 2.002290280204308270e-01 2.001948304205763418e-01 2.001768974424022185e-01 2.002437321954396166e-01
2.001169591214394528e-01 2.001315712100965871e-01 2.001301251857909580e-01 2.001043623534187743e-01 2.001306588970359623e-01
2.000963146672043447e-01 2.001115180123273496e-01 2.001247702217437974e-01 2.001825201758470341e-01 2.001844630373834921e-01
2.001541945302637848e-01 2.001693259797503732e-01 2.001735289385505323e-01 2.002086109976762285e-01 2.001757395259665673e-01
2.001104944098381078e-01 2.001019710509170380e-01 2.001094896394303435e-01 2.001284220929757107e-01 2.001265977762525794e-01
1.999128660625753284e-01 1.999098238719401177e-01 1.999072236771139988e-01 1.999109011131396108e-01 1.999278632188856153e-01
1.996742548990488031e-01 1.996759499144014349e-01 1.996745749515577706e-01 1.996726068375138385e-01 1.996733221891784926e-01
1.995889151336331657e-01 1.995895018041051461e-01 1.995891446673354053e-01 1.995885658618768987e-01 1.995883830113917290e-01
1.996524320058726265e-01 1.996526440723592755e-01 1.996526567912721983e-01 1.996525550405303939e-01 1.996524958959582097e-01
2.000253349989538909e-01 2.000253460016246654e-01 2.000253805970759191e-01 2.000254155364993847e-01 2.000254627421849118e-01
2.003575526280184649e-01 2.003575766093036725e-01 2.003575763533640142e-01 2.003575597142423226e-01 2.003575677312856573e-01
2.007417864224959048e-01 2.007417949745361196e-01 2.007417900765441354e-01 2.007417804497275138e-01 2.007417821450857287e-01
1.715869159318271220e-01 1.715869171627701084e-01 1.715869137147687518e-01 1.715869096084937373e-01 1.715869116413279993e-01
2.799589952713842089e-02 2.799589915162154982e-02 2.799589851573809629e-02 2.799589803943274349e-02 2.799589874300625197e-02
