2.795061721820738324e-02 2.795061726138191663e-02 2.795061732181109565e-02 2.795061732726847673e-02 2.795061727536149107e-02
1.714457206633166197e-01 1.714457213589749285e-01 1.714457219406955168e-01 1.714457219312667813e-01 1.714457213150982762e-01
2.005916754880286978e-01 2.005916775782986827e-01 2.005916804667709774e-01 2.005916804328391201e-01 2.005916774424362503e-01
2.002266553012480299e-01 2.002266542545280970e-01 2.002266566255691826e-01 2.002266565562553780e-01 2.002266541202959160e-01
1.999999982445492541e-01 1.999999948692716134e-01 1.999999957995651778e-01 1.999999957257935224e-01 1.999999947544984780e-01
1.998321028386985665e-01 1.998321268014033036e-01 1.998321357667212916e-01 1.998321357382970564e-01 1.998321267769073151e-01
1.999545587377762890e-01 1.999547476957608538e-01 1.999548669631510955e-01 1.999548669403383994e-01 1.999547476474048124e-01
1.999971804864433822e-01 1.999977622594978355e-01 1.999984653590826389e-01 1.999984652783869943e-01 1.999977620981174264e-01
1.999984225012679528e-01 1.999984633349101426e-01 1.999993740460919711e-01 1.999993738956200307e-01 1.999984631988052652e-01
2.000000071422105286e-01 1.999991751136456219e-01 1.999998360833411815e-01 1.999998359633698153e-01 1.999991750356134301e-01
1.999913224842736204e-01 1.999972720595873665e-01 1.999997710740058221e-01 1.999997710417917574e-01 1.999972720525351189e-01
1.999168567595913382e-01 1.999672816367127071e-01 1.999984096119508670e-01 1.999984096062605576e-01 1.999672815552844263e-01
1.996333499344765949e-01 1.997945476614865490e-01 1.999805895360779462e-01 1.999805894389530825e-01 1.997945474138229649e-01
1.995532745689204690e-01 1.995807845183297791e-01 1.998350312499517223e-01 1.998350310227616222e-01 1.995807843034991813e-01
2.000913390436357964e-01 1.997937664406423675e-01 1.999790841016110821e-01 1.999790839224007966e-01 1.997937662961526140e-01
1.983577274646170507e-01 1.994580885354582112e-01 1.999981947339038169e-01 1.999981946649824482e-01 1.994580884569564505e-01
1.804984618620668890e-01 1.930375519035507914e-01 1.997039940991317541e-01 1.997039940838969130e-01 1.930375517267634566e-01
9.766495396546918950e-02 1.511137654819362519e-01 1.957828053561067594e-01 1.957828052517574247e-01 1.511137651420941530e-01
5.900431631936515738e-04 8.556078019734243700e-02 1.623582845018258780e-01 1.623582842385482561e-01 8.556078002116403181e-02
9.765873398436941688e-02 1.511005580577547969e-01 1.957574050027804657e-01 1.957574047938674400e-01 1.511005581063138703e-01
1.804975541265944339e-01 1.930352118791360261e-01 1.996993375482991051e-01 1.996993374757640993e-01 1.930352119618072015e-01
1.983581725486622815e-01 1.994580934769821512e-01 1.999984713632246280e-01 1.999984713608344289e-01 1.994580935182932724e-01
2.000886053374045237e-01 1.997888077823548880e-01 1.999749656598670544e-01 1.999749656016885924e-01 1.997888078104557708e-01
1.994602899950580488e-01 1.994769361953900033e-01 1.997222072422088768e-01 1.997222069473456874e-01 1.994769360264135316e-01
1.991915500286377816e-01 1.993428811532261813e-01 1.995168496807251390e-01 1.995168493711230728e-01 1.993428808877733271e-01
1.998329608507605215e-01 1.998819554880267024e-01 1.999107713279020815e-01 1.999107712157159322e-01 1.998819554288931710e-01
1.999915557403301458e-01 1.999974791502506510e-01 1.999999940655584063e-01 1.999999940531446418e-01 1.999974791812146602e-01
1.999139633402421679e-01 1.999106396412127229e-01 1.999114619356697209e-01 1.999114618809491872e-01 1.999106396726839652e-01
1.982013138886021264e-01 1.981898610120103876e-01 1.981812635730988703e-01 1.981812632860181222e-01 1.981898608340846024e-01
1.921590093457103687e-01 1.921496020218373679e-01 1.921383178790014579e-01 1.921383175754721728e-01 1.921496016729597467e-01
1.983560481808751275e-01 1.983548410993123678e-01 1.983527261088725568e-01 1.983527260192527453e-01 1.983548409884494101e-01
1.999999678537159042e-01 1.999999902959469777e-01 1.999999999901497516e-01 1.999999999918038174e-01 1.999999903181486349e-01
1.987486544647473485e-01 1.987462383428757196e-01 1.987463020840446459e-01 1.987463020366387056e-01 1.987462383758900608e-01
1.701783317571644860e-01 1.701670734660512274e-01 1.701575620294264735e-01 1.701575618056615502e-01 1.701670733439110406e-01
4.010021445392038947e-02 4.009104099721379211e-02 4.008039002044321703e-02 4.008038985649888669e-02 4.009104084215437541e-02
3.084576556337583104e-03 3.083756668515766179e-03 3.082832626753092761e-03 3.082832616777468268e-03 3.083756661104124566e-03
