1.881591938851313872e-02 1.881590633545308922e-02 1.881582387662416103e-02 1.881584777221145810e-02
1.655691309526952093e-01 1.655690713770464340e-01 1.655679851228271660e-01 1.655680649628145651e-01
1.794941014822384606e-01 1.794939197987293622e-01 1.794917833327545897e-01 1.794919003047179551e-01
1.798803082262707964e-01 1.798802270155804572e-01 1.798805128783926288e-01 1.798803394968800928e-01
2.037599446901902644e-01 2.037599329308466545e-01 2.037603739795932067e-01 2.037602533893858314e-01
2.112531103432579160e-01 2.112530589758624955e-01 2.112529756277639892e-01 2.112530405275777901e-01
1.936157689796050574e-01 1.936145215941979802e-01 1.936119596881245297e-01 1.936131626034520159e-01
8.936549282829682472e-02 8.936272587794641398e-02 8.935807538027365493e-02 8.936086086735341161e-02
8.916760798405076738e-02 8.916728902989222438e-02 8.917054376012793770e-02 8.917124740633064484e-02
1.935339290145716984e-01 1.935343503017756817e-01 1.935369852321981721e-01 1.935367540740274284e-01
2.112366719486841460e-01 2.112372967588866945e-01 2.112385614490182584e-01 2.112376358710848501e-01
2.012888661845526062e-01 2.012940938028585092e-01 2.012977122145934161e-01 2.012920619139328127e-01
1.566052668311218032e-01 1.566127093559523675e-01 1.566112417836719728e-01 1.566027473574372608e-01
1.570126041482944879e-01 1.569999431330293405e-01 1.569666849159431499e-01 1.569764539893583610e-01
2.016147962252946846e-01 2.016047201913724329e-01 2.015839677102118366e-01 2.015890630534256656e-01
2.117808199234517963e-01 2.117818837095806761e-01 2.117796860598653852e-01 2.117770071034083268e-01
1.984113633914769137e-01 1.984520823273140944e-01 1.984838687163722748e-01 1.984475420093195219e-01
1.244692054368645162e-01 1.245548457750377258e-01 1.246137370205647604e-01 1.245300331902307878e-01
1.244581426688209508e-01 1.244898207472105861e-01 1.244510183873302339e-01 1.244166654171870584e-01
1.983995259551885326e-01 1.984046462177161685e-01 1.983909714828309967e-01 1.983854453165865284e-01
2.118157477927591348e-01 2.118179322154998823e-01 2.118341451228223649e-01 2.118352767789004609e-01
2.028017549378086093e-01 2.028086714148585323e-01 2.028217232246688484e-01 2.028194935656124076e-01
1.687686009227088446e-01 1.687826042806090110e-01 1.687973022479418717e-01 1.687868148107454225e-01
1.684916345232958801e-01 1.684962964250887041e-01 1.684947747917376337e-01 1.684906204271856001e-01
2.025586862493076734e-01 2.025592564621571112e-01 2.025565895430232743e-01 2.025557192751853974e-01
2.112521536579760606e-01 2.112518846095136626e-01 2.112513495976057476e-01 2.112513271633066902e-01
1.928466986948383366e-01 1.928456761870143144e-01 1.928467855849131107e-01 1.928474053944215505e-01
8.488714109717059031e-02 8.488517021046805555e-02 8.488859678518585750e-02 8.489023906547941978e-02
8.498823797404196634e-02 8.498772085088783512e-02 8.499149890797697005e-02 8.499196645451227716e-02
1.928573544358461733e-01 1.928573615287087484e-01 1.928587692582552637e-01 1.928588104158957817e-01
2.111726856622122006e-01 2.111726985279275270e-01 2.111727343957099656e-01 2.111727300714126010e-01
2.041575184194675818e-01 2.041574727869970296e-01 2.041574959341981299e-01 2.041575780797255657e-01
1.845020736579993381e-01 1.845019215287575509e-01 1.845021790796076977e-01 1.845023606144079176e-01
1.841940017600837698e-01 1.841939538098809892e-01 1.841944596554369040e-01 1.841945144527002975e-01
1.660311112182910886e-01 1.660311053723999841e-01 1.660313217143389308e-01 1.660313290934500030e-01
1.883817851874640403e-02 1.883817814841614452e-02 1.883819338209079264e-02 1.883819412519415273e-02
