2.148913571508655196e-01 2.019447718389490720e-01 1.992887381391406920e-01 2.019447717943268494e-01
2.400261960561311247e-01 2.387806923769824619e-01 2.392795225427506445e-01 2.387806922253826181e-01
2.225520186656789190e-01 2.233607391505056383e-01 2.238182150941105675e-01 2.233607393470018743e-01
2.154093543888477569e-01 2.153815908455734840e-01 2.154713312715903217e-01 2.153815906267750324e-01
2.201835076332795127e-01 2.199462569483011665e-01 2.198703982434692950e-01 2.199462567671204294e-01
2.186689390800060084e-01 2.185563658170164292e-01 2.184222745625886697e-01 2.185563657079851729e-01
2.255897522561670920e-01 2.255771051077994360e-01 2.254038868430187359e-01 2.255771050090565055e-01
2.296233212489212361e-01 2.297931101550272637e-01 2.298706891495607973e-01 2.297931105872522139e-01
2.311004094218100102e-01 2.310625856297765512e-01 2.310758013033617775e-01 2.310625851140719611e-01
2.244430684058590364e-01 2.243649476389946440e-01 2.243231116087705257e-01 2.243649474823921630e-01
2.175865525818081181e-01 2.175639049131814495e-01 2.175380973590833877e-01 2.175639048739569648e-01
2.197575964801033177e-01 2.197586246480734973e-01 2.197510865232533139e-01 2.197586246921390540e-01
2.195969645410974502e-01 2.195956033515382710e-01 2.195921032341090484e-01 2.195956032892333043e-01
2.190841650757567038e-01 2.190816420048616042e-01 2.190809233819244750e-01 2.190816417906029101e-01
2.202016620176740769e-01 2.202051653643442852e-01 2.202089260608049992e-01 2.202051652392819914e-01
2.179404716297392852e-01 2.179492415694485874e-01 2.179582809231435381e-01 2.179492415923659776e-01
2.245787306828827268e-01 2.245886481320539529e-01 2.246022908669763063e-01 2.245886483291572033e-01
2.298765802190726459e-01 2.298583596508362858e-01 2.298426651065502979e-01 2.298583585791154626e-01
2.298679467245461905e-01 2.298693949667339476e-01 2.298694527257942599e-01 2.298693957793894738e-01
2.245711682672085485e-01 2.245809073179300397e-01 2.245895362314972166e-01 2.245809072217629931e-01
2.179343764554998453e-01 2.179397046719148967e-01 2.179451616366886446e-01 2.179397047434900314e-01
2.201801765700413249e-01 2.201829211537064956e-01 2.201863043970658518e-01 2.201829214402887813e-01
2.190638168575358702e-01 2.190604820622999160e-01 2.190574533113217037e-01 2.190604806144172967e-01
2.195527916379380329e-01 2.195531849015259496e-01 2.195533732835184548e-01 2.195531863559965213e-01
2.197510385654158904e-01 2.197525317297109593e-01 2.197539082657006260e-01 2.197525317677333223e-01
2.175739802639312659e-01 2.175736591026783961e-01 2.175733404965740914e-01 2.175736592629222144e-01
2.244182476056605646e-01 2.244169554438894820e-01 2.244155676167904623e-01 2.244169556853105874e-01
2.311435161116426051e-01 2.311458814090203706e-01 2.311481674844109713e-01 2.311458812048578226e-01
2.298615837194209477e-01 2.298613885519636690e-01 2.298612306463292398e-01 2.298613888914646797e-01
2.255633650362747211e-01 2.255621090869213419e-01 2.255608882007209826e-01 2.255621092124183713e-01
2.185376313697545703e-01 2.185366612557183841e-01 2.185356858382074274e-01 2.185366613280952108e-01
2.198810071168712521e-01 2.198802536170650079e-01 2.198794618190769989e-01 2.198802535956983772e-01
2.151992846358539435e-01 2.152004990369283666e-01 2.152016933813227229e-01 2.152005001362925218e-01
2.233555526592412022e-01 2.233551993399338631e-01 2.233548543004891529e-01 2.233551985703541298e-01
2.402083285005262303e-01 2.402079129848820604e-01 2.402075002464683084e-01 2.402079130407808460e-01
2.030090003107029584e-01 2.030089039317529431e-01 2.030088064065766751e-01 2.030089039473367551e-01
