1.807896767602593380e-01 1.791154385164021590e-01 1.801499957130981433e-01 1.801499966974331735e-01 1.791154390944713626e-01
2.233064754590741163e-01 2.227911582011102565e-01 2.231089148189524529e-01 2.231089158216300883e-01 2.227911592695424881e-01
2.047364014697512224e-01 2.060804860971784391e-01 2.052498989744719338e-01 2.052498999181431028e-01 2.060804898586566236e-01
2.044122240094625731e-01 2.066420913537630466e-01 2.052608394216887122e-01 2.052608393133385223e-01 2.066420923127700038e-01
2.002489098153527047e-01 2.002110237822402328e-01 2.002250173684174128e-01 2.002250187243764801e-01 2.002110230675080149e-01
2.109002598340548595e-01 2.024253942667874895e-01 2.076459295769517988e-01 2.076459364270504815e-01 2.024253955396948801e-01
2.018480177440734047e-01 2.014184582946962898e-01 2.016612747230932534e-01 2.016612774945419073e-01 2.014184613017587500e-01
2.000206719810483924e-01 2.049429304287139486e-01 2.018972948225649655e-01 2.018972924051145867e-01 2.049429407466797914e-01
2.022369159867151989e-01 2.075339304402978313e-01 2.041546773368010381e-01 2.041546766067121599e-01 2.075339338109941645e-01
2.013452453886574456e-01 2.008332476075129491e-01 2.008729372082719566e-01 2.008729424759237991e-01 2.008332465111558884e-01
2.157825726350276196e-01 2.022079567655116483e-01 2.101137005891092202e-01 2.101137145321709532e-01 2.022079574688810388e-01
2.019543691402636565e-01 2.029767803474732679e-01 2.017098594356695751e-01 2.017098641469254050e-01 2.029767850995099210e-01
2.010350106369902801e-01 2.090059651523976936e-01 2.039792712682205189e-01 2.039792643390356264e-01 2.090059824193361282e-01
2.093113567483972925e-01 2.083289621207699283e-01 2.059785456951427063e-01 2.059785453958022095e-01 2.083289690558775831e-01
2.144221889098208433e-01 2.025473905485629389e-01 2.022289651864510873e-01 2.022289755169201508e-01 2.025473901878276917e-01
2.289261068782613151e-01 2.208331751472043802e-01 2.129979388748626801e-01 2.129979578275151275e-01 2.208331755693709597e-01
2.076741491312900922e-01 2.498673179740467931e-01 2.103406113113658049e-01 2.103406168851269520e-01 2.498673228217707931e-01
2.075751333619901551e-01 2.232190512637881874e-01 2.170584004673347389e-01 2.170583901979089847e-01 2.232190721374156805e-01
5.786149074984030527e-01 2.001649441360376647e-01 2.611012160046617403e-01 2.611012167840022213e-01 2.001649530921615072e-01
2.076163945278275136e-01 2.144940519156030290e-01 2.137490847977849551e-01 2.137490983675658374e-01 2.144940522998221577e-01
2.278033797176515218e-01 2.534766314795220965e-01 2.241576763780804560e-01 2.241576952096982767e-01 2.534766330431406089e-01
2.105536962761705988e-01 2.190921359073658425e-01 2.009809023593846222e-01 2.009809075699986181e-01 2.190921386577598662e-01
2.188011170331561339e-01 2.149357546377965167e-01 2.096682122619627497e-01 2.096682011776356269e-01 2.149357729304004205e-01
2.093086808362867868e-01 2.079381802439175253e-01 2.058270814855348019e-01 2.058270846990776226e-01 2.079381888992770655e-01
2.043061449262131291e-01 2.044431129812427639e-01 2.042559328494094883e-01 2.042559469108043702e-01 2.044431132736364010e-01
2.219619195129366729e-01 2.095261260186902785e-01 2.165750757555180150e-01 2.165750895040705615e-01 2.095261304219724063e-01
2.007277632390478961e-01 2.009234159810615039e-01 2.003205056939296458e-01 2.003205087853415778e-01 2.009234171751002329e-01
2.105268636525765569e-01 2.157155905182103484e-01 2.122323761320411006e-01 2.122323664021800727e-01 2.157156041713232109e-01
2.022355252197603481e-01 2.068260650433147996e-01 2.038825475733463399e-01 2.038825532200448931e-01 2.068260714066308958e-01
2.047537305016738918e-01 2.042938962020417748e-01 2.045728038032584295e-01 2.045728151666125205e-01 2.042938961256340613e-01
2.198716847573239652e-01 2.114372948902877025e-01 2.166263477593349529e-01 2.166263548947692519e-01 2.114372993962271574e-01
2.001027248404503855e-01 2.000884923486757894e-01 2.000811855361600555e-01 2.000811864844541099e-01 2.000884925990376595e-01
2.141426423256278522e-01 2.163679067135967915e-01 2.149832131883361586e-01 2.149832080764016162e-01 2.163679124349741356e-01
2.077691281374038357e-01 2.091043858744155159e-01 2.082754990584594346e-01 2.082755027813712745e-01 2.091043891999947169e-01
2.264392458197622138e-01 2.259240828722312022e-01 2.262416796571450062e-01 2.262416842465377331e-01 2.259240826943516023e-01
1.909536222353193924e-01 1.892802632455317935e-01 1.903139231619911387e-01 1.903139250811850813e-01 1.892802633031498150e-01
