7.047613708402829984e-05 2.429007566545779862e-03 4.331452459708364650e-03 2.429007505531075722e-03
9.414284665044266379e-03 2.484893332422149007e-02 3.933236010669768912e-02 2.484893269268709931e-02
9.253861083457232128e-02 1.231799883797974893e-01 1.514168655341364134e-01 1.231799869964645550e-01
1.736767020685811291e-01 1.830474966917541302e-01 1.895537260587077388e-01 1.830474963058050797e-01
2.033465167210839197e-01 2.044532423134229893e-01 2.045452128201789288e-01 2.044532422240789848e-01
2.118815645717746499e-01 2.108831974523371622e-01 2.104110337152405585e-01 2.108831974082676641e-01
1.960580216129087505e-01 1.961540549472950701e-01 1.970265844506701169e-01 1.961540550526300608e-01
1.810524504138547597e-01 1.845886505910355746e-01 1.883748007219157306e-01 1.845886508388654423e-01
1.870729028121915216e-01 1.881679192801146150e-01 1.891525618844232537e-01 1.881679192018252122e-01
2.044109491835787995e-01 2.045236311453898503e-01 2.045531701829972071e-01 2.045236310701554205e-01
2.120582467393166692e-01 2.120114336051047155e-01 2.119868690432533953e-01 2.120114335594855959e-01
2.039484449679282163e-01 2.040801503162108788e-01 2.042687362127492967e-01 2.040801504876554595e-01
1.883563405963809279e-01 1.888489704002872804e-01 1.893661766582238892e-01 1.888489708393054911e-01
1.889138395318656072e-01 1.890562343627380792e-01 1.891930392295727847e-01 1.890562345159707003e-01
2.045577581706863324e-01 2.045700737155376758e-01 2.045757517341364462e-01 2.045700737276303638e-01
2.120695446185322519e-01 2.120665882502811017e-01 2.120645035179555271e-01 2.120665882039302896e-01
2.045359789550232621e-01 2.045589439838905454e-01 2.045862735052488557e-01 2.045589440319584840e-01
1.892010729866643592e-01 1.892678791225158308e-01 1.893369859113525067e-01 1.892678793365183965e-01
1.892597472473910303e-01 1.892785172709253450e-01 1.892970333402504424e-01 1.892785174331320375e-01
2.045854927888251518e-01 2.045869456973022082e-01 2.045878542667288191e-01 2.045869457488974641e-01
2.120700259293859247e-01 2.120697686786125746e-01 2.120695230337681647e-01 2.120697686856020392e-01
2.045877422270585555e-01 2.045910216409238258e-01 2.045946442106021945e-01 2.045910216897841583e-01
1.893345021940790185e-01 1.893433687433753176e-01 1.893524435668915429e-01 1.893433689406785747e-01
1.893410068957305792e-01 1.893434682840860195e-01 1.893459213230613836e-01 1.893434685406418794e-01
2.045920929167053814e-01 2.045922709533322392e-01 2.045924038902315334e-01 2.045922710392137911e-01
2.120697661584294569e-01 2.120697366729893396e-01 2.120697040769762565e-01 2.120697366750274038e-01
2.045936216072155867e-01 2.045940440978347152e-01 2.045944932595796517e-01 2.045940441671048327e-01
1.893622021618573681e-01 1.893633204385722912e-01 1.893644566616262959e-01 1.893633207639969784e-01
1.893608425989344035e-01 1.893611531236419621e-01 1.893614640696876794e-01 1.893611536611114754e-01
2.045361322365177315e-01 2.045361546600314717e-01 2.045361736967710453e-01 2.045361548977829569e-01
2.118678671808154335e-01 2.118678633825603619e-01 2.118678590104920989e-01 2.118678634128223770e-01
2.045925562467299508e-01 2.045925977448996014e-01 2.045926410029122178e-01 2.045925978585905747e-01
1.896135406675402146e-01 1.896136532682634879e-01 1.896137673732736784e-01 1.896136536420872376e-01
1.895918342414984470e-01 1.895918683925703618e-01 1.895919031702355262e-01 1.895918688699257393e-01
1.665628364063471423e-01 1.665628404563281595e-01 1.665628447181234650e-01 1.665628406484147284e-01
1.886331737672715392e-02 1.886331765306711525e-02 1.886331795994156471e-02 1.886331767139754617e-02
