1.744424389463901381e-01 1.744424267822609620e-01 1.744424032048308426e-01 1.744424018192999026e-01 1.744424173836759406e-01
2.213819735632397423e-01 2.213819536656202736e-01 2.213819270703621944e-01 2.213819307403536440e-01 2.213819340392541579e-01
2.038126419125179667e-01 2.038126179041659658e-01 2.038126200913804864e-01 2.038126318422111283e-01 2.038126006192137463e-01
2.004525346775008210e-01 2.004525132415387878e-01 2.004525282008894627e-01 2.004525368411854136e-01 2.004524711814694715e-01
2.000447138464118424e-01 2.000446758327530938e-01 2.000446830291169042e-01 2.000446825071680312e-01 2.000445842620361125e-01
2.000420940119418400e-01 2.000419824257880508e-01 2.000421432199224192e-01 2.000422826299570744e-01 2.000420702978113474e-01
2.000039480244310830e-01 2.000037416015711667e-01 2.000032155029921599e-01 2.000031911397932016e-01 2.000029656178034798e-01
1.999332836822263759e-01 1.999329450675104425e-01 1.999313733443882635e-01 1.999301841059181184e-01 1.999309945731007898e-01
1.998898853712990087e-01 1.998883333684922381e-01 1.998879739108370135e-01 1.998849244295366478e-01 1.998875511512044345e-01
1.999006855179340236e-01 1.998985526046577477e-01 1.999037637282088664e-01 1.998912079060787272e-01 1.998919813189527217e-01
1.999513962080428642e-01 1.999674175416737421e-01 1.999786600970990258e-01 1.999544554281090791e-01 1.999251257910553137e-01
1.999812513475419384e-01 1.999699141704247563e-01 1.999725130511047499e-01 1.999582630239993553e-01 1.999367650083227754e-01
1.999276797514494830e-01 1.998924461549490272e-01 1.998944166495172092e-01 1.998925571156735526e-01 1.998954525857113695e-01
2.000370247786311118e-01 2.000145993330030292e-01 1.999976022991569458e-01 1.999778851144810576e-01 1.999490110675667676e-01
1.999980348150820764e-01 1.999974158101597010e-01 1.999757649814674632e-01 1.999759762197992896e-01 1.999585857068976735e-01
1.999568608929147284e-01 1.999560956650251187e-01 1.999484197976777178e-01 1.999487985516492927e-01 1.999465679963704778e-01
1.987462271974119732e-01 1.988149311901037108e-01 1.986192738721327677e-01 1.984402713378422833e-01 1.984809575600674780e-01
1.941344642635172701e-01 1.943171851000202732e-01 1.941472819022200813e-01 1.938769655324100449e-01 1.938576522991749818e-01
1.987426076533060082e-01 1.988534532235553820e-01 1.988510632268282174e-01 1.987521490741631092e-01 1.986863283659981716e-01
1.997879854425182455e-01 1.997894454135829556e-01 1.997882654496077603e-01 1.997929631529373473e-01 1.997917557339033146e-01
1.972989831980669628e-01 1.973983967633532455e-01 1.970852296063811959e-01 1.969179635309332710e-01 1.970568288019519387e-01
1.706079877177906212e-01 1.713172064574523534e-01 1.688967020952551745e-01 1.669605265777999448e-01 1.680318244347547840e-01
8.544704747376458132e-02 8.687350690277841070e-02 8.462864842676540156e-02 8.194353602731688224e-02 8.244764105365236240e-02
1.690021580832483661e-01 1.699471557229453589e-01 1.698007249413998609e-01 1.688050182300881996e-01 1.682998632035410946e-01
1.967214706177506378e-01 1.968276120816970232e-01 1.968320302143576617e-01 1.967436850700379214e-01 1.966706401632620227e-01
1.986734547921914507e-01 1.986822221585803072e-01 1.986690009464537054e-01 1.986745414456375369e-01 1.986748245242249966e-01
1.986775328454271350e-01 1.987179846469915301e-01 1.985685677808933514e-01 1.984873258319924394e-01 1.985481145428271976e-01
1.944026625415339327e-01 1.944884642317798173e-01 1.943531634095254923e-01 1.941934565471214180e-01 1.942234022705706664e-01
1.940354358709028559e-01 1.941023234410097775e-01 1.940739807492477542e-01 1.939827385234332846e-01 1.939460987263806613e-01
1.630575201172835553e-01 1.631617558792765321e-01 1.628957876678270300e-01 1.626331923288911185e-01 1.626970692592984435e-01
8.020697204588513041e-02 8.031604627661871609e-02 8.004428818552075664e-02 7.977901108831109145e-02 7.985979525577124871e-02
1.648848788288285738e-01 1.649051689842714330e-01 1.648664428018917771e-01 1.648429871838940075e-01 1.648490025239332801e-01
1.943733129528627812e-01 1.943791385698691310e-01 1.943721235383483181e-01 1.943717905061889684e-01 1.943712105101188248e-01
1.681917184990892877e-01 1.681916957447479877e-01 1.681945786721694147e-01 1.681982903189172540e-01 1.681969445822890097e-01
3.456470447813411034e-02 3.456444560403545280e-02 3.456682432001031979e-02 3.456897987472441064e-02 3.456822223280912876e-02
2.020191397271190945e-03 2.020748742999629432e-03 2.019682639800788378e-03 2.018527662407240599e-03 2.018965800509586305e-03
