1.744445837325143411e-01 1.744445837294197055e-01 1.744445837308310765e-01 1.744445837207029837e-01 1.744445837076769867e-01
2.213497865915411145e-01 2.213497865710793433e-01 2.213497865703219214e-01 2.213497865504441275e-01 2.213497865057928171e-01
2.037680875010894344e-01 2.037680874499104844e-01 2.037680874508474016e-01 2.037680874286924848e-01 2.037680873722597930e-01
2.004065845550153380e-01 2.004065844847982003e-01 2.004065844659787543e-01 2.004065844446720202e-01 2.004065844079252201e-01
1.999999998616804886e-01 1.999999999439286413e-01 1.999999999273448792e-01 1.999999999195343769e-01 1.999999998962010972e-01
2.000120585471893142e-01 2.000120595306663918e-01 2.000120598026774443e-01 2.000120597986734527e-01 2.000120594967542687e-01
2.000161570050398296e-01 2.000161608995945084e-01 2.000161645923244635e-01 2.000161645903233143e-01 2.000161608588937046e-01
2.000024235242938986e-01 2.000024246362458458e-01 2.000024408334346859e-01 2.000024408359400152e-01 2.000024246212637469e-01
2.000002693381015273e-01 2.000002363046203824e-01 2.000002442874569131e-01 2.000002442901024080e-01 2.000002363046135823e-01
1.999998753376841798e-01 1.999999815645366885e-01 1.999999977703336151e-01 1.999999977799330197e-01 1.999999815804853198e-01
1.999984469696163558e-01 1.999996771734404433e-01 2.000000136629274117e-01 2.000000136702700104e-01 1.999996771824609221e-01
1.999898679064253948e-01 1.999952295093232746e-01 1.999997460876891120e-01 1.999997460920449055e-01 1.999952295025033133e-01
1.999729210605936669e-01 1.999761052339249501e-01 1.999972714548342301e-01 1.999972714577411825e-01 1.999761052345005452e-01
2.000201564858659631e-01 1.999665699186123913e-01 1.999791031412063436e-01 1.999791031404979380e-01 1.999665699254391804e-01
1.999076186975690950e-01 1.999761033048705061e-01 1.999972695464999894e-01 1.999972695487219621e-01 1.999761033237731078e-01
1.978215504835713345e-01 1.996235709085262267e-01 1.999997326582549084e-01 1.999997326595842895e-01 1.996235709203947328e-01
1.819244212247649317e-01 1.933938923345722705e-01 1.997068797550408115e-01 1.997068797586439570e-01 1.933938923293670453e-01
1.418024129155238122e-01 1.564815380548263968e-01 1.959544064878568914e-01 1.959544064902650762e-01 1.564815380608959305e-01
7.840692232678438955e-01 1.310188599902123996e-01 1.654153801569319959e-01 1.654153801551778435e-01 1.310188599941546628e-01
1.418024129148949541e-01 1.564815380529354927e-01 1.959544064749116909e-01 1.959544064744796199e-01 1.564815380733280137e-01
1.819244211756531893e-01 1.933938923113052988e-01 1.997068797335666002e-01 1.997068797358880210e-01 1.933938923343755667e-01
1.978215504142651071e-01 1.996235708774615203e-01 1.999997326201670145e-01 1.999997326162625544e-01 1.996235708846365586e-01
1.999076188757179240e-01 1.999761035084199334e-01 1.999972697518377363e-01 1.999972697407068067e-01 1.999761035141524035e-01
2.000201582353797469e-01 1.999665716710438135e-01 1.999791048947631433e-01 1.999791048896849555e-01 1.999665716843712637e-01
1.999729325996247031e-01 1.999761167964483333e-01 1.999972830179202188e-01 1.999972830154821968e-01 1.999761168174734038e-01
1.999898682948298145e-01 1.999952299314726178e-01 1.999997465190514467e-01 1.999997465147945741e-01 1.999952299487169627e-01
1.999984330399162402e-01 1.999996632599251312e-01 1.999999997531333729e-01 1.999999997546131891e-01 1.999996632764941273e-01
2.000001361720301907e-01 2.000002423990032141e-01 2.000002586108040048e-01 2.000002586120000758e-01 2.000002424117738042e-01
2.000024516057956059e-01 2.000024185812846744e-01 2.000024265685091118e-01 2.000024265684790803e-01 2.000024185897157081e-01
2.000161453350650376e-01 2.000161464826280822e-01 2.000161626869004228e-01 2.000161626892752453e-01 2.000161464935426292e-01
2.000120519753799120e-01 2.000120559021281996e-01 2.000120596097511583e-01 2.000120596065807776e-01 2.000120559015124422e-01
1.999999986552571662e-01 1.999999996611635522e-01 1.999999999552661833e-01 1.999999999579602505e-01 1.999999996788985046e-01
2.004065843060865160e-01 2.004065844238855365e-01 2.004065844405711616e-01 2.004065844455208689e-01 2.004065844572840149e-01
2.037680873555028360e-01 2.037680873486530930e-01 2.037680873604631737e-01 2.037680873661910919e-01 2.037680873833674911e-01
2.213497863848543357e-01 2.213497864044982888e-01 2.213497864257409908e-01 2.213497864321324338e-01 2.213497864270906890e-01
1.744445835535200495e-01 1.744445835629647168e-01 1.744445835728920535e-01 1.744445835764762143e-01 1.744445835718824167e-01
