1.812564379618117338e-01 1.795880501691270448e-01 1.806123447973055629e-01 1.806119108766146841e-01 1.795882455284888990e-01
2.234796249178396810e-01 2.229934557633790893e-01 2.232701894713404189e-01 2.232698472492538888e-01 2.229938746426665397e-01
2.048800388920107018e-01 2.062431554119988630e-01 2.054051638117392053e-01 2.054054543881749517e-01 2.062436928298899130e-01
2.051603579063970562e-01 2.071245772916517347e-01 2.057924212975707212e-01 2.057936200554439377e-01 2.071243001771007897e-01
2.005551179882669455e-01 2.002407087056458923e-01 2.002237407469296404e-01 2.002239616443102499e-01 2.002406371326875545e-01
2.115271268555003470e-01 2.032798498695237432e-01 2.080716843192291776e-01 2.080707808315115093e-01 2.032805577037388733e-01
2.020948550017938883e-01 2.024794481510617250e-01 2.019962134982905833e-01 2.019962890303912129e-01 2.024807464213229102e-01
2.004415468489758045e-01 2.052921513152629052e-01 2.021412154350594736e-01 2.021422137913412576e-01 2.052937614708077452e-01
2.058634917441906353e-01 2.080394920978259621e-01 2.054211289502527182e-01 2.054234994193333275e-01 2.080393052188332370e-01
2.036107615980251861e-01 2.010755522390514360e-01 2.009650328319472212e-01 2.009658517395532251e-01 2.010756915555099167e-01
2.167977763847571404e-01 2.058818305597238107e-01 2.105614867284363312e-01 2.105601869835482254e-01 2.058828939576163586e-01
2.022439556511648195e-01 2.087053542121671268e-01 2.028789275738280828e-01 2.028793892958836442e-01 2.087069987278168670e-01
2.035686421800065593e-01 2.100559391792704567e-01 2.047916552243358446e-01 2.047930135259906914e-01 2.100585699867071054e-01
2.262542234445983069e-01 2.088009790141220068e-01 2.109631295136190632e-01 2.109659633345944141e-01 2.088009170389883151e-01
2.200517218460282254e-01 2.035485624767892632e-01 2.029166262529046583e-01 2.029180198953336456e-01 2.035490801597613642e-01
2.247283562348335595e-01 2.302697665486117817e-01 2.140770830840088845e-01 2.140753558539084112e-01 2.302708893520073463e-01
2.022887797494191675e-01 2.496400686993695828e-01 2.100421892811569491e-01 2.100426711250830136e-01 2.496416618766087170e-01
2.209739970460039005e-01 2.177854186977827566e-01 2.137743991241370656e-01 2.137755687682224293e-01 2.177888249974472001e-01
4.283723575856708266e-01 2.058180410646794634e-01 2.462648740724358853e-01 2.462674418437513502e-01 2.058177715351332537e-01
2.212624854886353631e-01 2.091065379264102631e-01 2.103403278376286545e-01 2.103420251279564390e-01 2.091072667935494900e-01
2.225731742898624799e-01 2.531234917902362991e-01 2.235374360024726392e-01 2.235356684857214005e-01 2.531245861868984814e-01
2.058863563508384342e-01 2.284230509816839449e-01 2.020961702841594099e-01 2.020967121294556246e-01 2.284240044495072508e-01
2.241537543550556344e-01 2.158031972896479189e-01 2.102415016080763366e-01 2.102428623897862059e-01 2.158056996237452674e-01
2.260440825457462055e-01 2.081581085866944791e-01 2.104404520140716051e-01 2.104427189466925863e-01 2.081578792979195125e-01
2.069915717605857186e-01 2.054227665049749296e-01 2.048281930053610367e-01 2.048296110401226222e-01 2.054234629211260099e-01
2.221413784669133140e-01 2.149102096374229665e-01 2.172420541116150128e-01 2.172400581015083987e-01 2.149117956457196055e-01
2.011996366413841553e-01 2.043440301267330506e-01 2.005554427473034418e-01 2.005557722037688839e-01 2.043443792999465325e-01
2.124882866208804844e-01 2.157194644252724003e-01 2.120425262460956528e-01 2.120434509972347614e-01 2.157209374224790255e-01
2.055203599237998280e-01 2.068868511839987712e-01 2.045646139547165065e-01 2.045665165079658954e-01 2.068868115304355604e-01
2.051555123744774334e-01 2.044784938910145233e-01 2.045013014583322575e-01 2.045026061744140422e-01 2.044791654862562202e-01
2.197590109127986469e-01 2.120396307984200868e-01 2.163857622963035465e-01 2.163840602395820101e-01 2.120410528128822691e-01
2.001949886051326288e-01 2.005327675941375176e-01 2.001162271169604490e-01 2.001163639922110271e-01 2.005328491942689750e-01
2.141313224100115098e-01 2.160763992934520983e-01 2.146094311656552289e-01 2.146101886354556953e-01 2.160770097814513901e-01
2.080102912685524996e-01 2.090529532979156779e-01 2.081532153043355315e-01 2.081538647916572615e-01 2.090531146648469396e-01
2.263845646231714137e-01 2.258648963060830850e-01 2.260969008437881678e-01 2.260970567589086766e-01 2.258650616676738943e-01
1.906064446983713467e-01 1.889708235702153294e-01 1.899529681703885364e-01 1.899525208632168172e-01 1.889709098441844648e-01
