1.744449854461183058e-01 1.744449854585090609e-01 1.744449858030780454e-01 1.744449858754462679e-01 1.744449839796569368e-01
2.213612024300184999e-01 2.213612013820350777e-01 2.213612018850253660e-01 2.213612030415419984e-01 2.213611969477277119e-01
2.037815061196124045e-01 2.037815038074299590e-01 2.037815044724355096e-01 2.037815066613548887e-01 2.037814977840256836e-01
2.004176655219810088e-01 2.004176634055314099e-01 2.004176638863264248e-01 2.004176659917022707e-01 2.004176600484248727e-01
2.000091073987506352e-01 2.000091049080353067e-01 2.000091076854897121e-01 2.000091105898433308e-01 2.000091125516038071e-01
2.000177955157937393e-01 2.000177909417542033e-01 2.000177882024398168e-01 2.000177820723840483e-01 2.000177798989593025e-01
2.000144128868076576e-01 2.000144106020995682e-01 2.000144005560236804e-01 2.000143822801838667e-01 2.000143741029359323e-01
1.999927680241627703e-01 1.999927583415806454e-01 1.999927756145576385e-01 1.999927473959744739e-01 1.999927264648339864e-01
1.999843368249052122e-01 1.999843094773665064e-01 1.999843536280939971e-01 1.999842728170268813e-01 1.999842452254986802e-01
1.999803378225258887e-01 1.999803042901444894e-01 1.999803127393156854e-01 1.999803436414238356e-01 1.999803101405896733e-01
1.999806107417683443e-01 1.999807126628464493e-01 1.999804286265991216e-01 1.999805656143531229e-01 1.999807837183139037e-01
1.999848912029749959e-01 1.999860302352861052e-01 1.999864097688722475e-01 1.999865299308568878e-01 1.999862489518930697e-01
1.999971496022624473e-01 1.999956099835439316e-01 2.000017871631417921e-01 2.000019560443350164e-01 1.999964801125058977e-01
2.000858582119852680e-01 2.000405757363486470e-01 2.000278828236595197e-01 2.000283889375631674e-01 2.000414530378436806e-01
2.004591310798944925e-01 2.003210425817203710e-01 2.001491060398172261e-01 2.001500751176550075e-01 2.003230886305124303e-01
2.018958383743665597e-01 2.017340552515827501e-01 2.007818188906081991e-01 2.007774919985403361e-01 2.017234090171749206e-01
2.045932646027115998e-01 2.047871223470699720e-01 2.033438196696615852e-01 2.033214307447704650e-01 2.047538824824754744e-01
2.378608446842509772e-01 2.107074194745904572e-01 2.091210199326915264e-01 2.091454030714017254e-01 2.107341605927853245e-01
8.710083866825528709e-01 2.454862274055205906e-01 2.119000783451117920e-01 2.119293217333938495e-01 2.455227278645409628e-01
2.380626033679003883e-01 2.107935872774900632e-01 2.091578837569715021e-01 2.091811551026119820e-01 2.108201543882602946e-01
2.046584003289511344e-01 2.048209312698511808e-01 2.033756175501659769e-01 2.033909656994507265e-01 2.048454694966308498e-01
2.018850261984269367e-01 2.017309384120563043e-01 2.007743816285624816e-01 2.007735466038041983e-01 2.017303361370863246e-01
2.004465687069228452e-01 2.003113083265976035e-01 2.001330902640852116e-01 2.001324625761503606e-01 2.003097414694260392e-01
2.000785092886405714e-01 2.000321908990914388e-01 2.000176080637880160e-01 2.000173684181703881e-01 2.000317322189379410e-01
1.999915343948130142e-01 1.999892776816345752e-01 1.999950063959640145e-01 1.999949963818921927e-01 1.999892523419131152e-01
1.999811163524762569e-01 1.999822668075726673e-01 1.999825781388500368e-01 1.999826089639132887e-01 1.999823203291236362e-01
1.999800659073084630e-01 1.999801891454382474e-01 1.999798660920089621e-01 1.999798565566194564e-01 1.999801718116061000e-01
1.999828230433705056e-01 1.999828071623386827e-01 1.999827765121384437e-01 1.999827772242604162e-01 1.999828037816502868e-01
1.999869989443546769e-01 1.999869898167689619e-01 1.999870113608016031e-01 1.999870122300247133e-01 1.999869910708251541e-01
1.999496554937355564e-01 1.999496633871442330e-01 1.999496770417536207e-01 1.999496740537096418e-01 1.999496597002943243e-01
1.998339632373510866e-01 1.998339664061233867e-01 1.998339687307216506e-01 1.998339677782153267e-01 1.998339656002141584e-01
2.000081591383708890e-01 2.000081598093768342e-01 2.000081598648359438e-01 2.000081595109244326e-01 2.000081594043054134e-01
2.002393220816937880e-01 2.002393222149544683e-01 2.002393222404141582e-01 2.002393222016542740e-01 2.002393221625056452e-01
2.006062036748005040e-01 2.006062037009951615e-01 2.006062037298021183e-01 2.006062037214023930e-01 2.006062036976950791e-01
1.714606852686199057e-01 1.714606852739864740e-01 1.714606853016390486e-01 1.714606852911678414e-01 1.714606852605345400e-01
2.795553136044305262e-02 2.795553136097038080e-02 2.795553137213214329e-02 2.795553136663336130e-02 2.795553135191056887e-02
