1.808016650166490713e-01 1.792189092905073500e-01 1.802036603330971209e-01 1.802036573787891560e-01 1.792189122380307420e-01
2.233102503428373298e-01 2.229057867256857006e-01 2.231325169231375416e-01 2.231325151770002513e-01 2.229057900104134127e-01
2.047736172105694419e-01 2.061200979692008606e-01 2.052852062454971482e-01 2.052852092723230770e-01 2.061201020493666769e-01
2.048910111950501822e-01 2.066602172291096551e-01 2.054373089706326427e-01 2.054373167133879130e-01 2.066602140702964163e-01
2.005396179675356660e-01 2.002418451860206727e-01 2.002462056127740642e-01 2.002462072154343187e-01 2.002418439266585304e-01
2.109591803334607552e-01 2.030633249712187338e-01 2.077042361386506331e-01 2.077042245893688244e-01 2.030633381640938040e-01
2.019059416350190428e-01 2.024489219295780296e-01 2.018354426987607753e-01 2.018354401342231375e-01 2.024489297324530146e-01
2.004296433508598874e-01 2.051857974569709364e-01 2.020845279048986143e-01 2.020845338170560723e-01 2.051858060929106220e-01
2.057516151742105059e-01 2.075400516671341011e-01 2.052047187749749257e-01 2.052047361131532910e-01 2.075400439801693142e-01
2.035523847815599030e-01 2.010787453899484656e-01 2.010461487090886012e-01 2.010461551162612548e-01 2.010787429749764654e-01
2.161867111438167122e-01 2.058498229220616094e-01 2.103331954821437422e-01 2.103331802389694083e-01 2.058498359849406933e-01
2.020619527796417292e-01 2.087235089263736465e-01 2.027172769376321126e-01 2.027172755808619442e-01 2.087235219946907971e-01
2.036527453667139331e-01 2.100037877646187545e-01 2.048433165230648390e-01 2.048433187698507074e-01 2.100038088586295704e-01
2.262366213859507147e-01 2.083357299239202154e-01 2.109322805588049743e-01 2.109323038686169993e-01 2.083357222825636956e-01
2.199331546114716707e-01 2.035520450599637154e-01 2.030717840872426072e-01 2.030717980238857800e-01 2.035520409007246789e-01
2.241603951462199373e-01 2.303975900079655859e-01 2.140448675383866406e-01 2.140448504012912034e-01 2.303975992788411531e-01
2.021384036912837190e-01 2.496889740317617123e-01 2.099030297495120267e-01 2.099030308623175411e-01 2.496889878679123542e-01
2.211192206882499622e-01 2.178114450407562519e-01 2.139419933610722524e-01 2.139419941422589511e-01 2.178114711414803617e-01
4.283673088491046221e-01 2.054560215802423706e-01 2.464183176949164000e-01 2.464183394435749408e-01 2.054560154385320359e-01
2.211204070943617039e-01 2.091089967061544597e-01 2.105633327846112846e-01 2.105633520868653297e-01 2.091089954411586849e-01
2.222481388486506892e-01 2.533607245345903536e-01 2.237133480582082223e-01 2.237133329199652854e-01 2.533607301137619228e-01
2.058014244042168372e-01 2.284673545257894789e-01 2.020020644125833931e-01 2.020020662233011632e-01 2.284673641639003439e-01
2.243577887887341638e-01 2.159331277855208175e-01 2.105316005807111868e-01 2.105315994804234370e-01 2.159331519076153061e-01
2.260340307849547370e-01 2.079421820601524140e-01 2.106689013506101715e-01 2.106689199373416310e-01 2.079421750401076741e-01
2.068963163916995029e-01 2.054593771124241797e-01 2.050609842117477322e-01 2.050610047830825344e-01 2.054593739750295300e-01
2.220420180504663055e-01 2.152453355711631822e-01 2.175491132952850348e-01 2.175491007586594916e-01 2.152453433314426012e-01
2.011568767699972171e-01 2.043670084463999892e-01 2.005082264052535646e-01 2.005082282644941316e-01 2.043670124209708006e-01
2.127706777062628452e-01 2.159575905937099194e-01 2.124184131604146542e-01 2.124184077092753364e-01 2.159576051449251521e-01
2.055252560872864176e-01 2.068292780998792768e-01 2.048057055776464075e-01 2.048057219343540347e-01 2.068292741339078367e-01
2.051378085441583898e-01 2.045534900206394391e-01 2.047053448420680932e-01 2.047053611424654584e-01 2.045534869751709783e-01
2.199042669914173798e-01 2.124271974439821409e-01 2.167676025035211729e-01 2.167675932054321519e-01 2.124272053158069717e-01
2.001834712487570722e-01 2.005391178278356223e-01 2.001037858938780889e-01 2.001037865753682032e-01 2.005391187509763529e-01
2.144646739026362658e-01 2.164063744214442808e-01 2.150171147867829813e-01 2.150171096606378063e-01 2.164063810168151136e-01
2.080580216391192672e-01 2.091236464819947460e-01 2.083403503704503446e-01 2.083403570736197807e-01 2.091236458019300193e-01
2.264593836031723317e-01 2.259743528460613493e-01 2.262415567073350342e-01 2.262415637788526557e-01 2.259743506600458418e-01
1.909577678322986749e-01 1.893588999035852038e-01 1.903348213967459013e-01 1.903348195651883012e-01 1.893588994669140879e-01
