1.744445838325329179e-01 1.744445838422517270e-01 1.744445838189607467e-01 1.744445837865730431e-01 1.744445837756447848e-01
2.213497866320489060e-01 2.213497866347579335e-01 2.213497866208201659e-01 2.213497865885888927e-01 2.213497865261142006e-01
2.037680874235698325e-01 2.037680874009030751e-01 2.037680874662471664e-01 2.037680874436097189e-01 2.037680872935824505e-01
2.004065845218518660e-01 2.004065843390059332e-01 2.004065843840906191e-01 2.004065843596030405e-01 2.004065842318873691e-01
1.999999996947447178e-01 1.999999998138466684e-01 1.999999998854211369e-01 1.999999998839981086e-01 1.999999997629752224e-01
2.000120546001281918e-01 2.000120586108965759e-01 2.000120597795219668e-01 2.000120597703218539e-01 2.000120585687752695e-01
2.000161261811448377e-01 2.000161479586946567e-01 2.000161639023314009e-01 2.000161638966991562e-01 2.000161478955932159e-01
2.000023090009303006e-01 2.000023502666943842e-01 2.000024332470805299e-01 2.000024332450631159e-01 2.000023502300748157e-01
2.000001977073010417e-01 2.000001025947329980e-01 2.000001826774943925e-01 2.000001826710866015e-01 2.000001025772949470e-01
1.999998678904640337e-01 1.999999071272504647e-01 1.999999901791035817e-01 1.999999901826150783e-01 1.999999071323834976e-01
1.999963200341489944e-01 1.999991813750161551e-01 2.000000129631361034e-01 2.000000129423688822e-01 1.999991813905349358e-01
1.999710932090811577e-01 1.999879683878163505e-01 1.999994039392355427e-01 1.999994039437461568e-01 1.999879683732953828e-01
1.998931105774166272e-01 1.999303770786617918e-01 1.999929342699576507e-01 1.999929342899430251e-01 1.999303770630757315e-01
1.999430829349346239e-01 1.998752831602919888e-01 1.999424428950327959e-01 1.999424429106998746e-01 1.998752831720991829e-01
2.000363347637373057e-01 1.999303750624493448e-01 1.999929323927007174e-01 1.999929324086971438e-01 1.999303750929918022e-01
1.979912912849536299e-01 1.995582809627978182e-01 1.999993905947685946e-01 1.999993906038781688e-01 1.995582809588542228e-01
1.800330883221280542e-01 1.931011622372114933e-01 1.997031891298724215e-01 1.997031891390492753e-01 1.931011621774100240e-01
9.706582900493035404e-02 1.509815288400164490e-01 1.957720710859670865e-01 1.957720711035469408e-01 1.509815287871043299e-01
3.704629391916408317e-05 8.525166454066179789e-02 1.622680365967739124e-01 1.622680365889907772e-01 8.525166454780741532e-02
9.706582895379198273e-02 1.509815286725369465e-01 1.957720709694319161e-01 1.957720709403181492e-01 1.509815288002909484e-01
1.800330880648583487e-01 1.931011619025330417e-01 1.997031888561296986e-01 1.997031888502510677e-01 1.931011620584468513e-01
1.979912912692227689e-01 1.995582808903334227e-01 1.999993905728815469e-01 1.999993905716432041e-01 1.995582809448389616e-01
2.000363347848541917e-01 1.999303749827475996e-01 1.999929323421392457e-01 1.999929323396242020e-01 1.999303749898346527e-01
1.999430799452537322e-01 1.998752800967187604e-01 1.999424399038954026e-01 1.999424399142230580e-01 1.998752801259399137e-01
1.998930468887412937e-01 1.999303133606031291e-01 1.999928706015523527e-01 1.999928705832171860e-01 1.999303133795460319e-01
1.999708727317051626e-01 1.999877479461397156e-01 1.999991834904032151e-01 1.999991834592278195e-01 1.999877479439081673e-01
1.999963061342540926e-01 1.999991674997744218e-01 1.999999990918008286e-01 1.999999990808876416e-01 1.999991675109057399e-01
1.999999077648307866e-01 1.999999469571784871e-01 2.000000300288774790e-01 2.000000300251587315e-01 1.999999469656322804e-01
1.999984786406832082e-01 1.999983835062627557e-01 1.999984636739978727e-01 1.999984636778575076e-01 1.999983835148637923e-01
1.999547387354352057e-01 1.999547799978401708e-01 1.999548630376936365e-01 1.999548630206996747e-01 1.999547799596944064e-01
1.998320977620742511e-01 1.998321195696171060e-01 1.998321355175206038e-01 1.998321354949534334e-01 1.998321195596233502e-01
1.999999947164914638e-01 1.999999987692334669e-01 1.999999999763196756e-01 1.999999999787889227e-01 1.999999988368020010e-01
2.002266607396645526e-01 2.002266609037516298e-01 2.002266610244902434e-01 2.002266610318141626e-01 2.002266609680044551e-01
2.005916807356651899e-01 2.005916805864051133e-01 2.005916807198211416e-01 2.005916807323290252e-01 2.005916806230614302e-01
1.714457218194300192e-01 1.714457217519120003e-01 1.714457218448641740e-01 1.714457218343739542e-01 1.714457217261197708e-01
2.795061736460847934e-02 2.795061731891201537e-02 2.795061729483188512e-02 2.795061727427179329e-02 2.795061728360780096e-02
