1.884567029908053304e-02 1.884567031310323965e-02 1.884567023045990997e-02 1.884567022519675894e-02
1.661385383335178267e-01 1.661385384455089931e-01 1.661385372778553249e-01 1.661385371819640577e-01
1.849220900302348813e-01 1.849220902331629446e-01 1.849220876014603110e-01 1.849220874052429076e-01
1.850927129969510698e-01 1.850927129414704220e-01 1.850927121507748574e-01 1.850927121989133228e-01
2.042653672098424522e-01 2.042653671673619054e-01 2.042653670809816413e-01 2.042653671152962480e-01
2.118553595679432133e-01 2.118553595675532752e-01 2.118553595464604533e-01 2.118553595436263315e-01
2.032809159547822597e-01 2.032809159188768700e-01 2.032809153608438058e-01 2.032809154031275933e-01
1.746654215559635404e-01 1.746654214352776069e-01 1.746654200518361899e-01 1.746654201755965252e-01
1.748694662059037674e-01 1.748694660504895859e-01 1.748694653791355580e-01 1.748694655319247837e-01
2.034705394867118711e-01 2.034705394334476725e-01 2.034705392745446428e-01 2.034705393264632511e-01
2.120642311695061233e-01 2.120642311658367252e-01 2.120642311741827712e-01 2.120642311703267169e-01
2.025631575903875381e-01 2.025631574855759065e-01 2.025631573130970142e-01 2.025631574056377116e-01
1.649215528536400188e-01 1.649215525683545291e-01 1.649215520659596534e-01 1.649215523367943970e-01
1.650624235635288484e-01 1.650624233011796782e-01 1.650624229699283185e-01 1.650624232045760365e-01
2.026551045965045150e-01 2.026551045042437049e-01 2.026551044191347850e-01 2.026551044807585744e-01
2.120693460183301904e-01 2.120693460219609527e-01 2.120693460229692573e-01 2.120693460208829539e-01
2.022823749174968433e-01 2.022823748181548642e-01 2.022823747251973336e-01 2.022823748620265483e-01
1.609757524316875188e-01 1.609757520890454929e-01 1.609757518622997319e-01 1.609757522243962236e-01
1.609757524853361044e-01 1.609757520944098408e-01 1.609757519468952847e-01 1.609757522846314015e-01
2.022823749666288473e-01 2.022823748119280118e-01 2.022823747902678659e-01 2.022823748752323736e-01
2.120693460077349990e-01 2.120693460124431773e-01 2.120693460137614283e-01 2.120693460124895846e-01
2.026551041036922796e-01 2.026551039952269317e-01 2.026551039930572229e-01 2.026551041770418560e-01
1.650624183875575302e-01 1.650624179962163762e-01 1.650624180093944460e-01 1.650624184553715346e-01
1.649215477305160937e-01 1.649215473503064799e-01 1.649215472488833045e-01 1.649215476122498358e-01
2.025631571593102254e-01 2.025631570238379808e-01 2.025631569818585609e-01 2.025631570812660431e-01
2.120642311489782939e-01 2.120642311529245816e-01 2.120642311524848500e-01 2.120642311510766709e-01
2.034705387816287403e-01 2.034705386546438455e-01 2.034705387296069923e-01 2.034705388987091967e-01
1.748694583431015248e-01 1.748694579709156871e-01 1.748694582253289831e-01 1.748694586350358349e-01
1.746654132535379322e-01 1.746654130575222563e-01 1.746654133732098713e-01 1.746654135761432358e-01
2.032809149984517727e-01 2.032809149514526736e-01 2.032809150653757391e-01 2.032809151072167697e-01
2.118553595179981097e-01 2.118553595196742967e-01 2.118553595225399488e-01 2.118553595326790329e-01
2.042653667118272398e-01 2.042653666101823806e-01 2.042653666586064509e-01 2.042653667765828018e-01
1.850927070026567312e-01 1.850927067354502242e-01 1.850927069882533915e-01 1.850927072670779938e-01
1.849220829303131752e-01 1.849220827438852188e-01 1.849220833122017515e-01 1.849220835053761169e-01
1.661385371911486553e-01 1.661385371322357529e-01 1.661385373727623793e-01 1.661385374352510047e-01
1.884567027760985364e-02 1.884567027428660571e-02 1.884567028976196976e-02 1.884567029415056341e-02
