1.510835964278523826e-02 1.820056548317946013e-02 2.013017698465885061e-02 1.820056587246767985e-02
1.476251290686360629e-01 1.578457219001785095e-01 1.672910565837780472e-01 1.578457272962597857e-01
1.263699857432312446e-01 1.425933815451276010e-01 1.586565930118409573e-01 1.425933923152664928e-01
1.413273293979045164e-01 1.452992656067776389e-01 1.491990318017902828e-01 1.452992653989874650e-01
2.009838668766160685e-01 2.010778223426024636e-01 2.011105764232845872e-01 2.010778207894483582e-01
2.118199300254649253e-01 2.117483089271223196e-01 2.116888771725813634e-01 2.117483085568188927e-01
1.971721204791600790e-01 1.991118369304929470e-01 2.011284198807146706e-01 1.991118391159581169e-01
1.287963892878991878e-01 1.335912847133594594e-01 1.384398610329616308e-01 1.335912909758842360e-01
1.324468136665132301e-01 1.336821606223015102e-01 1.349161555550798253e-01 1.336821649405703083e-01
1.998138830542698918e-01 1.998461305910223251e-01 1.998637648914933784e-01 1.998461317438943174e-01
2.119927776116854179e-01 2.118972029791653389e-01 2.117948534944822103e-01 2.118972027044707385e-01
2.013714468034503713e-01 2.008626487549768636e-01 2.003510140610653689e-01 2.008626481230594285e-01
1.475559109206472930e-01 1.465468385015855357e-01 1.455353183926200722e-01 1.465468372869974112e-01
1.469660459095382954e-01 1.467255048268680251e-01 1.464844135659955637e-01 1.467255030075605149e-01
2.010950734911459703e-01 2.010924549389664362e-01 2.010902409037430283e-01 2.010924544343410114e-01
2.119862442784816448e-01 2.119633648920116187e-01 2.119395950215152979e-01 2.119633649236750961e-01
2.003727357694543576e-01 1.998758201001010204e-01 1.993757765700540086e-01 1.998758175513397906e-01
1.346944131346433093e-01 1.335600850043957843e-01 1.324232199768695661e-01 1.335600738255506847e-01
1.338489775453055863e-01 1.335645327409335226e-01 1.332798971325449278e-01 1.335645081573330617e-01
1.999022227941148477e-01 1.998972227073113617e-01 1.998928449410844743e-01 1.998972126215178557e-01
2.119545561252329235e-01 2.119637364594226803e-01 2.119731413158654487e-01 2.119637361417391341e-01
2.011778694924257482e-01 2.011053060736572862e-01 2.010324630836606841e-01 2.011053056053432597e-01
1.471496179216600642e-01 1.469586098392537399e-01 1.467673182829488387e-01 1.469586018843046515e-01
1.469044800276632923e-01 1.468545195062011810e-01 1.468044999742735557e-01 1.468544903269007329e-01
2.010373692994947559e-01 2.010362376749859348e-01 2.010351656088308903e-01 2.010362238652368128e-01
2.119068305600270152e-01 2.119136870480993473e-01 2.119206310212937705e-01 2.119136852333167453e-01
1.997484351940071179e-01 1.998099239637273206e-01 1.998715218142083361e-01 1.998099242483878657e-01
1.332002331333607403e-01 1.333326066491540285e-01 1.334650638515180177e-01 1.333326222453987409e-01
1.335810501358775659e-01 1.336143600977110768e-01 1.336477266526636953e-01 1.336144206829346925e-01
1.999478452142963991e-01 1.999488398436340963e-01 1.999498410618473498e-01 1.999488643208448269e-01
2.118381477758631004e-01 2.118387233820680227e-01 2.118393038884908985e-01 2.118387220563383022e-01
2.010728995624265214e-01 2.011007388292189446e-01 2.011286088301609820e-01 2.011007398502344390e-01
1.457777576136562725e-01 1.458436043357388689e-01 1.459095301191598026e-01 1.458436623228471785e-01
1.449851296706220760e-01 1.450042102925711007e-01 1.450235259044174441e-01 1.450044416492375365e-01
1.625252854731248919e-01 1.625273596525114994e-01 1.625295381778260884e-01 1.625274633274285951e-01
1.869575623042243201e-02 1.869590110970200530e-02 1.869605347315810712e-02 1.869590834265876314e-02
