1.744445837094381613e-01 1.744445837077042427e-01 1.744445837070838501e-01 1.744445836949059803e-01 1.744445836845046338e-01
2.213497865709742329e-01 2.213497865503893935e-01 2.213497865406185150e-01 2.213497865188842617e-01 2.213497864826495520e-01
2.037680874826717781e-01 2.037680874370777495e-01 2.037680874262888797e-01 2.037680874076298887e-01 2.037680873680345894e-01
2.004065845267810619e-01 2.004065844876276592e-01 2.004065844653196704e-01 2.004065844472003033e-01 2.004065844239071026e-01
1.999999999480823187e-01 1.999999999560771735e-01 1.999999999329416245e-01 1.999999999243209647e-01 1.999999999175444410e-01
2.000120596390509708e-01 2.000120597864168681e-01 2.000120598223610047e-01 2.000120598136832517e-01 2.000120597587497218e-01
2.000161637590800734e-01 2.000161642361937830e-01 2.000161648052489194e-01 2.000161647965953970e-01 2.000161642014020857e-01
2.000024408643818474e-01 2.000024404661692734e-01 2.000024426987381254e-01 2.000024426987649095e-01 2.000024404610946382e-01
2.000002623610979136e-01 2.000002579038372419e-01 2.000002583951881463e-01 2.000002583951938917e-01 2.000002579108629552e-01
1.999999709961455263e-01 1.999999974133280234e-01 1.999999996416795545e-01 1.999999996450207429e-01 1.999999974308193651e-01
1.999997465910426375e-01 1.999999521772594380e-01 2.000000138606452260e-01 2.000000138600019073e-01 1.999999521877078579e-01
1.999985383808935424e-01 1.999992089053331257e-01 1.999999633456577830e-01 1.999999633418480249e-01 1.999992089069650980e-01
1.999973191964502239e-01 1.999965927327580772e-01 1.999995595321377162e-01 1.999995595298118822e-01 1.999965927417147460e-01
2.000039405704784612e-01 1.999963727303975536e-01 1.999968180041565013e-01 1.999968180011763297e-01 1.999963727397547630e-01
1.999558831381598734e-01 1.999965908022953709e-01 1.999995576060874525e-01 1.999995575996553754e-01 1.999965908145054927e-01
1.995418679282434105e-01 1.999078716331669781e-01 1.999999498944649845e-01 1.999999498889130367e-01 1.999078716463629224e-01
1.974137443098903100e-01 1.986489889446209078e-01 1.999239990486920970e-01 1.999239990433178960e-01 1.986489889559430733e-01
1.986163710646813296e-01 1.940229474517333186e-01 1.992325548695218496e-01 1.992325548653735290e-01 1.940229474658396458e-01
2.592981715277380417e-01 1.969167833260366263e-01 1.944650387891618815e-01 1.944650387858904705e-01 1.969167833364186826e-01
1.986163710709262786e-01 1.940229474623357542e-01 1.992325548724810103e-01 1.992325548665514201e-01 1.940229474702514778e-01
1.974137442965529787e-01 1.986489889377371088e-01 1.999239990372535247e-01 1.999239990286570678e-01 1.986489889490833938e-01
1.995418679010066698e-01 1.999078716084835283e-01 1.999999498690457067e-01 1.999999498587466673e-01 1.999078716191660110e-01
1.999558833265685787e-01 1.999965909914360740e-01 1.999995578000452745e-01 1.999995577900019750e-01 1.999965910057093788e-01
2.000039422856834670e-01 1.999963744475295180e-01 1.999968197273906956e-01 1.999968197191122066e-01 1.999963744619761841e-01
1.999973307255441812e-01 1.999966042715518866e-01 1.999995710756243550e-01 1.999995710723646014e-01 1.999966042883450368e-01
1.999985387874242404e-01 1.999992093249191860e-01 1.999999637693515298e-01 1.999999637678202546e-01 1.999992093396962822e-01
1.999997326876891968e-01 1.999999382762420730e-01 1.999999999559164965e-01 1.999999999533406403e-01 1.999999382798480496e-01
2.000002318472579033e-01 2.000002582668753692e-01 2.000002604903902970e-01 2.000002604885317004e-01 2.000002582678204466e-01
2.000024446384864318e-01 2.000024401983054034e-01 2.000024406851589054e-01 2.000024406845037073e-01 2.000024402012307578e-01
2.000161627113142548e-01 2.000161623458907301e-01 2.000161645694958912e-01 2.000161645704375268e-01 2.000161623484112972e-01
2.000120587471398148e-01 2.000120592485220283e-01 2.000120598186619914e-01 2.000120598186201915e-01 2.000120592505965078e-01
1.999999997687684772e-01 1.999999999261621864e-01 1.999999999745556423e-01 1.999999999761968017e-01 1.999999999362792324e-01
2.004065844195938584e-01 2.004065844466209334e-01 2.004065844542992081e-01 2.004065844590468548e-01 2.004065844708912969e-01
2.037680873587343899e-01 2.037680873640932977e-01 2.037680873702261974e-01 2.037680873760649436e-01 2.037680873883765953e-01
2.213497863980886660e-01 2.213497864060992304e-01 2.213497864146534155e-01 2.213497864200661969e-01 2.213497864228869960e-01
1.744445835499949526e-01 1.744445835526651778e-01 1.744445835571193093e-01 1.744445835598062156e-01 1.744445835585021476e-01
