1.744445836888833812e-01 1.744445836888387225e-01 1.744445836899324032e-01 1.744445836827397678e-01 1.744445836662808225e-01
2.213497865475412274e-01 2.213497865290770250e-01 2.213497865270208087e-01 2.213497865139943122e-01 2.213497864715648911e-01
2.037680874802587638e-01 2.037680874351370797e-01 2.037680874227124905e-01 2.037680874047441693e-01 2.037680873628955891e-01
2.004065845276851165e-01 2.004065844817157216e-01 2.004065844614291159e-01 2.004065844457298684e-01 2.004065844169598543e-01
1.999999999381567584e-01 1.999999999534547990e-01 1.999999999358242353e-01 1.999999999243458060e-01 1.999999999077213264e-01
2.000120594323815115e-01 2.000120597236814957e-01 2.000120598120442295e-01 2.000120598038447328e-01 2.000120596956542207e-01
2.000161626045742491e-01 2.000161636154458300e-01 2.000161647539356602e-01 2.000161647468740589e-01 2.000161635843060726e-01
2.000024384115829390e-01 2.000024378053746332e-01 2.000024423466749135e-01 2.000024423492924586e-01 2.000024378002316361e-01
2.000002640113280605e-01 2.000002547272149434e-01 2.000002559398826041e-01 2.000002559449237938e-01 2.000002547390795082e-01
1.999999451059971955e-01 1.999999947676171785e-01 1.999999993131000575e-01 1.999999993166106660e-01 1.999999947866224759e-01
1.999994814232644580e-01 1.999998931745257114e-01 2.000000138236611713e-01 2.000000138249472259e-01 1.999998931836101390e-01
1.999969868756533986e-01 1.999984087844287606e-01 1.999999156692308655e-01 1.999999156694710345e-01 1.999984087843719172e-01
1.999940772277059020e-01 1.999929816320683840e-01 1.999991126586591894e-01 1.999991126577337908e-01 1.999929816420956408e-01
2.000083490358484095e-01 1.999921442001678096e-01 1.999935307696277531e-01 1.999935307653774585e-01 1.999921442137550520e-01
1.999200628354562970e-01 1.999929796923845260e-01 1.999991107278109026e-01 1.999991107231109400e-01 1.999929797069368020e-01
1.990816938641289113e-01 1.998226436645806903e-01 1.999999022145372007e-01 1.999999022139324067e-01 1.998226436753621771e-01
1.944678602691973512e-01 1.972885328134907912e-01 1.998543816525875927e-01 1.998543816531054007e-01 1.972885328255554460e-01
1.949826640874839367e-01 1.871144796041120106e-01 1.984356607896567704e-01 1.984356607872811706e-01 1.871144796197469207e-01
3.335590091168859073e-01 1.913964018080690499e-01 1.884057889359800897e-01 1.884057889285507825e-01 1.913964018159741709e-01
1.949826640917896869e-01 1.871144796115064013e-01 1.984356607855294607e-01 1.984356607773316294e-01 1.871144796188645987e-01
1.944678602506131615e-01 1.972885328020903828e-01 1.998543816338338441e-01 1.998543816277848773e-01 1.972885328140064065e-01
1.990816938322021168e-01 1.998226436372367576e-01 1.999999021868360261e-01 1.999999021802896515e-01 1.998226436500349923e-01
1.999200630328744066e-01 1.999929798872687459e-01 1.999991109251935684e-01 1.999991109192206518e-01 1.999929799023004162e-01
2.000083507651441717e-01 1.999921459250454669e-01 1.999935324965305961e-01 1.999935324930856018e-01 1.999921459419940761e-01
1.999940887650166477e-01 1.999929931723750387e-01 1.999991242041417316e-01 1.999991242049522500e-01 1.999929931938298211e-01
1.999969872912303048e-01 1.999984092064532315e-01 1.999999160990146574e-01 1.999999160990883207e-01 1.999984092220520315e-01
1.999994675233325025e-01 1.999998792720536767e-01 1.999999999253337379e-01 1.999999999236485304e-01 1.999998792820635862e-01
2.000002059619568062e-01 2.000002556190751679e-01 2.000002601641138189e-01 2.000002601616442666e-01 2.000002556258193287e-01
2.000024463140868680e-01 2.000024370399354212e-01 2.000024382514388743e-01 2.000024382491152330e-01 2.000024370461059853e-01
2.000161602845125230e-01 2.000161597052857176e-01 2.000161642483775093e-01 2.000161642499278247e-01 2.000161597144228531e-01
2.000120576233369585e-01 2.000120586570292847e-01 2.000120598026545737e-01 2.000120598041877085e-01 2.000120586648538035e-01
1.999999995922257245e-01 1.999999999020429520e-01 1.999999999974385601e-01 1.999999999979395759e-01 1.999999999070103396e-01
2.004065844212263858e-01 2.004065844658578233e-01 2.004065844713239508e-01 2.004065844734618795e-01 2.004065844775087535e-01
2.037680873699060369e-01 2.037680873723348440e-01 2.037680873743494270e-01 2.037680873765042033e-01 2.037680873838034479e-01
2.213497863920478315e-01 2.213497864004521087e-01 2.213497864087274059e-01 2.213497864138020965e-01 2.213497864123959713e-01
1.744445835419062285e-01 1.744445835445378457e-01 1.744445835507396902e-01 1.744445835547314416e-01 1.744445835519549404e-01
