3.610528467231937100e-01 1.902288851027762184e-01 1.683851044545652542e-01 1.902284987333195121e-01
2.450248702787678756e-01 2.366975094109536049e-01 2.496767250251736014e-01 2.366959601370903221e-01
2.780129636145597938e-01 2.802165915578231914e-01 2.805137218768552487e-01 2.802112387395668813e-01
2.791294575500084529e-01 2.795489197235309642e-01 2.793495401152096269e-01 2.795310176632369026e-01
2.318983453359275138e-01 2.320008682335946704e-01 2.320614051732751149e-01 2.319923706828287135e-01
2.184540854105566365e-01 2.185200397961171159e-01 2.185599517296089866e-01 2.185134792723994468e-01
2.059607665173648905e-01 2.059844609469162480e-01 2.059991849625968929e-01 2.059779536774872244e-01
1.901221422426641050e-01 1.901244770055418865e-01 1.901242639648371979e-01 1.901211242433965554e-01
1.901614891545010677e-01 1.901601092796564307e-01 1.901701100055760429e-01 1.901668172221601949e-01
2.060719450364323635e-01 2.060744251713409469e-01 2.061012997210556752e-01 2.060863346430745202e-01
2.187116838554931109e-01 2.187006156513251198e-01 2.186174490663162773e-01 2.185969249157224126e-01
2.318778510418154915e-01 2.319060915439629944e-01 2.316874284127213579e-01 2.316476681287759076e-01
2.784483923569879837e-01 2.785396668655816255e-01 2.783119190693970624e-01 2.782080933106285681e-01
2.783653396544156222e-01 2.783797954534916186e-01 2.782680293428657081e-01 2.782060567092550230e-01
2.316987881357226720e-01 2.316976626603858280e-01 2.316463070927468615e-01 2.316547834177101195e-01
2.184949808367643298e-01 2.184962067706937294e-01 2.184897020387926436e-01 2.184895254645393414e-01
2.059246565554941621e-01 2.059234738245737661e-01 2.059185749598021475e-01 2.059195282329574495e-01
1.898701242629831087e-01 1.898689441176004133e-01 1.898660175201368205e-01 1.898671101473640987e-01
1.897232192455148292e-01 1.897221353341298211e-01 1.897200600908338641e-01 1.897192411731991879e-01
2.047128013759550447e-01 2.047110538850619721e-01 2.047072779297662293e-01 2.047008216739062969e-01
2.121360085620254965e-01 2.121376715207090868e-01 2.121348277301772500e-01 2.121193380429670650e-01
2.046111587760078010e-01 2.046296152653613587e-01 2.046060351649751918e-01 2.047333822573171314e-01
1.894037863429365032e-01 1.894097657108148869e-01 1.893853778701246049e-01 1.895006860034557927e-01
1.892899370623434829e-01 1.893116616588575718e-01 1.892857924334134245e-01 1.893272737937069239e-01
2.046043720856008663e-01 2.046603816546057331e-01 2.046534786298361275e-01 2.046682949372262972e-01
2.122738151914486393e-01 2.123380462817567038e-01 2.123576773055337596e-01 2.123430019594658991e-01
2.047004287550805435e-01 2.047081832410020119e-01 2.047074872557840541e-01 2.047103453482501112e-01
1.886658787329215936e-01 1.886647115263876684e-01 1.886632181549141030e-01 1.886647798811153798e-01
1.888760215675523990e-01 1.888754603744907945e-01 1.888750289427644502e-01 1.888753789545842277e-01
2.047201222139471977e-01 2.047200736658784659e-01 2.047200380564760669e-01 2.047201354519518623e-01
2.120625186526922668e-01 2.120625488436081174e-01 2.120625591897944695e-01 2.120625904369264625e-01
2.046152848449608319e-01 2.046152803819786259e-01 2.046152886157032724e-01 2.046153097029556334e-01
1.896339739220825882e-01 1.896339724555150819e-01 1.896339942824340763e-01 1.896340037319112493e-01
1.897190830907397041e-01 1.897190779952039885e-01 1.897190844034726265e-01 1.897190944523094724e-01
1.666532872774225682e-01 1.666532833737821018e-01 1.666532850418758760e-01 1.666532900307030884e-01
1.888680221717167415e-02 1.888680141922996145e-02 1.888680212463579935e-02 1.888680288842197255e-02
