5.655091800115460976e-03 2.081198611054882464e-02 2.919443313555838970e-02 2.081200117422061374e-02
1.461052704758435683e-01 1.674614972465546248e-01 1.816326821387330148e-01 1.674616378214046353e-01
1.862779287315695642e-01 1.904830459904251483e-01 1.918655722957900989e-01 1.904834184155717869e-01
1.892548106312204326e-01 1.895708262724268567e-01 1.894417093377134265e-01 1.895712418370222307e-01
2.046420194721192132e-01 2.045802285138254295e-01 2.045804748247541105e-01 2.045803315151269730e-01
2.119606518363251479e-01 2.119141539630226001e-01 2.119141019256028935e-01 2.119142330264456309e-01
2.041573742750350251e-01 2.041749136082409433e-01 2.042006940918072722e-01 2.041752866183232373e-01
1.852574508690794375e-01 1.852787726119337064e-01 1.853031962980354330e-01 1.852807141973719651e-01
1.855239963194016961e-01 1.855301592713222425e-01 1.855413462929215718e-01 1.855353222047682327e-01
2.042850716546806555e-01 2.042856843665106781e-01 2.042883417835904547e-01 2.042879576420018883e-01
2.113651496850457445e-01 2.113651959933439406e-01 2.113656785741034327e-01 2.113651434186664957e-01
1.928347119260922227e-01 1.928405522523429227e-01 1.928538176182703068e-01 1.928474572167786782e-01
8.505112372736617354e-02 8.506776408833782721e-02 8.510253330647365999e-02 8.508557821614769201e-02
8.500494450711429395e-02 8.501898780264463551e-02 8.505275514607306409e-02 8.503924059143684600e-02
1.927536385823670206e-01 1.927605788170344836e-01 1.927750720113708405e-01 1.927730747538773381e-01
2.113416524928145857e-01 2.113438853506940385e-01 2.113506844295244547e-01 2.113518607459181908e-01
2.041726653621881160e-01 2.041698356287706961e-01 2.041684788141454876e-01 2.041694254837508604e-01
1.843651130660801662e-01 1.843558624023330095e-01 1.842365366113688230e-01 1.842427074604332249e-01
1.841803785633801538e-01 1.841458205604779297e-01 1.836585598101952155e-01 1.836940632809248297e-01
2.037689176891315235e-01 2.037539123822093012e-01 2.035489327041264396e-01 2.035611152017909320e-01
2.119731481021296104e-01 2.119757080281707562e-01 2.119737527920668996e-01 2.119751818750842121e-01
2.032970084834103963e-01 2.033033526454091633e-01 2.032978926475548231e-01 2.032943244356245072e-01
1.747464080590037938e-01 1.747311879819554992e-01 1.744317695125719436e-01 1.744573274888912562e-01
1.740765290343073146e-01 1.739979548355955752e-01 1.728155392297860138e-01 1.729098197947445126e-01
2.001034787228867795e-01 2.000603607589972188e-01 1.995084288649162374e-01 1.995660584049173125e-01
2.112994348004446077e-01 2.112905347882178819e-01 2.112250235914110708e-01 2.112422317945358841e-01
1.953524709758263922e-01 1.953620110315092417e-01 1.954112095335429899e-01 1.954050227944061080e-01
9.697902635304828101e-02 9.703124614796428127e-02 9.755193266267198071e-02 9.751034693110843810e-02
7.870710866174028542e-02 7.883983123009967453e-02 8.057578030584507112e-02 8.044061673744502816e-02
1.532168466232562143e-01 1.532733357993360246e-01 1.540215384181393976e-01 1.539632463804761486e-01
2.061522570248623953e-01 2.061542820094214301e-01 2.061722062480081941e-01 2.061705671189590638e-01
2.040555805389014654e-01 2.040595235791656525e-01 2.040438311007953531e-01 2.040417714162658380e-01
1.800041918552423847e-01 1.800144291328394652e-01 1.803638818623997109e-01 1.803456354485182545e-01
1.326413484084510153e-01 1.327408309236707828e-01 1.342631158390470980e-01 1.341592126680795638e-01
5.533771012811778550e-02 5.538566622601881484e-02 5.607804021116864074e-02 5.602928803683402542e-02
5.827209544110694729e-03 5.830613416463124518e-03 5.879706751794213856e-03 5.876036380328041910e-03
