1.614287739078165695e-02 1.896551076576705533e-02 2.040329697813346443e-02 1.896550768842972245e-02
1.628384977664084632e-01 1.664427211556830932e-01 1.688391878597431117e-01 1.664426795835146355e-01
1.843540270789276181e-01 1.851668980753373439e-01 1.855353504961865518e-01 1.851668031587585250e-01
1.850141643046396556e-01 1.850933050657733447e-01 1.851100406194698678e-01 1.850932702560956211e-01
2.042743378389180464e-01 2.042630791414197788e-01 2.042639078159718125e-01 2.042630713218213934e-01
2.118726910217246517e-01 2.118650263811512335e-01 2.118669956107358254e-01 2.118650222538400185e-01
2.032415915216664037e-01 2.032789948036939354e-01 2.033232301061567437e-01 2.032789702100479545e-01
1.745400417490929612e-01 1.746263711398832463e-01 1.747171318840209930e-01 1.746263179771147533e-01
1.748078945039928667e-01 1.748310384220174984e-01 1.748543803701464172e-01 1.748310194693419028e-01
2.034659384277253957e-01 2.034675812724450750e-01 2.034682910787075638e-01 2.034675779205042945e-01
2.120641297588944096e-01 2.120642492555389891e-01 2.120645395650941067e-01 2.120642479084257070e-01
2.025494286690921464e-01 2.025620989992145682e-01 2.025762269525615555e-01 2.025620912790839501e-01
1.648792974496775254e-01 1.649104143165177339e-01 1.649426545097931740e-01 1.649103974835025577e-01
1.650425820832382706e-01 1.650509437363769372e-01 1.650593817275028685e-01 1.650509382568456918e-01
2.026535367367059692e-01 2.026540782797195128e-01 2.026544036574848273e-01 2.026540768563783179e-01
2.120693378634861126e-01 2.120693530091073975e-01 2.120693786095130262e-01 2.120693529481270656e-01
2.022802406102779949e-01 2.022841017966670873e-01 2.022882352922337201e-01 2.022841002616265760e-01
1.609863338377869324e-01 1.609957749236595459e-01 1.610054288383604704e-01 1.609957712295989052e-01
1.609928290537242512e-01 1.609953607497761618e-01 1.609979076654814434e-01 1.609953600260789208e-01
2.022837256446759768e-01 2.022838789740663556e-01 2.022839907010642868e-01 2.022838788545266164e-01
2.120693450928437529e-01 2.120693401207140727e-01 2.120693333193351682e-01 2.120693401435058967e-01
2.026569194447165323e-01 2.026579213493035769e-01 2.026589679430891577e-01 2.026579218567376162e-01
1.650942100644816612e-01 1.650966623291553192e-01 1.650991517911900575e-01 1.650966632919213806e-01
1.649550849176055212e-01 1.649557434571816417e-01 1.649564051623572947e-01 1.649557447854539671e-01
2.025659133825178093e-01 2.025659530911523842e-01 2.025659847274817182e-01 2.025659535759730401e-01
2.120642340075574728e-01 2.120642310499592786e-01 2.120642257325663638e-01 2.120642310224372107e-01
2.034724449404077262e-01 2.034726601424689807e-01 2.034728803997042923e-01 2.034726601512847899e-01
1.748957557644421068e-01 1.748962857528617854e-01 1.748968210405602297e-01 1.748962865021688740e-01
1.746923742842010352e-01 1.746925178864188466e-01 1.746926635004251438e-01 1.746925202320603332e-01
2.032832105362025743e-01 2.032832198582625316e-01 2.032832286357682816e-01 2.032832210902826009e-01
2.118553808428144669e-01 2.118553795372327964e-01 2.118553776510119779e-01 2.118553795865180944e-01
2.042660380437028578e-01 2.042660687136207687e-01 2.042660996311603527e-01 2.042660688659434232e-01
1.851021766224276444e-01 1.851022548674416124e-01 1.851023347676929998e-01 1.851022562912536251e-01
1.849318992504419557e-01 1.849319224810162254e-01 1.849319506270649671e-01 1.849319273258289709e-01
1.661394272986158605e-01 1.661394299418257614e-01 1.661394347467398114e-01 1.661394320839959526e-01
1.884570713939573774e-02 1.884570732301951365e-02 1.884570765795130429e-02 1.884570746929166429e-02
