1.807903168243290282e-01 1.791159634755101759e-01 1.801505761241559977e-01 1.801505775199699899e-01 1.791159641196335417e-01
2.233067064532265056e-01 2.227912899438542760e-01 2.231091063861965762e-01 2.231091078341522482e-01 2.227912911377443461e-01
2.047365488157391611e-01 2.060806659361735516e-01 2.052500669219815554e-01 2.052500680804772437e-01 2.060806705450904663e-01
2.044126254284168165e-01 2.066427384092639763e-01 2.052613466413579502e-01 2.052613460567766224e-01 2.066427398569115337e-01
2.002489271547979177e-01 2.002110216786249786e-01 2.002249896551867581e-01 2.002249913282852234e-01 2.002110208488869780e-01
2.109010596298699081e-01 2.024257050217845300e-01 2.076464608869041106e-01 2.076464698538272313e-01 2.024257064562201003e-01
2.018482692970829662e-01 2.014185197037062780e-01 2.016614883831475136e-01 2.016614921381046366e-01 2.014185231170720625e-01
2.000206841474657660e-01 2.049430965566266805e-01 2.018973758552626840e-01 2.018973727558019404e-01 2.049431091372721225e-01
2.022371007671827370e-01 2.075346130222017471e-01 2.041549969470970727e-01 2.041549953107129334e-01 2.075346177451443397e-01
2.013453114798009203e-01 2.008332409611665592e-01 2.008728364786165066e-01 2.008728429162708884e-01 2.008332397271130054e-01
2.157834219319351710e-01 2.022080087004499149e-01 2.101140451589738334e-01 2.101140629650789238e-01 2.022080093301082127e-01
2.019546067869824602e-01 2.029767748769296387e-01 2.017100661368069481e-01 2.017100720998349361e-01 2.029767803426744677e-01
2.010348865533157503e-01 2.090060577187059787e-01 2.039792070682210356e-01 2.039791984202288799e-01 2.090060784614237444e-01
2.093113964506356783e-01 2.083295833783542772e-01 2.059786127596659466e-01 2.059786116670177247e-01 2.083295923759020118e-01
2.144223238030644463e-01 2.025473797470909165e-01 2.022287688461780752e-01 2.022287812438003929e-01 2.025473793086149943e-01
2.289268758095700240e-01 2.208329988055448556e-01 2.129980093736684454e-01 2.129980332137007271e-01 2.208329989627752232e-01
2.076743426897885991e-01 2.498672626836663802e-01 2.103407840733960144e-01 2.103407908826754602e-01 2.498672683327244626e-01
2.075749194202994863e-01 2.232190265788446815e-01 2.170581783641178097e-01 2.170581652622963209e-01 2.232190519208581969e-01
5.786149086569039035e-01 2.001654153093711253e-01 2.611010306921420776e-01 2.611010309985125066e-01 2.001654263150748625e-01
2.076165562711879686e-01 2.144940394133792450e-01 2.137487971020570476e-01 2.137488134993312527e-01 2.144940394813056317e-01
2.278038008921307589e-01 2.534762980591824255e-01 2.241574496674975103e-01 2.241574734760063969e-01 2.534762993908248330e-01
2.105538054709230888e-01 2.190920854485330638e-01 2.009810180548696756e-01 2.009810242325704710e-01 2.190920887348633828e-01
2.188008159490645033e-01 2.149355734756863145e-01 2.096678180642778666e-01 2.096678033111276651e-01 2.149355959468796928e-01
2.093086833784214562e-01 2.079384536440495312e-01 2.058267910386483435e-01 2.058267941837527149e-01 2.079384636933012120e-01
2.043062454232533465e-01 2.044430526529012471e-01 2.042556266807440402e-01 2.042556436735827319e-01 2.044430520803359463e-01
2.219620255484659743e-01 2.095256478968906821e-01 2.165746525159818192e-01 2.165746702527303336e-01 2.095256522410808286e-01
2.007278186758991723e-01 2.009233904786931202e-01 2.003205638598133664e-01 2.003205674308469186e-01 2.009233918896296545e-01
2.105264462918995938e-01 2.157152483015327693e-01 2.122318524379605553e-01 2.122318393563972505e-01 2.157152648576041998e-01
2.022354988710820811e-01 2.068261296093533153e-01 2.038822282228463234e-01 2.038822345969927841e-01 2.068261368292358959e-01
2.047537325549956266e-01 2.042937825871901092e-01 2.045725280672483493e-01 2.045725425615742554e-01 2.042937821800854259e-01
2.198714560775564264e-01 2.114367328725979545e-01 2.166258115732575817e-01 2.166258220842013360e-01 2.114367397934388826e-01
2.001027397231778804e-01 2.000884856752884189e-01 2.000812002078437291e-01 2.000812018021831395e-01 2.000884862336479719e-01
2.141421570943973507e-01 2.163674342410643603e-01 2.149826418751299428e-01 2.149826359395362874e-01 2.163674436905213549e-01
2.077690446977880911e-01 2.091042770797366113e-01 2.082752463273511434e-01 2.082752525824913270e-01 2.091042831084180542e-01
2.264391327621431138e-01 2.259239241863593706e-01 2.262414793301217864e-01 2.262414860519492699e-01 2.259239246146996505e-01
1.909531217733678732e-01 1.892797106595212331e-01 1.903133820155605838e-01 1.903133845312929007e-01 1.892797109385618015e-01
