1.885054463339950748e-01 1.885198897847875643e-01 1.885207488913163143e-01 1.885059569113150812e-01 1.884964507944614787e-01
2.621397616176949774e-01 2.622010211166398430e-01 2.622007378558213198e-01 2.621376864389129979e-01 2.620993948609841584e-01
2.924362565611440812e-01 2.926177854015660218e-01 2.925870438256985007e-01 2.923838742459453632e-01 2.922804802141943381e-01
2.451650586709298307e-01 2.453120913429351346e-01 2.452347435281471699e-01 2.450305438050826290e-01 2.449589356247397764e-01
2.239873104976272400e-01 2.239342260646293714e-01 2.237689688252216258e-01 2.237117408202351498e-01 2.238189348025863556e-01
2.443592931894991438e-01 2.440945097395591235e-01 2.435934240892932701e-01 2.435561730194510666e-01 2.440126419583407980e-01
2.871371054864064187e-01 2.872800252370348861e-01 2.869457153157740636e-01 2.866209867057684657e-01 2.867280527253543987e-01
2.414137805767602174e-01 2.418601002969791303e-01 2.419192044600677605e-01 2.415154202017638918e-01 2.412008004944656281e-01
2.125449136094039182e-01 2.126836673386492405e-01 2.126847584385617995e-01 2.125481280879638613e-01 2.124660751602805708e-01
2.057652532606029927e-01 2.058224183463609747e-01 2.057590472543714410e-01 2.056667209738835822e-01 2.056687653586470876e-01
2.126516741928756449e-01 2.127254763990407693e-01 2.125066817788967277e-01 2.123018786797531143e-01 2.123927825725771268e-01
2.413225422928678143e-01 2.415351248551832752e-01 2.408438184272975735e-01 2.402084669391003346e-01 2.405082874571869145e-01
2.860871135146346722e-01 2.868471335947794243e-01 2.846561004835132525e-01 2.825565586601956336e-01 2.834287119185069370e-01
2.435391859048148810e-01 2.443218725493002119e-01 2.421458226651096723e-01 2.400412032595141409e-01 2.408893149360756269e-01
2.131451005413129152e-01 2.133850978504396867e-01 2.127187516662830957e-01 2.120798079804968317e-01 2.123385900212836630e-01
2.032548368900148894e-01 2.033284864547839355e-01 2.031250921389914088e-01 2.029279457739984471e-01 2.030095079063519159e-01
2.006973372870731742e-01 2.007190938253452794e-01 2.006579305841654226e-01 2.006005001807132648e-01 2.006239462972081999e-01
2.002493362699403201e-01 2.002568831103376246e-01 2.002350163044553932e-01 2.002156735922200059e-01 2.002238576044238494e-01
2.001018735717785824e-01 2.001047971892855049e-01 2.000968059720552028e-01 2.000888813825668910e-01 2.000908551686267356e-01
2.000557246802788236e-01 2.000563826876124163e-01 2.000531898926692920e-01 2.000497751688556092e-01 2.000503756219894347e-01
2.000457057817584816e-01 2.000462111622164085e-01 2.000476737032419738e-01 2.000408064239805050e-01 2.000439178327975132e-01
2.000353299583041422e-01 2.000379256542031692e-01 2.000408223960109810e-01 2.000525478198222906e-01 2.000529360368945575e-01
2.000619270751287648e-01 2.000629415658823629e-01 2.000644381927131621e-01 2.000734188146681414e-01 2.000744694236184229e-01
2.000490539171329019e-01 2.000553207333626293e-01 2.000534915996083352e-01 2.000535443322989659e-01 2.000551717656942341e-01
1.999364485465301711e-01 1.999467848203987375e-01 1.999401957657419016e-01 1.999341359509625715e-01 1.999393145466843158e-01
1.998392362358833163e-01 1.998535126000953732e-01 1.998429890764439332e-01 1.998332343938437616e-01 1.998364833155543141e-01
1.998136170176887938e-01 1.998099378910118962e-01 1.998134595745154618e-01 1.998237454409469427e-01 1.998266805498376819e-01
1.998595151401618975e-01 1.998598889553980518e-01 1.998600019763373814e-01 1.998604443443172674e-01 1.998606199842178910e-01
1.999435065594174221e-01 1.999437468640569149e-01 1.999439377981908628e-01 1.999438153788648531e-01 1.999437216389692573e-01
1.999687135940532434e-01 1.999688440988220128e-01 1.999689095115432524e-01 1.999689051306478282e-01 1.999689194970306616e-01
1.998813568222893855e-01 1.998813940037796055e-01 1.998814345110312141e-01 1.998814619123277236e-01 1.998815243315289480e-01
2.000616344742434383e-01 2.000616428492265619e-01 2.000616542069831860e-01 2.000616659477955361e-01 2.000616999215399094e-01
2.002860480294445800e-01 2.002860557902890470e-01 2.002860531730054072e-01 2.002860498414753276e-01 2.002860655626132746e-01
2.006429961108270044e-01 2.006430004917168775e-01 2.006429968759805282e-01 2.006429910757144552e-01 2.006429984694309832e-01
1.714910236968756052e-01 1.714910253041852517e-01 1.714910243718184846e-01 1.714910205360141160e-01 1.714910249474350667e-01
2.796599169335070925e-02 2.796599240211153359e-02 2.796599287527454930e-02 2.796599176850500523e-02 2.796599275771511489e-02
