2.295829013470848112e-01 2.296938694753556387e-01 2.298140085736224414e-01 2.297310868865395650e-01 2.295452534526953026e-01
3.229053696927155492e-01 3.229979278568664292e-01 3.230568863304319471e-01 3.227813796387770107e-01 3.224812279508648127e-01
2.868221222058459641e-01 2.867701584145679328e-01 2.867998615217824954e-01 2.863389025427456880e-01 2.857820023909449225e-01
3.062087314043966391e-01 3.074150905683641355e-01 3.084415809443631362e-01 3.072015475768991588e-01 3.049430270747368055e-01
2.544954753898950872e-01 2.565549893693124806e-01 2.568546088077919842e-01 2.546269024426526806e-01 2.523402636427644619e-01
2.532491438940410178e-01 2.560263920807487326e-01 2.531321562502115152e-01 2.485888966884637341e-01 2.480918062985947303e-01
2.941156052220122441e-01 2.983530736979375653e-01 2.924843388424434587e-01 2.850436909379279737e-01 2.856832097450587304e-01
2.437481244911994249e-01 2.463805571880052780e-01 2.419696139164762283e-01 2.368526982065999598e-01 2.376585875097041722e-01
2.129897847707111769e-01 2.137145358134331652e-01 2.124920908049629242e-01 2.110666606406073620e-01 2.112681682533812111e-01
2.050663923892294682e-01 2.052456392781973338e-01 2.048767413841548479e-01 2.044432027833432419e-01 2.045936499158217126e-01
2.055028486215459138e-01 2.052702135861287913e-01 2.051437016716434469e-01 2.052197846400666270e-01 2.049238995897448845e-01
2.138945737294787042e-01 2.148152804260193283e-01 2.146687518225180169e-01 2.136442210455841706e-01 2.096292444097419272e-01
2.412117237704668737e-01 2.421384706379817731e-01 2.416597582838458103e-01 2.404814287491973956e-01 2.349824893188509900e-01
2.816216918051328011e-01 2.819069114848586910e-01 2.814238937179258104e-01 2.808193656496035806e-01 2.813279036614496631e-01
2.404818954061672398e-01 2.402932333287304822e-01 2.401660176919704903e-01 2.402348990158900410e-01 2.404206411390904796e-01
2.113110344832540566e-01 2.118469857821595748e-01 2.119710442525676863e-01 2.120738640005019604e-01 2.120154241066953826e-01
1.976303176645028137e-01 2.003281615583525632e-01 2.027791754697784166e-01 2.028440810319565024e-01 2.004345357991064169e-01
1.961634883494467740e-01 1.880626761775424094e-01 1.990990219395783745e-01 1.991263580277660150e-01 1.881139373033339779e-01
3.350353805210877223e-01 1.922670588403089520e-01 1.888992188475282774e-01 1.889088451455312179e-01 1.922802541207803972e-01
1.955922433354338463e-01 1.874913447924141108e-01 1.985661147025609419e-01 1.985692127382627237e-01 1.874896060847842660e-01
1.946440971475787707e-01 1.973820327261137930e-01 1.998722280386016348e-01 1.998676558143687443e-01 1.973690240271780416e-01
1.989350344806475601e-01 1.996540152766524134e-01 1.998101798270135732e-01 1.998062037557374049e-01 1.996591307990633335e-01
1.992469430872484959e-01 1.993134654312672671e-01 1.993112884998015366e-01 1.993143067443021166e-01 1.993357378260018076e-01
1.997575191159081387e-01 1.997921274988735674e-01 1.997907251143923590e-01 1.997963293192017431e-01 1.998082205014001800e-01
1.995789024735795669e-01 1.996197301661020995e-01 1.996294616499741104e-01 1.996332360936291239e-01 1.996251750954378956e-01
1.958719963992003044e-01 1.958850206477889822e-01 1.958870167173393517e-01 1.958887686277231976e-01 1.958867563769398357e-01
1.649700799447954003e-01 1.649932089231303523e-01 1.650157627671674232e-01 1.650158765907221436e-01 1.649952846231686476e-01
8.109005088715427745e-02 8.116463713012417314e-02 8.130294376369916198e-02 8.131473303909872441e-02 8.118752625444343451e-02
1.648819784619686701e-01 1.649468451539501390e-01 1.650737076083779731e-01 1.650854423675220395e-01 1.649680629596149417e-01
1.958300835075126312e-01 1.958377571074238488e-01 1.958534428753650469e-01 1.958547795801282021e-01 1.958403135835199982e-01
1.994297140032782745e-01 1.994299610941902556e-01 1.994304647732955404e-01 1.994305182923772068e-01 1.994300488152990769e-01
1.997800001960476357e-01 1.997800129744068398e-01 1.997799479004687961e-01 1.997799721695507902e-01 1.997800409987766368e-01
1.995317776219598382e-01 1.995329576587298870e-01 1.995352811303841567e-01 1.995355562672866401e-01 1.995334211936770075e-01
2.004120702255984265e-01 2.004133732467645312e-01 2.004159794743326506e-01 2.004162635251621472e-01 2.004138550516186557e-01
1.714324722979349014e-01 1.714326169497443764e-01 1.714329205428536118e-01 1.714329507655469875e-01 1.714326734547719777e-01
2.794961462361604879e-02 2.794962168106139566e-02 2.794963762591893067e-02 2.794963923391113533e-02 2.794962501944597832e-02
