9.806564159330552477e-04 2.391677241528128092e-02 3.769069345859978049e-02 2.391677241524716585e-02
1.307445247789132403e-01 1.667088841264329213e-01 1.908731974930754638e-01 1.667088841388826848e-01
1.831663011047647005e-01 1.906412180668769496e-01 1.932760915089175302e-01 1.906412181035571363e-01
1.891778842763512936e-01 1.898575357477367553e-01 1.896919868595743630e-01 1.898575357611959336e-01
2.046556161938582752e-01 2.045923025243293059e-01 2.045923333087059370e-01 2.045923025252119887e-01
2.120334143135259031e-01 2.119617713993762198e-01 2.119576618712122607e-01 2.119617713713498885e-01
2.045364864546857786e-01 2.045496093757826206e-01 2.045702293277614492e-01 2.045496093462365883e-01
1.892253307437652687e-01 1.892324623673126427e-01 1.892371221365512779e-01 1.892324622819699931e-01
1.892423234070411409e-01 1.892435802279516521e-01 1.892438579610747351e-01 1.892435800721708472e-01
2.045881329955001326e-01 2.045881913899085247e-01 2.045882006725811830e-01 2.045881913503715677e-01
2.120618172706514593e-01 2.120617361353661634e-01 2.120617739321342954e-01 2.120617360507275340e-01
2.043410792611370375e-01 2.043413944143718797e-01 2.043418823434013931e-01 2.043413942830528407e-01
1.866418279762528665e-01 1.866426733277800898e-01 1.866436397032479877e-01 1.866426728418650871e-01
1.868527803056371228e-01 1.868530177537846559e-01 1.868532658613343556e-01 1.868530170168406501e-01
2.043752462563736827e-01 2.043752676444212657e-01 2.043752733169076075e-01 2.043752676925212619e-01
2.113022005594762665e-01 2.113022035322629777e-01 2.113022309786612984e-01 2.113022032008955720e-01
1.924072339868265202e-01 1.924075381312296273e-01 1.924079204971601009e-01 1.924075380401991942e-01
8.334947087896070472e-02 8.335023074959192757e-02 8.335105195255627930e-02 8.335023333326388451e-02
8.335001587981977211e-02 8.335021989600341352e-02 8.335043451377883994e-02 8.335022744144844620e-02
1.924075348026656751e-01 1.924075474653179629e-01 1.924075537801939184e-01 1.924075522111436121e-01
2.113022153087328603e-01 2.113022088310370916e-01 2.113022028055523693e-01 2.113022104353766972e-01
2.043752949967326260e-01 2.043753058569758307e-01 2.043753221815700349e-01 2.043753089241716336e-01
1.868535146819396975e-01 1.868535523360116690e-01 1.868535930059592176e-01 1.868535528959913705e-01
1.866432143247703790e-01 1.866432254303913851e-01 1.866432388401629561e-01 1.866432285034969052e-01
2.043414281850208791e-01 2.043414296945145203e-01 2.043414301858288429e-01 2.043414295125063895e-01
2.120615853498992176e-01 2.120615854382476295e-01 2.120615851535504193e-01 2.120615854736338513e-01
2.045882114608467417e-01 2.045882124263362911e-01 2.045882123321690893e-01 2.045882121060862147e-01
1.892437492407591515e-01 1.892437518981139877e-01 1.892437543853221216e-01 1.892437549055440704e-01
1.892315133585551201e-01 1.892315141560765024e-01 1.892315150186871797e-01 1.892315148359638155e-01
2.045245140928457495e-01 2.045245141710591574e-01 2.045245143035210877e-01 2.045245142885463718e-01
2.118675716090295535e-01 2.118675716162388423e-01 2.118675716106809825e-01 2.118675716296218592e-01
2.045923388976570167e-01 2.045923389286205818e-01 2.045923389897042755e-01 2.045923389792435043e-01
1.896077017379984575e-01 1.896077018152104721e-01 1.896077020058075657e-01 1.896077019448875745e-01
1.895853802466475613e-01 1.895853802902021101e-01 1.895853804695830092e-01 1.895853804343391735e-01
1.665622539730283180e-01 1.665622539859909490e-01 1.665622540485985903e-01 1.665622540391847040e-01
1.886329647434706672e-02 1.886329647561624939e-02 1.886329647859107464e-02 1.886329647834807458e-02
