1.887139780759204966e-01 1.887371194329700019e-01 1.886962442641499094e-01 1.886300263512334652e-01 1.886318228496385030e-01
2.623575481152464750e-01 2.623749530927593221e-01 2.621400927552717808e-01 2.618882468848415801e-01 2.619720010487012196e-01
2.922361634455823420e-01 2.922861949417119853e-01 2.915442782576374015e-01 2.908345481378012409e-01 2.910887015150142032e-01
2.431035119417938872e-01 2.431371625004203341e-01 2.423657696718222176e-01 2.416750880798004264e-01 2.418182040089674467e-01
2.120634287235615423e-01 2.121113724337602147e-01 2.118564764034427950e-01 2.116453437415990735e-01 2.115976765005379012e-01
2.026831894447232441e-01 2.026968345019972417e-01 2.026350785917857000e-01 2.025893481418402087e-01 2.026654949987749810e-01
2.005468844248297355e-01 2.005687956753257339e-01 2.005788785920882000e-01 2.005658372438747228e-01 2.006103905246334473e-01
2.002299228381372032e-01 2.002343968764417892e-01 2.002318486483309068e-01 2.002280725264855288e-01 2.002407526145479066e-01
2.000879347151520160e-01 2.000864008592351528e-01 2.000809439259190470e-01 2.000834360464684991e-01 2.000874323971522650e-01
1.999703094740163667e-01 1.999595213605756538e-01 1.999592768662724063e-01 1.999637350799445268e-01 1.999607492639795814e-01
1.999017435222051886e-01 1.999017567075015156e-01 1.998937884023936629e-01 1.998756023397978421e-01 1.998558140400860383e-01
1.998856232549879874e-01 1.998856836583020880e-01 1.998973261325577844e-01 1.998634661950428326e-01 1.998220558408353165e-01
1.999518765725082914e-01 1.999496795285055917e-01 1.999733273739252581e-01 1.999386318391591644e-01 1.998948254609059227e-01
2.001688574487746342e-01 2.001406318884072222e-01 2.001681088356711546e-01 2.001461103410124565e-01 2.000813211206214359e-01
2.007466119385034609e-01 2.006594641102226184e-01 2.006013722530330390e-01 2.006011181662298581e-01 2.005778455969029206e-01
2.031214311872087952e-01 2.028856930256543456e-01 2.022610404222678349e-01 2.022708279343815585e-01 2.027647071786203292e-01
2.109861268652196142e-01 2.102704941659626903e-01 2.086829173993789699e-01 2.086706463745220674e-01 2.101789191028559933e-01
2.520834627718480658e-01 2.309720769616792346e-01 2.248382932018588853e-01 2.251939799448584301e-01 2.321155530782262610e-01
4.653177989395944070e-01 2.816199394629482211e-01 2.530925600933476849e-01 2.534888551878151097e-01 2.826897908443788410e-01
2.543660468880639680e-01 2.321423045033455257e-01 2.246346788287495455e-01 2.247365356452096508e-01 2.323656526752473916e-01
2.121256780061167857e-01 2.104984799363347758e-01 2.081365038880676754e-01 2.081847633008888365e-01 2.105372460816064273e-01
2.032234649772269863e-01 2.027684657173569605e-01 2.017757536918642902e-01 2.017911416514993339e-01 2.027949115833823368e-01
2.006854853778803627e-01 2.005123858355242483e-01 2.002960206746010330e-01 2.002989774289334612e-01 2.005258842415892917e-01
2.001971954048310243e-01 2.001217572192469929e-01 2.000638845575311575e-01 2.000573843209161318e-01 2.001056718195627360e-01
1.998782813050390128e-01 1.998423176183905803e-01 1.998272574775251387e-01 1.998248066198387574e-01 1.998307299268333725e-01
1.994122929685080425e-01 1.994255377853907663e-01 1.994308901787574251e-01 1.994334253450062711e-01 1.994314269041408960e-01
1.997777346696066048e-01 1.997842692485474192e-01 1.997842578544793413e-01 1.997875750721775923e-01 1.997994714380121606e-01
1.995476755569743632e-01 1.995616448562999579e-01 1.995617405525348109e-01 1.995651243619344928e-01 1.995757155904909208e-01
1.956828690126081460e-01 1.957074577654466241e-01 1.957027415749531263e-01 1.957007669959868745e-01 1.957128513361335032e-01
1.646012130570349008e-01 1.645723195682152751e-01 1.644964516684108424e-01 1.644900294013717235e-01 1.645715965924756108e-01
8.178513931061706654e-02 8.174419925293363587e-02 8.165423685106683316e-02 8.164287870390840585e-02 8.172957204623504390e-02
1.644871178904536713e-01 1.644752463193908387e-01 1.644439844655417038e-01 1.644368368498130284e-01 1.644640072355253446e-01
1.958541361777896561e-01 1.958529667816107933e-01 1.958495243394488550e-01 1.958485328632693090e-01 1.958513216178150440e-01
2.000912508049677574e-01 2.000913729242958239e-01 2.000914882706522624e-01 2.000914521559468418e-01 2.000913197282717659e-01
1.711966291230014592e-01 1.711970337850449442e-01 1.711978830841143218e-01 1.711980061690425159e-01 1.711972337559756752e-01
2.784573812210181659e-02 2.784595972520438611e-02 2.784643305118107010e-02 2.784650341414047006e-02 2.784607310473550743e-02
