1.808117905867181463e-01 1.792270847824638247e-01 1.802127713905783968e-01 1.802127613797000483e-01 1.792270947794779579e-01
2.233139797149213401e-01 2.229077667634299376e-01 2.231355562387096203e-01 2.231355544955136994e-01 2.229077803820892767e-01
2.047759427673165045e-01 2.061229072391926598e-01 2.052878616652368260e-01 2.052878772944170260e-01 2.061229296099875152e-01
2.048971173758142028e-01 2.066705865596299152e-01 2.054452342004942367e-01 2.054452642123233697e-01 2.066705857605749541e-01
2.005399392232643518e-01 2.002418285278066146e-01 2.002457222040010254e-01 2.002457314402905919e-01 2.002418255038856121e-01
2.109721267939492495e-01 2.030680835500265069e-01 2.077126025364840201e-01 2.077125754777588151e-01 2.030681353719217541e-01
2.019101393981284909e-01 2.024496698338641154e-01 2.018389485064597533e-01 2.018389513055195705e-01 2.024497035050915050e-01
2.004298374116315340e-01 2.051883832115684869e-01 2.020858112976174903e-01 2.020858339914693436e-01 2.051884384735259970e-01
2.057542153208812841e-01 2.075513129047977245e-01 2.052095686998957613e-01 2.052096321625287989e-01 2.075513087284049374e-01
2.035536359584509680e-01 2.010786899753163603e-01 2.010443460728358334e-01 2.010443796111566206e-01 2.010786854613843544e-01
2.162008009085597537e-01 2.058504549162842034e-01 2.103384825091855759e-01 2.103384500532488599e-01 2.058505047600895643e-01
2.020660363623164590e-01 2.087230865690436754e-01 2.027207791188117003e-01 2.027207950774008172e-01 2.087231420660273506e-01
2.036507543720795232e-01 2.100051454492713188e-01 2.048421798140434014e-01 2.048421938668003039e-01 2.100052434181678973e-01
2.262369912021857110e-01 2.083462565097554398e-01 2.109328451532024584e-01 2.109329259512406907e-01 2.083462667595312179e-01
2.199357553540654264e-01 2.035519687530417121e-01 2.030682465698773753e-01 2.030683169215857231e-01 2.035519771567319280e-01
2.241736235606058558e-01 2.303945766055391364e-01 2.140456530992665141e-01 2.140456180012058340e-01 2.303946175171515121e-01
2.021417980111598900e-01 2.496877333017303580e-01 2.099060313098648489e-01 2.099060487415492227e-01 2.496877947994691760e-01
2.211158460470196707e-01 2.178110306479041358e-01 2.139382467298887591e-01 2.139382540361853269e-01 2.178111692146452172e-01
4.283673436029641346e-01 2.054643105676332848e-01 2.464146214895595044e-01 2.464147101650676075e-01 2.054643123160494744e-01
2.211236572647034271e-01 2.091089826363548565e-01 2.105581850264187094e-01 2.105582718040818202e-01 2.091089909688942650e-01
2.222560337832172328e-01 2.533552996157462101e-01 2.237093697447618545e-01 2.237093394085134801e-01 2.533553283709261139e-01
2.058033897453439287e-01 2.284662707586794517e-01 2.020041201434817635e-01 2.020041376892365848e-01 2.284663084626492868e-01
2.243531277746219910e-01 2.159303937211776436e-01 2.105250687391925779e-01 2.105250591784869341e-01 2.159305202598207074e-01
2.260343627641409336e-01 2.079473197261711148e-01 2.106635031453527873e-01 2.106635784097392605e-01 2.079473256586632512e-01
2.068986288923733430e-01 2.054586187469644720e-01 2.050555479817585125e-01 2.050556434020496532e-01 2.054586234129006650e-01
2.220449778203113234e-01 2.152376600268989526e-01 2.175421662119338129e-01 2.175421340427781125e-01 2.152376904766734877e-01
2.011578897324606263e-01 2.043664539161976490e-01 2.005092807545698630e-01 2.005092914580897945e-01 2.043664723566983865e-01
2.127642410097783654e-01 2.159524124374250509e-01 2.124098752808283863e-01 2.124098642528933212e-01 2.159524982652407665e-01
2.055252582779020509e-01 2.068308593871978074e-01 2.048000089696950798e-01 2.048000643548779087e-01 2.068308572016344105e-01
2.051383956231083716e-01 2.045518602015840015e-01 2.047005729165314591e-01 2.047006356261812654e-01 2.045518584182315081e-01
2.199015687393852669e-01 2.124182791844516360e-01 2.167589394549527815e-01 2.167589093664017419e-01 2.124182932225487375e-01
2.001837533935219848e-01 2.005389660102887273e-01 2.001040760529023965e-01 2.001040790418026627e-01 2.005389707846601255e-01
2.144570836890225818e-01 2.163990341297644671e-01 2.150078122898544108e-01 2.150077992170159047e-01 2.163990633336631553e-01
2.080570485702223638e-01 2.091221894096249312e-01 2.083359140570478218e-01 2.083359420110069138e-01 2.091221921199214462e-01
2.264578126855669171e-01 2.259718748538224187e-01 2.262382090682858726e-01 2.262382329078214960e-01 2.259718704892777763e-01
1.909499641233787237e-01 1.893500250372013305e-01 1.903261727037216799e-01 1.903261634099276955e-01 1.893500253727010141e-01
