1.808589851069236087e-01 1.792652569457824918e-01 1.802552283981854464e-01 1.802551833698988193e-01 1.792653066361123981e-01
2.233313961302650086e-01 2.229169536577713384e-01 2.231497443192400343e-01 2.231497171829284754e-01 2.229170089066920546e-01
2.047867731312693895e-01 2.061358926204934772e-01 2.053001973935741631e-01 2.053002437168726380e-01 2.061359624946902946e-01
2.049252297087625074e-01 2.067186428070156012e-01 2.054819272783521555e-01 2.054820395878975414e-01 2.067185683383062078e-01
2.005414880343334982e-01 2.002417521688462099e-01 2.002434732301874021e-01 2.002434956770935970e-01 2.002417263057737207e-01
2.110319912124260788e-01 2.030900754802841823e-01 2.077512382253183798e-01 2.077510795339468641e-01 2.030902373242008674e-01
2.019295045435160474e-01 2.024530120416777879e-01 2.018552439822758615e-01 2.018552022977350979e-01 2.024531509974412946e-01
2.004307630969151821e-01 2.052003127211006195e-01 2.020917611188793594e-01 2.020918377646227504e-01 2.052005190668478862e-01
2.057659280409645519e-01 2.076031928709380081e-01 2.052317985747737494e-01 2.052320870372827122e-01 2.076030990778424679e-01
2.035595400880626793e-01 2.010784638301673366e-01 2.010361152769502835e-01 2.010362377796922617e-01 2.010784478546666088e-01
2.162656135939876878e-01 2.058533744632054241e-01 2.103629501781066058e-01 2.103627861168441415e-01 2.058535716383728675e-01
2.020846554478415713e-01 2.087211336366984749e-01 2.027369031954033562e-01 2.027369314022217650e-01 2.087213738688120657e-01
2.036418972352781742e-01 2.100116506264579075e-01 2.048371802056135893e-01 2.048372402519595681e-01 2.100120828493786951e-01
2.262385746324053482e-01 2.083943794647489800e-01 2.109355495291088956e-01 2.109359072777609034e-01 2.083943266252454574e-01
2.199477258650072709e-01 2.035517096150085137e-01 2.030522362948599946e-01 2.030524959540901397e-01 2.035517258814358021e-01
2.242334753152127880e-01 2.303809834864224970e-01 2.140493371778282583e-01 2.140492327309061193e-01 2.303811397677276163e-01
2.021571158347230668e-01 2.496821166986097351e-01 2.099197131572979602e-01 2.099197771436095150e-01 2.496823693761756335e-01
2.211008724667216374e-01 2.178090681940451079e-01 2.139213496586730989e-01 2.139213334434039437e-01 2.178096734671688406e-01
4.283674216255690670e-01 2.055015339134809715e-01 2.463979969950599314e-01 2.463983289579488867e-01 2.055015234307655259e-01
2.211381735789075820e-01 2.091088295773253225e-01 2.105349155157400232e-01 2.105352749856662931e-01 2.091088739280449194e-01
2.222898970044265010e-01 2.533306798871636234e-01 2.236908108325962596e-01 2.236907766807994802e-01 2.533307788076744616e-01
2.058120997157945609e-01 2.284614718377457609e-01 2.020133556178000112e-01 2.020134420840181133e-01 2.284616469533832794e-01
2.243320871280581053e-01 2.159170684001186780e-01 2.104951476139304001e-01 2.104951323269097507e-01 2.159175333115437023e-01
2.260358248259521086e-01 2.079694570963844247e-01 2.106393531928638652e-01 2.106396611290138332e-01 2.079693490897690233e-01
2.069083404861531139e-01 2.054548534747987210e-01 2.050312741734711397e-01 2.050315834435176565e-01 2.054548150946450269e-01
2.220547835535716663e-01 2.152028401513670086e-01 2.175099200353836360e-01 2.175097010370631856e-01 2.152032578066745416e-01
2.011622156422902263e-01 2.043641095389168438e-01 2.005138583772432259e-01 2.005139019734873962e-01 2.043641714867949488e-01
2.127350498917414401e-01 2.159274738498405399e-01 2.123709235314475419e-01 2.123709031095775412e-01 2.159277050623787109e-01
2.055249759087665606e-01 2.068363213599950512e-01 2.047750175906410397e-01 2.047752740699946561e-01 2.068363057961673801e-01
2.051399811225568526e-01 2.045441190127897102e-01 2.046795608398135347e-01 2.046797964183465768e-01 2.045441274990370817e-01
2.198861109741529485e-01 2.123785009702784943e-01 2.167193941858459039e-01 2.167192555339122473e-01 2.123786883267245185e-01
2.001848957721824029e-01 2.005383480351882186e-01 2.001052673549432170e-01 2.001052830362997081e-01 2.005383604120294649e-01
2.144227809258060502e-01 2.163648868643947010e-01 2.149659116875716480e-01 2.149659139484454973e-01 2.163649876525746973e-01
2.080521128559486843e-01 2.091147576422996424e-01 2.083167528605187890e-01 2.083168504908556595e-01 2.091147756039785921e-01
2.264500143531523180e-01 2.259606419492137808e-01 2.262233523015870218e-01 2.262234138152933727e-01 2.259606415393746459e-01
1.909137488673784688e-01 1.893102208810849563e-01 1.902868761305693268e-01 1.902868488349920562e-01 1.893102320563569141e-01
