5.504959941943558116e-03 2.036539496478920533e-02 2.883308454135619439e-02 2.036539423007519695e-02
1.411606894503220633e-01 1.641025678192539472e-01 1.805841303327345160e-01 1.641025598744105807e-01
1.744934233428522552e-01 1.836932536630739576e-01 1.905247117226205322e-01 1.836932364617996638e-01
1.824819324995994585e-01 1.841838890672055917e-01 1.854356892300281223e-01 1.841838850715578901e-01
2.041504586318691472e-01 2.042055883643517644e-01 2.042301470743594360e-01 2.042055883303272590e-01
2.119318318164742088e-01 2.118801000306633486e-01 2.119191155953069894e-01 2.118800998471810360e-01
2.020377489990791975e-01 2.029814356186684932e-01 2.041174526300745251e-01 2.029814318009107166e-01
1.713878750118400518e-01 1.737627153114106315e-01 1.762737414462683394e-01 1.737627066488209304e-01
1.734328318403463853e-01 1.740755758793383068e-01 1.747246614301746215e-01 1.740755740021188436e-01
2.033635257925315853e-01 2.034100170823859854e-01 2.034298237936407461e-01 2.034100171400401447e-01
2.120603323934039386e-01 2.120624864859435577e-01 2.120694494402953489e-01 2.120624864547164257e-01
2.022176568948460262e-01 2.025574965603566258e-01 2.029374670340102216e-01 2.025574953241963405e-01
1.642435156950327046e-01 1.650824319147311259e-01 1.659521091300091289e-01 1.650824290485896351e-01
1.649923648370273666e-01 1.652180936642720088e-01 1.654458082433002408e-01 1.652180930954953719e-01
2.026498439051345746e-01 2.026645674457474566e-01 2.026733764234368573e-01 2.026645674966997268e-01
2.120691338056249486e-01 2.120694065678935258e-01 2.120699577225967636e-01 2.120694065758050861e-01
2.022702281166877669e-01 2.023723782239211788e-01 2.024818863729226093e-01 2.023723780301976416e-01
1.618135217924462910e-01 1.620637785905537642e-01 1.623197913392734615e-01 1.620637781614968631e-01
1.619860979169916726e-01 1.620532576051066098e-01 1.621208146581674114e-01 1.620532576860960750e-01
2.023635920654556219e-01 2.023676790201685838e-01 2.023706525391711086e-01 2.023676790945058146e-01
2.120693534899285304e-01 2.120692019233966497e-01 2.120690048203289213e-01 2.120692019289515950e-01
2.027414903757425169e-01 2.027677224562014213e-01 2.027951257537577434e-01 2.027677226395251942e-01
1.663821552833807393e-01 1.664464588341674767e-01 1.665116918388460099e-01 1.664464593626568956e-01
1.662899303175394139e-01 1.663071898018040062e-01 1.663245157872931257e-01 1.663071903739480051e-01
2.026760958176226368e-01 2.026771075498760843e-01 2.026779381741049546e-01 2.026771077485865769e-01
2.120644446309170594e-01 2.120643327070972917e-01 2.120641981100139795e-01 2.120643327028990943e-01
2.035427071927391751e-01 2.035482677904963678e-01 2.035539841749745560e-01 2.035482680054244153e-01
1.758448795457266400e-01 1.758586392389946129e-01 1.758725252873660494e-01 1.758586400531537419e-01
1.756621485011496120e-01 1.756658758774581330e-01 1.756696144782776414e-01 1.756658773620166925e-01
2.033658285297237911e-01 2.033660586576605256e-01 2.033662654829756777e-01 2.033660593187847365e-01
2.118561556934712986e-01 2.118561127411556222e-01 2.118560640769322490e-01 2.118561127811268985e-01
2.042891801444533528e-01 2.042899588479908934e-01 2.042907519329628663e-01 2.042899590000548105e-01
1.854270596182902853e-01 1.854290673858521310e-01 1.854310885737025516e-01 1.854290683798533734e-01
1.852684164810027845e-01 1.852690183664350565e-01 1.852696266313831330e-01 1.852690213269359842e-01
1.661699764532129642e-01 1.661700467962366201e-01 1.661701193298437962e-01 1.661700481127789397e-01
1.884697545563310261e-02 1.884698032162291162e-02 1.884698549215120880e-02 1.884698042712922711e-02
