2.019807806321735622e-01 2.019807806308098475e-01 2.019807806294043606e-01 2.019807806266477601e-01
2.289430473845770198e-01 2.289430473758801987e-01 2.289430473767676555e-01 2.289430473657013965e-01
1.935637614761110126e-01 1.935637614623580971e-01 1.935637614603716306e-01 1.935637614476828638e-01
1.898398872533597626e-01 1.898398872434042262e-01 1.898398872336915510e-01 1.898398872276090277e-01
2.045926925478000757e-01 2.045926925449081391e-01 2.045926925395419871e-01 2.045926925337366031e-01
2.120927781706253290e-01 2.120927781660568723e-01 2.120927781638712317e-01 2.120927781559091563e-01
2.046133988539522441e-01 2.046133988465361764e-01 2.046133988478045507e-01 2.046133988429307271e-01
1.893732705447215836e-01 1.893732705361709234e-01 1.893732705360211543e-01 1.893732705342132949e-01
1.893706808281975240e-01 1.893706808202639535e-01 1.893706808154199672e-01 1.893706808150532050e-01
2.045946478087787845e-01 2.045946478082125430e-01 2.045946478072431796e-01 2.045946478046232475e-01
2.120700495100892591e-01 2.120700495133835406e-01 2.120700495162768928e-01 2.120700495174874245e-01
2.045946644856927732e-01 2.045946644874399034e-01 2.045946644924732938e-01 2.045946644952471583e-01
1.893703402392903357e-01 1.893703402360397692e-01 1.893703402378125733e-01 1.893703402447999007e-01
1.893703380587684337e-01 1.893703380568574901e-01 1.893703380520296575e-01 1.893703380561483074e-01
2.045946486807046494e-01 2.045946486838462197e-01 2.045946486795328090e-01 2.045946486799584685e-01
2.120700271424979799e-01 2.120700271471072096e-01 2.120700271480980004e-01 2.120700271486851696e-01
2.045946486897264327e-01 2.045946486924423713e-01 2.045946486956657928e-01 2.045946486978598988e-01
1.893703377527313492e-01 1.893703377514000530e-01 1.893703377548444089e-01 1.893703377605403804e-01
1.893703377487561124e-01 1.893703377484881600e-01 1.893703377465993931e-01 1.893703377506504026e-01
2.045946485825090588e-01 2.045946485844168106e-01 2.045946485820602512e-01 2.045946485834538864e-01
2.120700268127582722e-01 2.120700268166436364e-01 2.120700268161139768e-01 2.120700268177977688e-01
2.045946486795623409e-01 2.045946486820470755e-01 2.045946486819915644e-01 2.045946486851517032e-01
1.893703377192021975e-01 1.893703377190575077e-01 1.893703377203267146e-01 1.893703377243951269e-01
1.893703342545218771e-01 1.893703342543068269e-01 1.893703342543120172e-01 1.893703342562859382e-01
2.045945703964127393e-01 2.045945703971169816e-01 2.045945703936788151e-01 2.045945703934617943e-01
2.120697732936073499e-01 2.120697732954749670e-01 2.120697732931880464e-01 2.120697732942813385e-01
2.045946478088458420e-01 2.045946478112624645e-01 2.045946478115619471e-01 2.045946478132962265e-01
1.893704046075310732e-01 1.893704046106221839e-01 1.893704046110466221e-01 1.893704046132201335e-01
1.893683939913066161e-01 1.893683939949403205e-01 1.893683939952080786e-01 1.893683939970746688e-01
2.045367838412539829e-01 2.045367838442320452e-01 2.045367838403463756e-01 2.045367838426278284e-01
2.118678738705747633e-01 2.118678738723193400e-01 2.118678738686516350e-01 2.118678738716156529e-01
2.045926925488949777e-01 2.045926925513359418e-01 2.045926925517277117e-01 2.045926925554390485e-01
1.896149829292080868e-01 1.896149829333358128e-01 1.896149829339443260e-01 1.896149829373579843e-01
1.895932531962859213e-01 1.895932532001475268e-01 1.895932532006733284e-01 1.895932532026547712e-01
1.665629667146176773e-01 1.665629667170271111e-01 1.665629667135921366e-01 1.665629667138221193e-01
1.886332297571129135e-02 1.886332297655300347e-02 1.886332297394561347e-02 1.886332297328677937e-02
