3.610843172475022289e-01 1.902167085376421651e-01 1.683669211843772384e-01 1.902166916043543932e-01
2.450394157400549167e-01 2.366053932605054477e-01 2.495350929933539130e-01 2.366053043641764275e-01
2.781334777771013456e-01 2.801057205036063258e-01 2.802176941043352798e-01 2.801055026718480279e-01
2.791859459676883648e-01 2.794421013247401220e-01 2.790974146903135722e-01 2.794418869485101875e-01
2.318581716303520779e-01 2.319069147119958985e-01 2.319144507039837266e-01 2.319068178119027546e-01
2.184417665465775982e-01 2.184935910021749139e-01 2.185203466453318755e-01 2.184937286162485781e-01
2.058877276119837896e-01 2.059085886580337144e-01 2.059197022717199899e-01 2.059086013906780976e-01
1.898600133287341174e-01 1.898619643736342844e-01 1.898593669842148501e-01 1.898618568922592897e-01
1.897345263147574290e-01 1.897315247179389430e-01 1.897280331127147446e-01 1.897313114201384932e-01
2.047079588480104351e-01 2.047070924671738623e-01 2.047064646793473885e-01 2.047069662356199582e-01
2.121148622466673128e-01 2.121146100439343929e-01 2.121147689812652726e-01 2.121148103047265365e-01
2.046274582066754666e-01 2.046275375076032632e-01 2.046269719600170567e-01 2.046276090858922259e-01
1.893764029279598193e-01 1.893767649507341055e-01 1.893765031630378626e-01 1.893765716996267390e-01
1.893437849054321331e-01 1.893434458963889067e-01 1.893441146064316627e-01 1.893448991652713354e-01
2.046035489878461622e-01 2.046038494062634716e-01 2.046030149930531117e-01 2.046035271640933573e-01
2.121325546648763771e-01 2.121338300239554442e-01 2.121334494415696714e-01 2.121332766796965585e-01
2.046645140941769081e-01 2.046640837517646194e-01 2.046646679335598629e-01 2.046645636112535138e-01
1.893134143558172777e-01 1.893130933487822409e-01 1.893149845587898117e-01 1.893155283128678534e-01
1.892315337470183711e-01 1.892304147051424856e-01 1.892357573550458583e-01 1.892368430589166373e-01
2.045981582344350291e-01 2.046008172343540543e-01 2.046009147496531955e-01 2.045983679555039014e-01
2.121595827806104229e-01 2.121602674735736382e-01 2.121589397820327350e-01 2.121586075905157187e-01
2.046062029060524978e-01 2.046074350900858041e-01 2.046059336181663413e-01 2.046073217351864759e-01
1.891963427984859336e-01 1.891972813327301717e-01 1.891959418755956857e-01 1.891994110672745033e-01
1.892601734534198887e-01 1.892591142935396431e-01 1.892602012250447219e-01 1.892598650794103665e-01
2.046619950007941280e-01 2.046620543919721591e-01 2.046680249685925712e-01 2.046680716067457995e-01
2.121521159202701678e-01 2.121523019206223715e-01 2.121497855184930059e-01 2.121498770073126927e-01
2.046038093418857395e-01 2.046034618188199150e-01 2.046035593048227408e-01 2.046035807057643985e-01
1.893195386719352391e-01 1.893196648688291184e-01 1.893196807730131437e-01 1.893197934088340084e-01
1.893702708422868031e-01 1.893701319435586172e-01 1.893702218800252524e-01 1.893702505821441284e-01
2.046546488865625124e-01 2.046546458566140259e-01 2.046546629665385031e-01 2.046546464287294087e-01
2.121210445932123212e-01 2.121210479706923391e-01 2.121210288268937094e-01 2.121210209413651460e-01
2.045971992044432197e-01 2.045972134008562093e-01 2.045972999987504259e-01 2.045973085797960223e-01
1.898369943382987035e-01 1.898369916558667880e-01 1.898369687443357268e-01 1.898369635796859078e-01
1.935737906269154041e-01 1.935737901235690395e-01 1.935737878683643776e-01 1.935737869472556050e-01
2.289515760479431394e-01 2.289515760055799709e-01 2.289515765870102637e-01 2.289515751461092541e-01
2.019812852823596183e-01 2.019812854506726763e-01 2.019812859810012629e-01 2.019812854682616621e-01
