1.884567029530896665e-02 1.884567030921649108e-02 1.884567023090273283e-02 1.884567022594848748e-02
1.661385382749037132e-01 1.661385383753841150e-01 1.661385372614996303e-01 1.661385371774521114e-01
1.849220895731135961e-01 1.849220897426710197e-01 1.849220872282746619e-01 1.849220870638792480e-01
1.850927125911899229e-01 1.850927125067036161e-01 1.850927117464152005e-01 1.850927118151271533e-01
2.042653671837707796e-01 2.042653671292035955e-01 2.042653670483225992e-01 2.042653670838316393e-01
2.118553595670577272e-01 2.118553595674014800e-01 2.118553595452867533e-01 2.118553595456726668e-01
2.032809159280397349e-01 2.032809158683328010e-01 2.032809153057036633e-01 2.032809153870368812e-01
1.746654211134880119e-01 1.746654209182216810e-01 1.746654195326271530e-01 1.746654197421009524e-01
1.748694657648365847e-01 1.748694655532933018e-01 1.748694648599394830e-01 1.748694650656882621e-01
2.034705394595569539e-01 2.034705393896011627e-01 2.034705392259092416e-01 2.034705392882234509e-01
2.120642311714397155e-01 2.120642311679856451e-01 2.120642311734035335e-01 2.120642311716882389e-01
2.025631576543741041e-01 2.025631574805438484e-01 2.025631572248057233e-01 2.025631573986050871e-01
1.649215528799095332e-01 1.649215524250638998e-01 1.649215517304384038e-01 1.649215521792394834e-01
1.650624234622989905e-01 1.650624231616846238e-01 1.650624227511519881e-01 1.650624230244878421e-01
2.026551045893993375e-01 2.026551044968073756e-01 2.026551043959316512e-01 2.026551044562862891e-01
2.120693460194277569e-01 2.120693460224683524e-01 2.120693460233820660e-01 2.120693460221940718e-01
2.022823749653509251e-01 2.022823748468131622e-01 2.022823747416068185e-01 2.022823748996534776e-01
1.609757528364846868e-01 1.609757524679615859e-01 1.609757522037090771e-01 1.609757525989269633e-01
1.609757528279807393e-01 1.609757525212824614e-01 1.609757523337299046e-01 1.609757526101967540e-01
2.022823749774605162e-01 2.022823748714927816e-01 2.022823748267023047e-01 2.022823748896072915e-01
2.120693460081774784e-01 2.120693460133937502e-01 2.120693460142270836e-01 2.120693460128344754e-01
2.026551041441820578e-01 2.026551040279141735e-01 2.026551040447700791e-01 2.026551042116593593e-01
1.650624188242658386e-01 1.650624184616158452e-01 1.650624184982656117e-01 1.650624188952767302e-01
1.649215481346777423e-01 1.649215478679505742e-01 1.649215477688297793e-01 1.649215480150041380e-01
2.025631571755007465e-01 2.025631570874107945e-01 2.025631570441055740e-01 2.025631570961842209e-01
2.120642311490277265e-01 2.120642311527249080e-01 2.120642311523784906e-01 2.120642311506182875e-01
2.034705387829688072e-01 2.034705386779354919e-01 2.034705387554311684e-01 2.034705389012577692e-01
1.748694584922590445e-01 1.748694581890290201e-01 1.748694584448281519e-01 1.748694587848522164e-01
1.746654134154065618e-01 1.746654132834607187e-01 1.746654135860354617e-01 1.746654137260136019e-01
2.032809150074250670e-01 2.032809149816484084e-01 2.032809150887143756e-01 2.032809151111861501e-01
2.118553595175223792e-01 2.118553595209186069e-01 2.118553595233702014e-01 2.118553595318011240e-01
2.042653667014227292e-01 2.042653666226969256e-01 2.042653666736055917e-01 2.042653667665034756e-01
1.850927070015378761e-01 1.850927067961919414e-01 1.850927070404353447e-01 1.850927072564188258e-01
1.849220829384397025e-01 1.849220828104603531e-01 1.849220833575879186e-01 1.849220834914148959e-01
1.661385371878774664e-01 1.661385371497704211e-01 1.661385373813572264e-01 1.661385374219976618e-01
1.884567027745700021e-02 1.884567027532042804e-02 1.884567029024543719e-02 1.884567029305473165e-02
