6.144372500974028695e-05 1.983310800372934442e-03 3.163564036578042464e-03 1.983310798531129088e-03
8.987647172128715445e-03 1.978870372319667392e-02 2.873756906793766344e-02 1.978870366269020603e-02
8.296639244055459272e-02 1.034331821528564205e-01 1.207265027881527786e-01 1.034331811039401056e-01
1.584865283884224485e-01 1.651836366161942293e-01 1.689250161436122721e-01 1.651836324253866395e-01
2.021577119946542656e-01 2.030811024045214574e-01 2.031257341215220724e-01 2.030811003491301281e-01
2.118800067545155152e-01 2.108309519762454065e-01 2.102726580191290051e-01 2.108309516044590548e-01
1.942940096471054423e-01 1.923650905971738267e-01 1.909373400787007791e-01 1.923650899674634596e-01
1.440083260059331349e-01 1.426469524817654821e-01 1.413139642839749410e-01 1.426469512104935888e-01
1.467309851126028242e-01 1.465223046246708627e-01 1.461852806159964491e-01 1.465223037061205436e-01
2.010875818906649737e-01 2.011189617956866682e-01 2.011107675465022560e-01 2.011189613027559997e-01
2.120354979837042741e-01 2.119911265344916751e-01 2.119704868769933526e-01 2.119911262077536218e-01
2.014229662154019551e-01 2.009939448046162147e-01 2.005720106280488024e-01 2.009939438878177442e-01
1.517030014693533935e-01 1.508078704672310699e-01 1.498970789351440902e-01 1.508078689214757406e-01
1.510292821971208899e-01 1.508003152185275475e-01 1.505627493029104702e-01 1.508003155086250768e-01
2.013635166309531710e-01 2.013539605163276180e-01 2.013459043611006971e-01 2.013539607243891860e-01
2.120020624682433796e-01 2.120047360007812631e-01 2.120099211001680306e-01 2.120047358493880874e-01
2.022910443335968478e-01 2.022331295000118767e-01 2.021737981163960474e-01 2.022331289249669206e-01
1.609464778006509111e-01 1.608008808549710733e-01 1.606527639507605854e-01 1.608008797138453239e-01
1.608482804815698219e-01 1.608090270427337543e-01 1.607691383121901130e-01 1.608090267057007694e-01
2.022627237225589625e-01 2.022605132958369967e-01 2.022587318803104328e-01 2.022605132257814797e-01
2.120051616913997128e-01 2.120071197824845710e-01 2.120094763215909228e-01 2.120071196764245769e-01
2.013585516724167301e-01 2.013715534081225167e-01 2.013846619281201011e-01 2.013715530772420548e-01
1.510239905213646705e-01 1.510505373713848798e-01 1.510770546188067165e-01 1.510505364176558951e-01
1.512772837780343993e-01 1.512838072754919272e-01 1.512902931604839796e-01 1.512838074482823481e-01
2.015284183063753842e-01 2.015285645601979370e-01 2.015287070361685418e-01 2.015285646090725913e-01
2.120518595076965052e-01 2.120522293311322415e-01 2.120526443326733734e-01 2.120522293204357145e-01
2.010661988053278615e-01 2.010760041911539564e-01 2.010858990957398729e-01 2.010760042866135688e-01
1.462650470931444735e-01 1.462877063749376816e-01 1.463104284283718859e-01 1.462877079063504560e-01
1.461000057858388157e-01 1.461059446752084323e-01 1.461118900197947712e-01 1.461059504038988710e-01
2.009009680646038354e-01 2.009012451664246302e-01 2.009015101607155573e-01 2.009012475824970556e-01
2.118465781786630919e-01 2.118465364597998668e-01 2.118464945144210854e-01 2.118465365004961742e-01
2.030911139551492273e-01 2.030933871838322136e-01 2.030956755171132999e-01 2.030933876744140110e-01
1.697998363278228617e-01 1.698054336520907481e-01 1.698110476645338096e-01 1.698054384677376016e-01
1.692586553175811359e-01 1.692603046849565918e-01 1.692619733002659332e-01 1.692603207923395470e-01
1.647185867816444993e-01 1.647187729897020281e-01 1.647189671009760825e-01 1.647187801177749655e-01
1.878669567571060461e-02 1.878670866253635829e-02 1.878672232059602418e-02 1.878670915641134087e-02
