1.884568413084413904e-02 1.884568426293923085e-02 1.884568118944084450e-02 1.884568112626638925e-02
1.661388538053411024e-01 1.661388551939546876e-01 1.661388120460378648e-01 1.661388108437488464e-01
1.849253883788199160e-01 1.849253784681575974e-01 1.849252679429458368e-01 1.849252774985846726e-01
1.850959734032353865e-01 1.850959092394887373e-01 1.850958208293663199e-01 1.850958803390956586e-01
2.042656771578146846e-01 2.042656367532333650e-01 2.042656096592342929e-01 2.042656381689653688e-01
2.118553968205569571e-01 2.118553769697226474e-01 2.118553719134751712e-01 2.118553682458809984e-01
2.032812581417207665e-01 2.032812298934051909e-01 2.032811937688829562e-01 2.032811884712191208e-01
1.746691485342647954e-01 1.746691160029349155e-01 1.746690191187523222e-01 1.746690353433002774e-01
1.748731966914269798e-01 1.748731777382520058e-01 1.748730897841815068e-01 1.748731214991110228e-01
2.034708619626153792e-01 2.034708433520331650e-01 2.034708227954262483e-01 2.034708377817182612e-01
2.120642319089815209e-01 2.120642283144180684e-01 2.120642200284471035e-01 2.120642178265063349e-01
2.025632107404654325e-01 2.025632100539032088e-01 2.025631911117888595e-01 2.025631915717388265e-01
1.649224092882493609e-01 1.649224065380440196e-01 1.649223704511832700e-01 1.649223759174442416e-01
1.650633421336634432e-01 1.650633283260824202e-01 1.650633095211781476e-01 1.650633213039860436e-01
2.026551999302475815e-01 2.026551929243115557e-01 2.026551819702694934e-01 2.026551863154986421e-01
2.120693461501521881e-01 2.120693457097875267e-01 2.120693448138167014e-01 2.120693449229186511e-01
2.022821739192927348e-01 2.022821756419988237e-01 2.022821739744648517e-01 2.022821742987262195e-01
1.609735227094272747e-01 1.609735196384526057e-01 1.609735173778276962e-01 1.609735186731765522e-01
1.609735641816041063e-01 1.609735611923207577e-01 1.609735568653948568e-01 1.609735612980645325e-01
2.022822012594710506e-01 2.022822021129602188e-01 2.022822011267584597e-01 2.022822026835920106e-01
2.120693461515143485e-01 2.120693488833256257e-01 2.120693493878150204e-01 2.120693502114759654e-01
2.026548456216855087e-01 2.026548485171093539e-01 2.026548512296087456e-01 2.026548523054634565e-01
1.650592938557063349e-01 1.650592947373832331e-01 1.650593013628994798e-01 1.650593023368553125e-01
1.649184195702869948e-01 1.649184187233265209e-01 1.649184257568387657e-01 1.649184281653091610e-01
2.025628976487356681e-01 2.025628983827353902e-01 2.025629002645810695e-01 2.025629016278641392e-01
2.120642290932182594e-01 2.120642306140136657e-01 2.120642302047289485e-01 2.120642304956532331e-01
2.034703809214641612e-01 2.034703804077651057e-01 2.034703829209079384e-01 2.034703827320156200e-01
1.748674612857109012e-01 1.748674642821965164e-01 1.748674677517710607e-01 1.748674684700199933e-01
1.746633924604518995e-01 1.746633961305125160e-01 1.746634013618486858e-01 1.746634036399613010e-01
2.032807420296173229e-01 2.032807441395354797e-01 2.032807487163801885e-01 2.032807494178076324e-01
2.118553595221357166e-01 2.118553604719705663e-01 2.118553623828364207e-01 2.118553622838856010e-01
2.042653372408050894e-01 2.042653378317442758e-01 2.042653422564330856e-01 2.042653427257211107e-01
1.850922733421496713e-01 1.850922733900894068e-01 1.850922840329934094e-01 1.850922848019841138e-01
1.849216324272279222e-01 1.849216300814026936e-01 1.849216409165283237e-01 1.849216435380032775e-01
1.661384952185241681e-01 1.661384941177314334e-01 1.661384981316116338e-01 1.661384992900975244e-01
1.884566844853917053e-02 1.884566837452048699e-02 1.884566864194107613e-02 1.884566872197502088e-02
