2.019807806767452696e-01 2.019807806765372138e-01 2.019807806753961266e-01 2.019807806697157260e-01
2.289430474378107427e-01 2.289430474292205309e-01 2.289430474289802508e-01 2.289430474106277369e-01
1.935637615207132234e-01 1.935637615015761981e-01 1.935637614969172582e-01 1.935637614750990720e-01
1.898398872847886221e-01 1.898398872661261061e-01 1.898398872522132630e-01 1.898398872362328793e-01
2.045926925685547237e-01 2.045926925553527009e-01 2.045926925416512998e-01 2.045926925293638787e-01
2.120927781851169591e-01 2.120927781714856131e-01 2.120927781567057135e-01 2.120927781455664574e-01
2.046133988518263891e-01 2.046133988354593425e-01 2.046133988262163750e-01 2.046133988161254469e-01
1.893732705126987825e-01 1.893732704979023407e-01 1.893732704972000136e-01 1.893732704916795406e-01
1.893706807920892687e-01 1.893706807827501559e-01 1.893706807766277755e-01 1.893706807800568104e-01
2.045946477861544932e-01 2.045946477873374081e-01 2.045946477844072242e-01 2.045946477890085990e-01
2.120700495060954816e-01 2.120700495138097552e-01 2.120700495163785060e-01 2.120700495139909714e-01
2.045946644903896272e-01 2.045946644918449908e-01 2.045946644971178285e-01 2.045946644925678570e-01
1.893703402237357225e-01 1.893703402215056453e-01 1.893703402270831559e-01 1.893703402281072534e-01
1.893703380466061903e-01 1.893703380405972470e-01 1.893703380376415280e-01 1.893703380411630444e-01
2.045946486677615861e-01 2.045946486725703506e-01 2.045946486676676057e-01 2.045946486727678038e-01
2.120700271343458065e-01 2.120700271446433194e-01 2.120700271459323716e-01 2.120700271492591826e-01
2.045946486875330483e-01 2.045946486924107022e-01 2.045946486928564845e-01 2.045946486956214949e-01
1.893703377432498502e-01 1.893703377414427402e-01 1.893703377468916316e-01 1.893703377504835084e-01
1.893703377437865321e-01 1.893703377379450659e-01 1.893703377393335385e-01 1.893703377445056790e-01
2.045946485793871117e-01 2.045946485826526107e-01 2.045946485808050053e-01 2.045946485829207573e-01
2.120700268145531420e-01 2.120700268179771808e-01 2.120700268191946791e-01 2.120700268218156659e-01
2.045946486762677541e-01 2.045946486803534581e-01 2.045946486832246058e-01 2.045946486868745195e-01
1.893703377188134529e-01 1.893703377201720606e-01 1.893703377250577635e-01 1.893703377299182644e-01
1.893703342640736809e-01 1.893703342609115159e-01 1.893703342629428077e-01 1.893703342629123598e-01
2.045945704228405715e-01 2.045945704209670424e-01 2.045945704154274736e-01 2.045945704074672300e-01
2.120697733322703671e-01 2.120697733326817880e-01 2.120697733267728757e-01 2.120697733236871219e-01
2.045946478119828327e-01 2.045946478148742698e-01 2.045946478143606806e-01 2.045946478162180560e-01
1.893704045959306304e-01 1.893704045999491103e-01 1.893704046030665333e-01 1.893704046050876388e-01
1.893683939804624017e-01 1.893683939797484728e-01 1.893683939837878805e-01 1.893683939815107853e-01
2.045367838292959928e-01 2.045367838286157036e-01 2.045367838276368200e-01 2.045367838202760413e-01
2.118678738668152983e-01 2.118678738700014441e-01 2.118678738658349991e-01 2.118678738649113491e-01
2.045926925261028206e-01 2.045926925330749102e-01 2.045926925385210537e-01 2.045926925497044135e-01
1.896149829241626228e-01 1.896149829318665991e-01 1.896149829405673337e-01 1.896149829490737515e-01
1.895932532089536215e-01 1.895932532099508794e-01 1.895932532208549903e-01 1.895932532217665945e-01
1.665629667219145349e-01 1.665629667211118436e-01 1.665629667229444610e-01 1.665629667154434890e-01
1.886332294985985925e-02 1.886332295029750569e-02 1.886332294762703074e-02 1.886332294298628809e-02
