2.030106606731609808e-01 2.030106606710472272e-01 2.030106606902263300e-01 2.030106606704950578e-01
2.402268509787557349e-01 2.402268509899093962e-01 2.402268510233463716e-01 2.402268509189860179e-01
2.234034644788330526e-01 2.234034643946419263e-01 2.234034645457614876e-01 2.234034645472897651e-01
2.152451080367953351e-01 2.152451080329869926e-01 2.152451077536592094e-01 2.152451077019899295e-01
2.199024129452004372e-01 2.199024129799531102e-01 2.199024129768319125e-01 2.199024128819677681e-01
2.185417110281197284e-01 2.185417110854811773e-01 2.185417110219841641e-01 2.185417109463507757e-01
2.255686416014567597e-01 2.255686416310501430e-01 2.255686415868831396e-01 2.255686414313872457e-01
2.298674275332842076e-01 2.298674272007145414e-01 2.298674275048634141e-01 2.298674277137186528e-01
2.311575987309843205e-01 2.311575989908241646e-01 2.311575986607490030e-01 2.311575984552166896e-01
2.244184009168264105e-01 2.244184009794553125e-01 2.244184007082626608e-01 2.244184006485621941e-01
2.175735577773240947e-01 2.175735578170930329e-01 2.175735575914056474e-01 2.175735575520399978e-01
2.197644706658833658e-01 2.197644707427837407e-01 2.197644704480562206e-01 2.197644705517121655e-01
2.195911181421610070e-01 2.195911181400968804e-01 2.195911179543726388e-01 2.195911180642087235e-01
2.190907257125414842e-01 2.190907258584292860e-01 2.190907261125369931e-01 2.190907258891496845e-01
2.202019783411859055e-01 2.202019782054618902e-01 2.202019778588390486e-01 2.202019778236426750e-01
2.179467978888070534e-01 2.179467978223908475e-01 2.179467976746215507e-01 2.179467977326902950e-01
2.245970070941431806e-01 2.245970071389936651e-01 2.245970070927866546e-01 2.245970073954543234e-01
2.298920650101625163e-01 2.298920656696022691e-01 2.298920648115345688e-01 2.298920643801524999e-01
2.298920647555753594e-01 2.298920643843175848e-01 2.298920650955962042e-01 2.298920652707618639e-01
2.245970074090180291e-01 2.245970071536096124e-01 2.245970072156193431e-01 2.245970072163919196e-01
2.179467977901939080e-01 2.179467977060747241e-01 2.179467979294657243e-01 2.179467980304100327e-01
2.202019782585002416e-01 2.202019782711449047e-01 2.202019787254998473e-01 2.202019789012887585e-01
2.190907273276663791e-01 2.190907278540276948e-01 2.190907264114309305e-01 2.190907259871028023e-01
2.195911187447481538e-01 2.195911183069449990e-01 2.195911194630849883e-01 2.195911198525191121e-01
2.197644708125791324e-01 2.197644707288410881e-01 2.197644710664366230e-01 2.197644710841390181e-01
2.175735574389362770e-01 2.175735574799284866e-01 2.175735578299001494e-01 2.175735577905611451e-01
2.244184004899242302e-01 2.244184006612356674e-01 2.244184010065223556e-01 2.244184008627791715e-01
2.311575989239139373e-01 2.311575985677244149e-01 2.311575985730320026e-01 2.311575989410656617e-01
2.298674275015731572e-01 2.298674275697086544e-01 2.298674276096580593e-01 2.298674275450763582e-01
2.255686414575365228e-01 2.255686415817854396e-01 2.255686417963247425e-01 2.255686416461045174e-01
2.185417109587877160e-01 2.185417111239106869e-01 2.185417112261276995e-01 2.185417110610103908e-01
2.199024133606362619e-01 2.199024136068957747e-01 2.199024135757955689e-01 2.199024133797760627e-01
2.152451089180876520e-01 2.152451082598644538e-01 2.152451093113121605e-01 2.152451100017128693e-01
2.234034658846010823e-01 2.234034662349052847e-01 2.234034655114588430e-01 2.234034651635989632e-01
2.402268513361208169e-01 2.402268514405401512e-01 2.402268514802209376e-01 2.402268513946567152e-01
2.030106606120161139e-01 2.030106606344795617e-01 2.030106606463095431e-01 2.030106606229102051e-01
