9.513872712110038946e-03 1.978837841166625894e-02 2.525174733890663339e-02 1.978837824389752253e-02
1.537065673595538751e-01 1.674546122577815210e-01 1.765058277091753058e-01 1.674546134558147215e-01
1.879193234222439612e-01 1.905288336646898950e-01 1.913276607803764129e-01 1.905288349591791330e-01
1.895879085422232380e-01 1.897561221782994578e-01 1.896537575730102010e-01 1.897561142278799962e-01
2.046517681954214130e-01 2.046032599906232319e-01 2.046026162134879367e-01 2.046032388417047543e-01
2.120058436012872694e-01 2.119748411208229599e-01 2.119742516547164779e-01 2.119748108377033646e-01
2.046440408880339790e-01 2.046530478879058645e-01 2.046639256046716426e-01 2.046529907623114708e-01
1.893361081253189526e-01 1.893391850791310560e-01 1.893405364698909910e-01 1.893390281437115075e-01
1.891901445096788592e-01 1.891904745044394875e-01 1.891902792950923007e-01 1.891901812532704175e-01
2.045692392033442164e-01 2.045690138869451780e-01 2.045689449235010282e-01 2.045686880481983605e-01
2.121678143888799384e-01 2.121676982105567266e-01 2.121674312394763173e-01 2.121672967787392450e-01
2.045749755144604387e-01 2.045750378095993749e-01 2.045753905342112267e-01 2.045749188687672471e-01
1.890916763981983773e-01 1.890915844438200988e-01 1.890922200735378755e-01 1.890928255010589643e-01
1.892483158305616475e-01 1.892483641467123390e-01 1.892488253469674087e-01 1.892487764783114812e-01
2.047192007814115366e-01 2.047185266684817817e-01 2.047193244188174333e-01 2.047176202333980954e-01
2.121930745921123962e-01 2.121905377899306333e-01 2.121890568266313892e-01 2.121874476439446766e-01
2.046362146604988330e-01 2.046269118481754690e-01 2.046301050111796194e-01 2.046321222994051670e-01
1.892247562825193075e-01 1.892272036070271057e-01 1.892226446566100950e-01 1.892310504817250327e-01
1.893052533784320424e-01 1.893059206095871472e-01 1.893045741942919469e-01 1.893191769940857083e-01
2.046465217682724158e-01 2.046450436955276897e-01 2.046345966832778529e-01 2.046373938243827018e-01
2.121067989089638894e-01 2.121117132684751383e-01 2.120748775457517443e-01 2.120659544377261896e-01
2.042440760695821145e-01 2.042577655569064454e-01 2.042544493250718352e-01 2.042466625183241014e-01
1.858247792330123827e-01 1.858454524815275621e-01 1.858574704863582006e-01 1.858622600907260392e-01
1.861504535470068222e-01 1.861746323719036256e-01 1.861902382488152541e-01 1.861935997194409387e-01
2.043801426149357836e-01 2.043897269944173201e-01 2.043943895529412302e-01 2.043964399826951051e-01
2.113724167987855729e-01 2.113730682706350394e-01 2.113727207387305906e-01 2.113741323091412327e-01
1.926584764369122516e-01 1.926563424928645352e-01 1.926481130914832196e-01 1.926477482733430502e-01
8.361317710773603917e-02 8.361189726885111251e-02 8.359378738539106901e-02 8.359310641814030052e-02
8.355787595894657860e-02 8.356055271200119039e-02 8.355932941020113858e-02 8.355656667130763327e-02
1.925606742906320334e-01 1.925622276069153815e-01 1.925635871385927844e-01 1.925624118926847483e-01
2.111402721724608411e-01 2.111404341136077223e-01 2.111405437404988428e-01 2.111405365508933762e-01
2.043937898723544033e-01 2.043937340432612770e-01 2.043935645305239301e-01 2.043935590320890561e-01
1.871393540306827696e-01 1.871393131900513374e-01 1.871387867902457869e-01 1.871387600454255395e-01
1.868827763155397059e-01 1.868828861610174197e-01 1.868829394324731386e-01 1.868828108961727019e-01
1.663072449864881619e-01 1.663073027604551057e-01 1.663073922524749282e-01 1.663073295618655023e-01
1.885252797751548262e-02 1.885253170736628930e-02 1.885253856358929531e-02 1.885253365369109202e-02
