1.744445913307273166e-01 1.744445914582679613e-01 1.744445916318539680e-01 1.744445915860096952e-01 1.744445897811764956e-01
2.213497924066361588e-01 2.213497915791643733e-01 2.213497916139424704e-01 2.213497924196848599e-01 2.213497870851511007e-01
2.037680903688077194e-01 2.037680884730295461e-01 2.037680880406740336e-01 2.037680896834681288e-01 2.037680824678489711e-01
2.004065834136166402e-01 2.004065819005317328e-01 2.004065815610186208e-01 2.004065828890479184e-01 2.004065784784206106e-01
1.999999947730208005e-01 1.999999943116695100e-01 1.999999940884518157e-01 1.999999943542725978e-01 1.999999983455920949e-01
2.000120584076528762e-01 2.000120585865866329e-01 2.000120586022239577e-01 2.000120586450872540e-01 2.000120582644397960e-01
2.000161611468079248e-01 2.000161619662607915e-01 2.000161631380958094e-01 2.000161632656768385e-01 2.000161619712119976e-01
2.000024377210951887e-01 2.000024370316736688e-01 2.000024414928147087e-01 2.000024416416455730e-01 2.000024370319471168e-01
2.000002635509203208e-01 2.000002542145010442e-01 2.000002554560883217e-01 2.000002555109902103e-01 2.000002542588558141e-01
1.999999448122153634e-01 1.999999944335038304e-01 1.999999989993714034e-01 1.999999990275978801e-01 1.999999944949930608e-01
1.999994813793709858e-01 1.999998930803863484e-01 2.000000137301087000e-01 2.000000137482789986e-01 1.999998931203981201e-01
1.999969868757163205e-01 1.999984087128670318e-01 1.999999155713712562e-01 1.999999156046941562e-01 1.999984087417397693e-01
1.999940772350619345e-01 1.999929815860850002e-01 1.999991125920124457e-01 1.999991126154268550e-01 1.999929815987513404e-01
2.000083490123133745e-01 1.999921441587881044e-01 1.999935307029001852e-01 1.999935307257816319e-01 1.999921441647082576e-01
1.999200628390289392e-01 1.999929796455283404e-01 1.999991106508425542e-01 1.999991106581392730e-01 1.999929796504385793e-01
1.990816938933203384e-01 1.998226435655733879e-01 1.999999021393432941e-01 1.999999021381601294e-01 1.998226435919224775e-01
1.944678602613323093e-01 1.972885326863445254e-01 1.998543815622417785e-01 1.998543815611183438e-01 1.972885327141200851e-01
1.949826639764619118e-01 1.871144794224984809e-01 1.984356606585691851e-01 1.984356606730159622e-01 1.871144794584201909e-01
3.335590090767814875e-01 1.913964016380109434e-01 1.884057887033021572e-01 1.884057887414024579e-01 1.913964016604749185e-01
1.949826639035819875e-01 1.871144794161130054e-01 1.984356606356376396e-01 1.984356606731274564e-01 1.871144794573104675e-01
1.944678599793790152e-01 1.972885324989284150e-01 1.998543813616731613e-01 1.998543813996312146e-01 1.972885325665837131e-01
1.990816935385262276e-01 1.998226433333306074e-01 1.999999018919079441e-01 1.999999019114393206e-01 1.998226433805170843e-01
1.999200627515098361e-01 1.999929796649468905e-01 1.999991106763091830e-01 1.999991106890874337e-01 1.999929796835244744e-01
2.000083505857730981e-01 1.999921458336724744e-01 1.999935323701462764e-01 1.999935323765178741e-01 1.999921458329076140e-01
1.999940888365724645e-01 1.999929933017192962e-01 1.999991242966786265e-01 1.999991243034083266e-01 1.999929933035576868e-01
1.999969874606267739e-01 1.999984094017084046e-01 1.999999162463703684e-01 1.999999162469137115e-01 1.999984093432843335e-01
1.999994677444408842e-01 1.999998795215570946e-01 2.000000001298164465e-01 2.000000001186412468e-01 1.999998794511621547e-01
2.000002060067736787e-01 2.000002556978739965e-01 2.000002602026016152e-01 2.000002601776579014e-01 2.000002556393911668e-01
2.000024462193061570e-01 2.000024369846179761e-01 2.000024381525041806e-01 2.000024381372646487e-01 2.000024369571688776e-01
2.000161599868644502e-01 2.000161594957907962e-01 2.000161640248378503e-01 2.000161640286028664e-01 2.000161595599674047e-01
2.000120573021110792e-01 2.000120584248360756e-01 2.000120596023260422e-01 2.000120596268657458e-01 2.000120585808831675e-01
1.999999994383339919e-01 1.999999998340984131e-01 1.999999999898088576e-01 2.000000000433210801e-01 2.000000000742833683e-01
2.004065844271799846e-01 2.004065845667538648e-01 2.004065846456283828e-01 2.004065846981707699e-01 2.004065848406040573e-01
2.037680875377747558e-01 2.037680876508580763e-01 2.037680876848934342e-01 2.037680877177316663e-01 2.037680878414875885e-01
2.213497867139563313e-01 2.213497868335254637e-01 2.213497868326130547e-01 2.213497868238459010e-01 2.213497868835940796e-01
1.744445839140489618e-01 1.744445839613303351e-01 1.744445839650291818e-01 1.744445839552516142e-01 1.744445839611498128e-01
