1.884188153557522505e-01 1.884417473350560590e-01 1.884231051208690444e-01 1.883887095987855087e-01 1.883858713891944647e-01
2.618716102454761163e-01 2.619696616756085339e-01 2.618900603582957620e-01 2.617428052742689637e-01 2.617304731092088277e-01
2.917896414071933786e-01 2.921390015574772958e-01 2.918569322871209515e-01 2.913291815806643981e-01 2.912848437853001737e-01
2.425328044123304938e-01 2.428946005244133621e-01 2.426008990201203586e-01 2.420479263764974964e-01 2.420008009807977922e-01
2.121103273144228640e-01 2.122210645171911381e-01 2.121309886136194256e-01 2.119620711191393947e-01 2.119481329558897398e-01
2.030461440015885743e-01 2.030825838032723485e-01 2.030525322745319883e-01 2.029962087540188864e-01 2.029914123388548985e-01
2.011638119135783220e-01 2.011782954523577693e-01 2.011657806194727116e-01 2.011419144532876069e-01 2.011400097508028451e-01
2.031428952592629622e-01 2.031564862338155475e-01 2.031456029199798785e-01 2.031251336049915701e-01 2.031229452924165901e-01
2.122368734811037327e-01 2.122717024051638812e-01 2.122451768594317278e-01 2.121937092621075105e-01 2.121887914824623911e-01
2.413072071725246293e-01 2.414141205851685901e-01 2.413300522229938905e-01 2.411728039107180199e-01 2.411590298430919266e-01
2.854259602094857962e-01 2.858364322893489629e-01 2.854950358674318567e-01 2.848752781868700845e-01 2.848322615609078512e-01
2.415434146382454683e-01 2.419761350333655692e-01 2.416060304532965386e-01 2.409466739514718736e-01 2.409065863541949293e-01
2.123228888330733199e-01 2.124473298590267567e-01 2.123184919608457066e-01 2.121084386871083804e-01 2.121068594861922341e-01
2.031822047106687235e-01 2.031547764421381408e-01 2.030618366464691793e-01 2.029921222450530027e-01 2.030423960485140400e-01
2.013606854769086074e-01 2.011709834815556264e-01 2.009201074692715250e-01 2.008971613277905077e-01 2.011337347226641592e-01
2.035503761952291435e-01 2.030292610054100499e-01 2.019736821147869454e-01 2.019649850909330802e-01 2.030146352020039680e-01
2.124338143612320984e-01 2.105410191082244253e-01 2.079795611418384649e-01 2.079752319670218619e-01 2.105359500198620004e-01
2.549519929578255018e-01 2.319146086051506739e-01 2.238228956522069490e-01 2.238202018202627430e-01 2.319098998758659103e-01
4.666011398385300213e-01 2.810746902211281872e-01 2.506885507242512801e-01 2.506772416988138907e-01 2.810468071039455284e-01
2.562011983781546931e-01 2.328602893544143293e-01 2.244186837863338391e-01 2.244099830340760271e-01 2.328352334265089973e-01
2.127345269108580073e-01 2.108801390314098689e-01 2.083681104071511969e-01 2.083589816949512341e-01 2.109034905843905905e-01
2.034128160291640286e-01 2.029787568468390813e-01 2.020120541978268625e-01 2.019911152542583910e-01 2.029819380528769535e-01
2.007195960724352246e-01 2.005918382399958511e-01 2.003984238488736580e-01 2.004453198898969724e-01 2.006447900658538952e-01
2.001895062136078984e-01 2.001684008094977707e-01 2.001292871340085988e-01 2.001933240338521491e-01 2.002195768946536114e-01
2.001169126541066934e-01 2.001263066837103421e-01 2.001282637693040933e-01 2.001632607754511017e-01 2.001603924717559324e-01
2.000645516549003355e-01 2.000763653206582837e-01 2.000850904335938762e-01 2.000915036364541155e-01 2.000866437057063074e-01
1.999060649828086622e-01 1.999106367839012244e-01 1.999091210485879344e-01 1.999059910898443315e-01 1.999064963038341969e-01
1.997619697550284956e-01 1.997632675466452790e-01 1.997623230640502290e-01 1.997608653062779294e-01 1.997608774246121266e-01
1.997642454257897160e-01 1.997644659738331274e-01 1.997644500523717281e-01 1.997642544310501145e-01 1.997641890507658169e-01
1.998391249108574796e-01 1.998392118037622678e-01 1.998392865254309814e-01 1.998393536484351085e-01 1.998393115600806957e-01
1.998391621009606434e-01 1.998391785422963529e-01 1.998392181149399593e-01 1.998392364560195589e-01 1.998392341256413629e-01
2.000754440454219907e-01 2.000754574781430373e-01 2.000754570253230058e-01 2.000754459105614502e-01 2.000754501642381944e-01
2.003192070403290170e-01 2.003192128157973151e-01 2.003192077993098952e-01 2.003192015628810219e-01 2.003192056591965864e-01
2.006763224185265371e-01 2.006763240974233364e-01 2.006763223919079686e-01 2.006763192570055476e-01 2.006763207537438642e-01
1.715208470623031389e-01 1.715208474187468468e-01 1.715208465597780341e-01 1.715208454717862263e-01 1.715208459896029602e-01
2.797579842148302520e-02 2.797579841278281798e-02 2.797579823536198995e-02 2.797579806014065598e-02 2.797579816540878700e-02
