1.744486597494749602e-01 1.744488406326134833e-01 1.744492701096032605e-01 1.744493759864035876e-01 1.744490381263736900e-01
2.213868271092248596e-01 2.213869674633327511e-01 2.213874712742523454e-01 2.213875793964112382e-01 2.213871736969909298e-01
2.038089263681750196e-01 2.038083444067201599e-01 2.038085306169503397e-01 2.038085559506471189e-01 2.038084436811410383e-01
2.004351629642566468e-01 2.004335364193195745e-01 2.004338152226776415e-01 2.004337437770879471e-01 2.004334854275497957e-01
2.000146257581061626e-01 2.000120386167393571e-01 2.000123945393259550e-01 2.000124841808113008e-01 2.000120946163770619e-01
2.000057261181723278e-01 2.000038360178410246e-01 2.000038426429101290e-01 2.000040058406271082e-01 2.000033660934784352e-01
1.999791449111943398e-01 1.999773144526637292e-01 1.999768515275890668e-01 1.999771099883370096e-01 1.999770206174217857e-01
1.999437436682609259e-01 1.999425154464895271e-01 1.999419428701524060e-01 1.999421940662939046e-01 1.999422200703571684e-01
1.999535595357805062e-01 1.999524212146943369e-01 1.999523936151189896e-01 1.999504938602367499e-01 1.999494176964447256e-01
2.000107352157836360e-01 2.000087380897695999e-01 2.000022010996983512e-01 1.999927304376813153e-01 1.999904695470645921e-01
2.000673733870153292e-01 2.000656344619672344e-01 2.000446011295634596e-01 2.000148522659088990e-01 2.000071184086739950e-01
1.999842489460439410e-01 2.000052690662566524e-01 1.999892526969802298e-01 1.999672515357462099e-01 1.999423317860740679e-01
1.999284112142785674e-01 1.999807263114212197e-01 1.999674235503614839e-01 1.999534915870542773e-01 1.999463035624474971e-01
1.999660688167935185e-01 1.999963184358385937e-01 1.999945025685812561e-01 1.999918985631475299e-01 2.000080461789535413e-01
1.999809483718995029e-01 2.000238480113650796e-01 2.000478416783824653e-01 2.000626159937561321e-01 2.000562677443045445e-01
2.000383951064633736e-01 2.000581904822348323e-01 2.000581159360803052e-01 2.000615190321103909e-01 2.000561960905849757e-01
2.000319003025994857e-01 2.000344129824174477e-01 2.000247345399142340e-01 2.000260859783105083e-01 2.000190559529630707e-01
1.999980689904005682e-01 1.999975757840343760e-01 1.999846458866910148e-01 1.999799030743937833e-01 1.999778308924957393e-01
1.999619252464391039e-01 1.999615411896891459e-01 1.999602653592796042e-01 1.999571773532203833e-01 1.999535185941164195e-01
1.999745873109313454e-01 1.999725325486676197e-01 1.999749866367013240e-01 1.999794705842312670e-01 1.999830341199209938e-01
1.999986812238293277e-01 2.000014023593846002e-01 1.999978493680756864e-01 1.999992642029133350e-01 1.999964668762213849e-01
2.000214247113794863e-01 2.000249204485402832e-01 1.999914068317278359e-01 1.999823463321403205e-01 1.999814526624042743e-01
1.999679991716680205e-01 1.999668253986869593e-01 1.999453736802881132e-01 1.999609689889011443e-01 1.999522233340774446e-01
1.999495952562345413e-01 1.999630647178750331e-01 1.999752999590627411e-01 1.999842337258563030e-01 1.999818615102406938e-01
1.997331212212254126e-01 1.997438896952827558e-01 1.997372763383820637e-01 1.997345585715324667e-01 1.997411891799040495e-01
1.989232400045821136e-01 1.989410339809223327e-01 1.989380994274659586e-01 1.989368357454887604e-01 1.989422581839867255e-01
1.997155998780636155e-01 1.997280473631191378e-01 1.997352426161423944e-01 1.997387857631987007e-01 1.997347639677058417e-01
1.996378274556676602e-01 1.996407486531072695e-01 1.996406502798599436e-01 1.996409548204574891e-01 1.996430257565913191e-01
1.960971719813822123e-01 1.961216174642150256e-01 1.960594717516560836e-01 1.960160077675398016e-01 1.960840436287719646e-01
1.655980560647615785e-01 1.656244370777004149e-01 1.651643437296804184e-01 1.648902390433666376e-01 1.652574723730117212e-01
8.035203865046061655e-02 8.034299312254844505e-02 7.988845774544132972e-02 7.963287562475755699e-02 7.996792098735648613e-02
1.652390536999406023e-01 1.652313464955126321e-01 1.651762141893840519e-01 1.651495632401610569e-01 1.651910341328297338e-01
1.962249360683881727e-01 1.962220247622662173e-01 1.962218034767716501e-01 1.962229018849611095e-01 1.962215527108065183e-01
2.001468512189338855e-01 2.001455501179834340e-01 2.001484202493395703e-01 2.001506626542448319e-01 2.001473789392463343e-01
1.712144539054963610e-01 1.712141952209382534e-01 1.712192234110317124e-01 1.712222692743453900e-01 1.712183772120637049e-01
2.784730737072764473e-02 2.784734165321834515e-02 2.784992240870304281e-02 2.785140459887068543e-02 2.784955744759365706e-02
