1.744446359591357021e-01 1.744446368552027005e-01 1.744446343451729886e-01 1.744446183365205849e-01 1.744446185613227895e-01
2.213498261090381947e-01 2.213498198380076110e-01 2.213498232051538950e-01 2.213497933917834837e-01 2.213497923380321752e-01
2.037681055642990291e-01 2.037680914944099142e-01 2.037681033198305847e-01 2.037680656879117258e-01 2.037680621718054863e-01
2.004065830475663668e-01 2.004065689479044565e-01 2.004065805877693340e-01 2.004065506116607109e-01 2.004065456099735076e-01
1.999999700203437536e-01 1.999999655059334636e-01 1.999999674525344551e-01 1.999999953692337962e-01 1.999999896238567054e-01
2.000120587684688089e-01 2.000120572420638621e-01 2.000120557017495693e-01 2.000120551737471220e-01 2.000120510185629807e-01
2.000161616821697352e-01 2.000161593191048803e-01 2.000161583950432753e-01 2.000161613937969096e-01 2.000161556689042386e-01
2.000024422840898930e-01 2.000024403636574410e-01 2.000024404634238584e-01 2.000024428646254293e-01 2.000024374378616687e-01
2.000002618286031431e-01 2.000002595728850308e-01 2.000002590361591448e-01 2.000002607560544543e-01 2.000002561408639745e-01
1.999999948265038241e-01 1.999999989594486161e-01 1.999999988885198532e-01 2.000000004300580281e-01 1.999999956050430294e-01
1.999999613919068719e-01 2.000000007107967104e-01 2.000000127907960723e-01 2.000000141103618345e-01 1.999999973115088592e-01
1.999997266516089778e-01 1.999998519865403279e-01 2.000000010820775775e-01 2.000000022511083109e-01 1.999998491874512285e-01
1.999995085927553096e-01 1.999993400929184484e-01 1.999999119203630382e-01 1.999999126731563659e-01 1.999993385526812051e-01
2.000007307266350176e-01 1.999993224335569197e-01 1.999993763258046953e-01 1.999993764808745134e-01 1.999993224189174912e-01
1.999907455953973401e-01 1.999993390260024484e-01 1.999999110465555119e-01 1.999999109875411352e-01 1.999993399634320823e-01
1.999103102407105148e-01 1.999813912432501783e-01 1.999999893158710407e-01 1.999999892958452818e-01 1.999813911037375547e-01
1.995171259399808050e-01 1.997356146505714358e-01 1.999846095325156226e-01 1.999846095059301110e-01 1.997356146821816503e-01
1.998687840298930263e-01 1.988906958900376054e-01 1.998515712990823201e-01 1.998515713117228754e-01 1.988906960033388349e-01
2.106654204808157960e-01 1.995484949225214966e-01 1.989501234630026427e-01 1.989501235338462515e-01 1.995484950071018948e-01
1.998687840037264851e-01 1.988906959340893121e-01 1.998515711859193134e-01 1.998515712150971957e-01 1.988906958932364077e-01
1.995171262288222003e-01 1.997356150418290455e-01 1.999846097997639849e-01 1.999846098407863648e-01 1.997356150717747580e-01
1.999103108318525945e-01 1.999813919171915533e-01 1.999999899407677861e-01 1.999999900296812183e-01 1.999813920698533809e-01
1.999907479527331389e-01 1.999993414925221591e-01 1.999999133986269384e-01 1.999999134062338813e-01 1.999993415766644078e-01
2.000007349846650018e-01 1.999993271845850462e-01 1.999993809281613300e-01 1.999993809091575592e-01 1.999993272479389794e-01
1.999995218339553904e-01 1.999993543899785953e-01 1.999999262193818683e-01 1.999999261953843976e-01 1.999993544663177525e-01
1.999997275640580663e-01 1.999998541724813672e-01 2.000000034990373765e-01 2.000000034937018112e-01 1.999998543244622118e-01
1.999999462731895106e-01 1.999999869380669482e-01 1.999999993331222914e-01 1.999999992516304503e-01 1.999999868931200409e-01
2.000002538122329920e-01 2.000002594026103198e-01 2.000002598611930194e-01 2.000002597854216857e-01 2.000002594121337574e-01
2.000024421786952555e-01 2.000024415417406554e-01 2.000024416673692462e-01 2.000024416143000028e-01 2.000024416495488067e-01
2.000161631717706501e-01 2.000161634428666846e-01 2.000161639764558019e-01 2.000161640339990221e-01 2.000161636783690522e-01
2.000120591442017537e-01 2.000120595488697750e-01 2.000120597746774809e-01 2.000120598799497162e-01 2.000120597845859993e-01
1.999999997688010067e-01 2.000000001026986107e-01 2.000000002900518270e-01 2.000000003536894777e-01 2.000000004614493065e-01
2.004065847032994452e-01 2.004065850277123029e-01 2.004065852375740142e-01 2.004065852625515065e-01 2.004065854515532374e-01
2.037680878733698631e-01 2.037680881659198473e-01 2.037680883367019302e-01 2.037680883621011962e-01 2.037680885558215971e-01
2.213497871991456645e-01 2.213497873911631220e-01 2.213497873253073289e-01 2.213497872661085442e-01 2.213497874667030574e-01
1.744445843309319899e-01 1.744445843805161878e-01 1.744445842887853426e-01 1.744445842281701908e-01 1.744445843365440008e-01
