1.616809105383900866e-02 1.899340512938002545e-02 2.042353650778561819e-02 1.899340587059074673e-02
1.633677671391662034e-01 1.669086070477162065e-01 1.692180095615843927e-01 1.669086138456231938e-01
1.892788236192723128e-01 1.899226639733603839e-01 1.901047111617017726e-01 1.899226783225453907e-01
1.896282597217511801e-01 1.896612736707182501e-01 1.896305238851114239e-01 1.896612774692996717e-01
2.046203712805667319e-01 2.046052183641596800e-01 2.046049637103198038e-01 2.046051668574971616e-01
2.119686551540490294e-01 2.119604064789153419e-01 2.119603641267375771e-01 2.119602973651733002e-01
2.046615082888155468e-01 2.046644332562062019e-01 2.046675892099635574e-01 2.046642714045094902e-01
1.893204905784171832e-01 1.893214387865841952e-01 1.893217099481083188e-01 1.893211645138617172e-01
1.891414206036513557e-01 1.891414959630365877e-01 1.891414736373120686e-01 1.891414336964086507e-01
2.045564484539280081e-01 2.045558351387206375e-01 2.045556254892510195e-01 2.045557875505202849e-01
2.121700902841875402e-01 2.121690371440869416e-01 2.121687423137113004e-01 2.121685520804279523e-01
2.045588282232952693e-01 2.045587771596610038e-01 2.045589552509381737e-01 2.045577665266537781e-01
1.891130366067957369e-01 1.891066237721118759e-01 1.891048350147455648e-01 1.891035612546939360e-01
1.892797988408797538e-01 1.892568817897950784e-01 1.892639889230866290e-01 1.892575910504514791e-01
2.047234651668818073e-01 2.047117362902352578e-01 2.047324877604883298e-01 2.047129000313727964e-01
2.121771881365719647e-01 2.121813925098092746e-01 2.121853466698517821e-01 2.121814502132544356e-01
2.046301243427053052e-01 2.046269171256921426e-01 2.046307166250312670e-01 2.046264937123583039e-01
1.893513165893523087e-01 1.893523370423188246e-01 1.893413477513141152e-01 1.893117342967860217e-01
1.893331357345806876e-01 1.893249579915132763e-01 1.892967280851135248e-01 1.892668812357523322e-01
2.045844301695333989e-01 2.045709728293618745e-01 2.045800835313865695e-01 2.046002734344579965e-01
2.120458573320175844e-01 2.120555987377764073e-01 2.120554887696583513e-01 2.121002449225398712e-01
2.043354815539509817e-01 2.043401442031833048e-01 2.043333180182873299e-01 2.043688691529285950e-01
1.866836697944774803e-01 1.866911173023097781e-01 1.866910125114306096e-01 1.867069190378565779e-01
1.869776271292355185e-01 1.869872950581610849e-01 1.869922887795185951e-01 1.869990959087462767e-01
2.044187019400007799e-01 2.044238575230910016e-01 2.044248870599776613e-01 2.044264769466118958e-01
2.113179551288408287e-01 2.113186614175714961e-01 2.113177212188991905e-01 2.113177773756920730e-01
1.923558037335602600e-01 1.923559128322735734e-01 1.923528846974180972e-01 1.923518666621574502e-01
8.251293315857126387e-02 8.251310845144532724e-02 8.250726523099685683e-02 8.250643154826914349e-02
8.248100737718516706e-02 8.247957873119472760e-02 8.248051317889568135e-02 8.248195334745841989e-02
1.922764608559159594e-01 1.922757997963427667e-01 1.922769752966459467e-01 1.922778082421799928e-01
2.110975807924975189e-01 2.110975801319004974e-01 2.110977148871528430e-01 2.110977942040933586e-01
2.044180544409835432e-01 2.044180701902789665e-01 2.044180187181044162e-01 2.044179949148766107e-01
1.876215760633808405e-01 1.876215860127692925e-01 1.876213994775435545e-01 1.876213726111380931e-01
1.873902871081133958e-01 1.873902162723784237e-01 1.873902743111215685e-01 1.873903399934292169e-01
1.663538783534145860e-01 1.663538416201836845e-01 1.663538926402183538e-01 1.663539279245045688e-01
1.885438168228506864e-02 1.885437891449453715e-02 1.885438250036537700e-02 1.885438492420898546e-02
