5.505073733212056258e-03 2.036575486727721859e-02 2.883347768096627267e-02 2.036575144191539455e-02
1.411639884620697061e-01 1.641052045971294338e-01 1.805857427339412902e-01 1.641051702477687446e-01
1.744974636892843434e-01 1.836948230184700936e-01 1.905235775715691249e-01 1.836947512254014925e-01
1.824830460365776119e-01 1.841843133455870196e-01 1.854354347998204700e-01 1.841843000872228908e-01
2.041505326244934249e-01 2.042056087420078270e-01 2.042301556108273575e-01 2.042056092330096495e-01
2.119318528873609941e-01 2.118801287480457651e-01 2.119191300813100809e-01 2.118801277375144398e-01
2.020384463261561681e-01 2.029816744421460151e-01 2.041171451529583958e-01 2.029816578865847043e-01
1.713892772462523029e-01 1.737629495767637477e-01 1.762727277608653331e-01 1.737629127633025239e-01
1.734332753531609428e-01 1.740757058798370061e-01 1.747244705580300872e-01 1.740756971986149870e-01
2.033635550201805808e-01 2.034100259220971429e-01 2.034298232886324609e-01 2.034100253083050425e-01
2.120603351178176055e-01 2.120624883022621532e-01 2.120694480540629423e-01 2.120624880994341765e-01
2.022178197743717820e-01 2.025574841725255038e-01 2.029372588397376775e-01 2.025574785371783149e-01
1.642435608138613778e-01 1.650820473794107346e-01 1.659512729563520639e-01 1.650820342314353595e-01
1.649920895477566263e-01 1.652177039411255599e-01 1.654453015879654432e-01 1.652177012105271736e-01
2.026498200509381786e-01 2.026645369334808267e-01 2.026733418505829443e-01 2.026645370566522442e-01
2.120691339053921987e-01 2.120694065991106103e-01 2.120699574336463167e-01 2.120694065850654286e-01
2.022702231761641101e-01 2.023723177470557744e-01 2.024817661935267854e-01 2.023723163975896244e-01
1.618129014364050045e-01 1.620630231975752344e-01 1.623188959286144262e-01 1.620630201204748821e-01
1.619853794569648398e-01 1.620525031403071414e-01 1.621200244655602307e-01 1.620525036383889117e-01
2.023635329062991595e-01 2.023676178280916504e-01 2.023705901961725673e-01 2.023676183406442342e-01
2.120693535138148955e-01 2.120692019857316479e-01 2.120690050559044804e-01 2.120692020144721579e-01
2.027414457325260322e-01 2.027676632122289990e-01 2.027950512733506239e-01 2.027676632299143522e-01
1.663814492799719214e-01 1.664457173035502058e-01 1.665109141104156310e-01 1.664457176363074442e-01
1.662891944599426131e-01 1.663064445068502817e-01 1.663237617646788069e-01 1.663064459764574676e-01
2.026760344547495485e-01 2.026770456831223088e-01 2.026778761805767270e-01 2.026770463400225097e-01
2.120644452197166241e-01 2.120643330563593276e-01 2.120641981237593454e-01 2.120643329794738019e-01
2.035426757907161932e-01 2.035482329093097342e-01 2.035539454649678837e-01 2.035482328084849690e-01
1.758444241974698730e-01 1.758581762313876085e-01 1.758720542679097776e-01 1.758581768764799214e-01
1.756616814368683610e-01 1.756654076045768842e-01 1.756691446127635337e-01 1.756654096075606075e-01
2.033657879584610806e-01 2.033660190463264794e-01 2.033662263064648645e-01 2.033660204071372213e-01
2.118561550794276493e-01 2.118561126551129215e-01 2.118560640078587243e-01 2.118561127779052811e-01
2.042891706871862167e-01 2.042899491333197426e-01 2.042907417160067518e-01 2.042899493214684614e-01
1.854269233643415227e-01 1.854289303102289455e-01 1.854309508528659001e-01 1.854289315699442220e-01
1.852682737738279295e-01 1.852688763445270725e-01 1.852694859755815437e-01 1.852688806831310764e-01
1.661699624126686814e-01 1.661700337908030845e-01 1.661701072125098266e-01 1.661700358901074814e-01
1.884697352263971226e-02 1.884697937740067303e-02 1.884698506289200770e-02 1.884697982026539362e-02
