1.774857647065345712e-01 1.774974343430552604e-01 1.774393236191588452e-01 1.773919665290431824e-01 1.774201020160848519e-01
2.332960744920757057e-01 2.333455862845215667e-01 2.331007899791881777e-01 2.328998593890642954e-01 2.330190265445701847e-01
2.447181581030732078e-01 2.448781528226879056e-01 2.440974040377938137e-01 2.434560987536530108e-01 2.438357066773806092e-01
2.887134337186888500e-01 2.892336964586495474e-01 2.865359087886951150e-01 2.843542776152424567e-01 2.856807002219817759e-01
2.438307562883680335e-01 2.443265604089561172e-01 2.416271688656597416e-01 2.394761589237185684e-01 2.407984904099203516e-01
2.129740165127907425e-01 2.131020811138665261e-01 2.123303493304986023e-01 2.117296520695090278e-01 2.121101556680279887e-01
2.031507077974027409e-01 2.031869908845350403e-01 2.029696776127845326e-01 2.027942716781555021e-01 2.029015271573995638e-01
2.006645487171854203e-01 2.006746793568049969e-01 2.006185385509672847e-01 2.005725000155881566e-01 2.005993091539578776e-01
2.002352735875612966e-01 2.002381688677670746e-01 2.002197184938826202e-01 2.002086950001679966e-01 2.002181535410260671e-01
2.000846508849301875e-01 2.000858600226594897e-01 2.000821527623440899e-01 2.000780745049028364e-01 2.000815965116701234e-01
2.000179556261769964e-01 2.000205157031462178e-01 2.000185788646741125e-01 2.000179045571815750e-01 2.000202115111728018e-01
1.999367935168711030e-01 1.999616940202580406e-01 1.999744888870632342e-01 1.999752559144626352e-01 1.999634994629455598e-01
1.997301207834923931e-01 1.998124334060204788e-01 1.999159896904390832e-01 1.999160618755602414e-01 1.998128102614520618e-01
1.997278570020882271e-01 1.996678087650113065e-01 1.997466939183560886e-01 1.997442029059200708e-01 1.996644043181813599e-01
2.001580379471277205e-01 1.998217276997074632e-01 1.997460419351264060e-01 1.997406245575611416e-01 1.998262853082374835e-01
1.989495930633559673e-01 1.995577585567105405e-01 1.994164701409173734e-01 1.994191218166059265e-01 1.995668539456976753e-01
1.834751479028324250e-01 1.934887004743425787e-01 1.978476832457211343e-01 1.978546440130259376e-01 1.935047441088597331e-01
1.028484179268540910e-01 1.516063273435386827e-01 1.917509568999280212e-01 1.917559237482762691e-01 1.516164315447039446e-01
4.324071582382790942e-03 8.443660980700291863e-02 1.532643610561467140e-01 1.532533099266024101e-01 8.440138337042392414e-02
1.074525911531460376e-01 1.550713261855405090e-01 1.932248568016681767e-01 1.931960611505642855e-01 1.549871082474596484e-01
1.843894713307040190e-01 1.944349975407915487e-01 1.990270362806189908e-01 1.990265510081831724e-01 1.943942654952756921e-01
1.988111527095599573e-01 1.995461755413399374e-01 1.997914869510318547e-01 1.997971679146969548e-01 1.995644337942427959e-01
2.000437080419436298e-01 1.997448318303882975e-01 1.998509491254862325e-01 1.998640000446297027e-01 1.997644684301002893e-01
1.993246464543175778e-01 1.993057786778723028e-01 1.994506992085115504e-01 1.994609887459752318e-01 1.993175889940573819e-01
1.982519707005264420e-01 1.983681787877442648e-01 1.984806535772701275e-01 1.984748387470979258e-01 1.983610756139414233e-01
1.996071711503877022e-01 1.996667041701012668e-01 1.996811007468980159e-01 1.996707528275026289e-01 1.996543785438101293e-01
1.997161132093809854e-01 1.997197557668733137e-01 1.997203400422866704e-01 1.997252946165249399e-01 1.997293745804352705e-01
1.965269685646993947e-01 1.964758153107140082e-01 1.964711750349056596e-01 1.965123144330505611e-01 1.965402188300654496e-01
1.672011778866175913e-01 1.668686107756762738e-01 1.668182809837724934e-01 1.671063682929169736e-01 1.673280112465305169e-01
8.354831643816601483e-02 8.325707954015368339e-02 8.317039313227322928e-02 8.340161507405760566e-02 8.363006096934157141e-02
1.670921257124874382e-01 1.670883440392999519e-01 1.670432656181387032e-01 1.670182506754165352e-01 1.670492176801217088e-01
1.965493721283516626e-01 1.965528413335408675e-01 1.965480596180915474e-01 1.965420989977225141e-01 1.965433885388859214e-01
1.999306441387863620e-01 1.999300774442009654e-01 1.999301002790764004e-01 1.999306467752825500e-01 1.999304188233924917e-01
1.993729409566129263e-01 1.993576502223166624e-01 1.993566749170050112e-01 1.993703048100365915e-01 1.993792717332294462e-01
1.658121267800224119e-01 1.657963040633351759e-01 1.657950715038354061e-01 1.658096368197049530e-01 1.658196559491768862e-01
2.685621157022952468e-02 2.685450552831107271e-02 2.685452178662574296e-02 2.685619336568645030e-02 2.685716823378577617e-02
