3.087939473942284772e-03 3.088187193563788312e-03 3.088260268872270158e-03 3.088260309350090039e-03 3.088187279737928618e-03
4.011085220120270273e-02 4.011330368189130330e-02 4.011414595575410469e-02 4.011414657082710417e-02 4.011330494493576398e-02
1.701682844410714879e-01 1.701722270121998615e-01 1.701721486659890648e-01 1.701721491505884809e-01 1.701722282841699463e-01
1.987461932014931154e-01 1.987477422904544710e-01 1.987470150962815929e-01 1.987470150231803734e-01 1.987477421442817860e-01
1.999999922992705959e-01 1.999999928359840751e-01 1.999999954944745306e-01 1.999999954448551109e-01 1.999999925583730853e-01
1.983524571873023223e-01 1.983523407740613309e-01 1.983526392004970329e-01 1.983526394739884291e-01 1.983523411668850212e-01
1.921366440264420661e-01 1.921389728096490890e-01 1.921398951813413081e-01 1.921398962156315726e-01 1.921389746141387855e-01
1.981849196524526902e-01 1.981890166133392917e-01 1.981888733168759853e-01 1.981888739910133701e-01 1.981890180065172258e-01
1.999108600424852611e-01 1.999125572912688886e-01 1.999118468533417625e-01 1.999118467880403038e-01 1.999125570416902808e-01
1.999998082084810114e-01 1.999998271926176352e-01 1.999998961931248043e-01 1.999998961116121465e-01 1.999998268430014936e-01
1.999116351523960167e-01 1.999114183438157333e-01 1.999117453695369584e-01 1.999117456706572538e-01 1.999114187657249353e-01
1.995321375144968878e-01 1.995343880221317479e-01 1.995352069298249598e-01 1.995352078771886750e-01 1.995343896914906490e-01
1.998886296652301053e-01 1.998933986442021637e-01 1.998929245548707878e-01 1.998929251271140406e-01 1.998933997821426833e-01
1.999904690103468385e-01 1.999947306238133438e-01 1.999950866236054892e-01 1.999950865568730640e-01 1.999947302736532484e-01
2.000059492479571988e-01 1.999976460021064273e-01 1.999982972281925953e-01 1.999982971106193108e-01 1.999976455474919146e-01
2.000827297919285652e-01 2.000121969552947632e-01 1.999944270717219363e-01 1.999944271932765083e-01 2.000121970378604397e-01
2.004327785356263270e-01 2.002312247053700811e-01 1.999880146610635012e-01 1.999880150279317592e-01 2.002312253024198241e-01
2.000478367374063648e-01 2.010552675912555820e-01 2.001392979803450212e-01 2.001392981167118557e-01 2.010552676647795467e-01
1.898589802805976945e-01 2.003584929559397709e-01 2.010157810020900826e-01 2.010157807472179037e-01 2.003584919292602518e-01
2.000020759985262353e-01 2.010147364603180886e-01 2.001151680726826754e-01 2.001151677199667356e-01 2.010147355436345817e-01
2.004523597748943398e-01 2.002499181565207953e-01 2.000090490366354390e-01 2.000090490247795616e-01 2.002499181203336032e-01
2.000867101748600718e-01 2.000167455426717922e-01 1.999983863810427254e-01 1.999983865415188300e-01 2.000167458782920182e-01
2.000006669101468681e-01 1.999955246441715850e-01 1.999950509919339314e-01 1.999950510424556294e-01 1.999955245117894520e-01
1.998701552791929681e-01 1.998873546717692407e-01 1.999004030052722869e-01 1.999004026953247193e-01 1.998873536525716532e-01
1.995035806169020987e-01 1.995174152391849809e-01 1.995331832812171080e-01 1.995331827536933056e-01 1.995174142456812294e-01
1.999062269081512966e-01 1.999080363489871282e-01 1.999110195971383341e-01 1.999110195308463067e-01 1.999080361458078769e-01
1.999999613076827165e-01 1.999999053460657095e-01 1.999999060363034653e-01 1.999999060826961050e-01 1.999999054337441573e-01
1.999093939839866330e-01 1.999127418120351385e-01 1.999125983397994910e-01 1.999125983928479178e-01 1.999127417755544034e-01
1.981688976422443238e-01 1.981842836538965924e-01 1.981970147392042025e-01 1.981970144664422784e-01 1.981842828054886652e-01
1.921126420304494764e-01 1.921259740757926826e-01 1.921419531318273866e-01 1.921419526645251896e-01 1.921259731280583472e-01
1.983478061371020951e-01 1.983496671898160868e-01 1.983526444491347795e-01 1.983526443452765797e-01 1.983496669799248435e-01
1.999999957537770545e-01 1.999999948901615698e-01 1.999999955907130755e-01 1.999999956008682300e-01 1.999999949480205097e-01
1.987453037411671120e-01 1.987485168113428680e-01 1.987484377562681037e-01 1.987484378166164134e-01 1.987485167557701271e-01
1.701660670571832068e-01 1.701810605533841392e-01 1.701937360972148316e-01 1.701937359302359565e-01 1.701810597711573558e-01
4.014729793155343007e-02 4.015951640394661848e-02 4.017370644992628720e-02 4.017370613971865678e-02 4.015951568494231100e-02
3.096156487611122568e-03 3.097248079464421083e-03 3.098479044158853560e-03 3.098479002409129223e-03 3.097248011355272120e-03
