1.744445836328559207e-01 1.744445836290548779e-01 1.744445836370227543e-01 1.744445836392576055e-01 1.744445836286806217e-01
2.213497865090968686e-01 2.213497864890799083e-01 2.213497864916946778e-01 2.213497864860099751e-01 2.213497864498621126e-01
2.037680874182561386e-01 2.037680873768834000e-01 2.037680873638338108e-01 2.037680873391429504e-01 2.037680872976171398e-01
2.004065835994309208e-01 2.004065835691725972e-01 2.004065834858955453e-01 2.004065833966550969e-01 2.004065833897574755e-01
1.999999958834633440e-01 1.999999958716489057e-01 1.999999957777069959e-01 1.999999957013831042e-01 1.999999957295001685e-01
2.000120590959981459e-01 2.000120590834396916e-01 2.000120590610574012e-01 2.000120590554297917e-01 2.000120590618638117e-01
2.000161648725699848e-01 2.000161648621485155e-01 2.000161648557274852e-01 2.000161648456915686e-01 2.000161648302830331e-01
2.000024419810476073e-01 2.000024419663646580e-01 2.000024419566743539e-01 2.000024419277206256e-01 2.000024419218611182e-01
2.000002388590410296e-01 2.000002388993954994e-01 2.000002387585347874e-01 2.000002385803489324e-01 2.000002386307311586e-01
1.999999050946847934e-01 1.999999051537263428e-01 1.999999049777114735e-01 1.999999047916274086e-01 1.999999048663229084e-01
1.999999960013822131e-01 1.999999960204042471e-01 1.999999959870576438e-01 1.999999959515424974e-01 1.999999959872748034e-01
2.000000134868599733e-01 2.000000134939144969e-01 2.000000135004515456e-01 2.000000134906410598e-01 2.000000134954411091e-01
1.999999834331847304e-01 1.999999834350602024e-01 1.999999834355330464e-01 1.999999833947905814e-01 1.999999833948184480e-01
1.999996198709054207e-01 1.999996200004301172e-01 1.999996198387954949e-01 1.999996195400112753e-01 1.999996195494302409e-01
1.999983578915883742e-01 1.999983580511704440e-01 1.999983578347462043e-01 1.999983575070854447e-01 1.999983575404356284e-01
1.999996892791797154e-01 1.999996893160801426e-01 1.999996892561692607e-01 1.999996891860908732e-01 1.999996892103059754e-01
2.000000000483626583e-01 2.000000000494236430e-01 2.000000000531843292e-01 2.000000000455784688e-01 2.000000000471643391e-01
1.999996883040223439e-01 1.999996882952542188e-01 1.999996882993642644e-01 1.999996882485473582e-01 1.999996882293200995e-01
1.999935910427677321e-01 1.999935912515711511e-01 1.999935910267437722e-01 1.999935905731293762e-01 1.999935905249259349e-01
1.999723305580250743e-01 1.999723308299614088e-01 1.999723305153056352e-01 1.999723300057897890e-01 1.999723300058257325e-01
1.999947619320929237e-01 1.999947619912324226e-01 1.999947618913969216e-01 1.999947617905658004e-01 1.999947618197795152e-01
2.000000000614571283e-01 2.000000000547616508e-01 2.000000000579642001e-01 2.000000000484574714e-01 2.000000000483521667e-01
1.999947605874471679e-01 1.999947605281394147e-01 1.999947605429700515e-01 1.999947605149423324e-01 1.999947604292942049e-01
1.998922713328144252e-01 1.998922714639441989e-01 1.998922712264288026e-01 1.998922708010931470e-01 1.998922706084525214e-01
1.995348566181369687e-01 1.995348568640163134e-01 1.995348565039858080e-01 1.995348559565617574e-01 1.995348558824673324e-01
1.999117489744024478e-01 1.999117490277913800e-01 1.999117488990772573e-01 1.999117487677090632e-01 1.999117487852404840e-01
1.999999999618702340e-01 1.999999999619550828e-01 1.999999999556242025e-01 1.999999999502683479e-01 1.999999999543234652e-01
1.999119940557616548e-01 1.999119940397909301e-01 1.999119940222146008e-01 1.999119940098206261e-01 1.999119939422475123e-01
1.981882474399034311e-01 1.981882476518721514e-01 1.981882473176572734e-01 1.981882468743281500e-01 1.981882467322317598e-01
1.921393441633982291e-01 1.921393444639591108e-01 1.921393440634193983e-01 1.921393434731810401e-01 1.921393434186740579e-01
1.983525860690930342e-01 1.983525861160781445e-01 1.983525860237368155e-01 1.983525858870187342e-01 1.983525858961875388e-01
1.999999999820804009e-01 2.000000000043777315e-01 1.999999999961145913e-01 1.999999999985895560e-01 2.000000000130039424e-01
1.987471088572393685e-01 1.987471089007242231e-01 1.987471088070713043e-01 1.987471088127669150e-01 1.987471088065963509e-01
1.701708239833399083e-01 1.701708241789198217e-01 1.701708236003269537e-01 1.701708232122366993e-01 1.701708232473568283e-01
4.011068119764930190e-02 4.011068140086219286e-02 4.011068087108891206e-02 4.011068044163419721e-02 4.011068053476413847e-02
3.087701137608744699e-03 3.087701154352916720e-03 3.087701113440202965e-03 3.087701083782859544e-03 3.087701090157705507e-03
