6.144355693414689978e-05 1.983306958735902084e-03 3.163557719185920453e-03 1.983306963100871841e-03
8.987626445064452602e-03 1.978867889875154940e-02 2.873754102060747939e-02 1.978867886738813753e-02
8.296639835080865666e-02 1.034331904455972895e-01 1.207265121035143024e-01 1.034331885127978828e-01
1.584865509468184330e-01 1.651836581183156460e-01 1.689250325419875687e-01 1.651836496360701012e-01
2.021577163688200451e-01 2.030811052563039343e-01 2.031257347345820363e-01 2.030811010422018670e-01
2.118800089263765118e-01 2.108309524311071659e-01 2.102726591501400677e-01 2.108309516240544634e-01
1.942940166980757777e-01 1.923650925005613577e-01 1.909373411704463896e-01 1.923650912933972390e-01
1.440083085841208366e-01 1.426469272523266107e-01 1.413139341937471594e-01 1.426469251094076851e-01
1.467309604607166251e-01 1.465222779223782079e-01 1.461852525700763905e-01 1.465222768815395704e-01
2.010875797244329743e-01 2.011189596087748221e-01 2.011107649271779430e-01 2.011189588918919635e-01
2.120354991432975289e-01 2.119911273411282382e-01 2.119704878912258561e-01 2.119911266483608114e-01
2.014229759252546270e-01 2.009939511292911651e-01 2.005720158212384030e-01 2.009939493055884485e-01
1.517030021041703980e-01 1.508078651978416729e-01 1.498970694634407519e-01 1.508078627088818291e-01
1.510292728313677724e-01 1.508003049800117623e-01 1.505627411473723365e-01 1.508003078239545935e-01
2.013635145252845593e-01 2.013539588932794777e-01 2.013459039152196983e-01 2.013539602908794302e-01
2.120020629364100240e-01 2.120047366707107916e-01 2.120099219026569393e-01 2.120047364220910280e-01
2.022910538818376014e-01 2.022331382996647164e-01 2.021738066281445478e-01 2.022331370599523004e-01
1.609465052351098102e-01 1.608009068256572860e-01 1.606527888461215525e-01 1.608009049573286275e-01
1.608483023479548302e-01 1.608090489631959219e-01 1.607691628303795361e-01 1.608090510015254548e-01
2.022627247931789440e-01 2.022605147071570852e-01 2.022587344679994681e-01 2.022605158465284048e-01
2.120051620901047540e-01 2.120071203436825757e-01 2.120094769648667443e-01 2.120071203403549875e-01
2.013585551318349265e-01 2.013715572217877892e-01 2.013846661421672124e-01 2.013715565563609089e-01
1.510239813013994625e-01 1.510505289014387742e-01 1.510770470243273933e-01 1.510505277868429974e-01
1.512772733451670792e-01 1.512837973139953274e-01 1.512902850909606800e-01 1.512837991854159569e-01
2.015284171961496673e-01 2.015285636361500154e-01 2.015287068395221481e-01 2.015285646978491330e-01
2.120518597989808907e-01 2.120522296057916756e-01 2.120526445741643951e-01 2.120522297702131798e-01
2.010661993005676551e-01 2.010760044371491251e-01 2.010858992973265091e-01 2.010760046928810885e-01
1.462650325853133704e-01 1.462876914125361139e-01 1.463104135786816584e-01 1.462876935063704142e-01
1.460999895013024297e-01 1.461059283252537644e-01 1.461118748722688709e-01 1.461059356867050740e-01
2.009009662704741572e-01 2.009012435465951929e-01 2.009015089639131224e-01 2.009012467617790898e-01
2.118465781932047654e-01 2.118465365482935514e-01 2.118464945599937421e-01 2.118465367876245509e-01
2.030911161977533574e-01 2.030933888774605900e-01 2.030956771775488667e-01 2.030933900510286105e-01
1.697998554369316571e-01 1.698054514594023456e-01 1.698110657031605408e-01 1.698054579114837981e-01
1.692586732261246729e-01 1.692603222944162322e-01 1.692619921838917074e-01 1.692603400068153630e-01
1.647185881555723597e-01 1.647187743580483810e-01 1.647189690453221556e-01 1.647187820754159315e-01
1.878669570919532308e-02 1.878670869633840626e-02 1.878672239486261705e-02 1.878670923250509370e-02
