2.795061538997466177e-02 2.795061655903840342e-02 2.795061710653414661e-02 2.795061709783289855e-02 2.795061654340020088e-02
1.714456993867837231e-01 1.714457134479201172e-01 1.714457218389910664e-01 1.714457217899330865e-01 1.714457132456798094e-01
2.005915889230686922e-01 2.005916355463924772e-01 2.005916776278221236e-01 2.005916776073541352e-01 2.005916352338684427e-01
2.002265304607810104e-01 2.002265641992228284e-01 2.002266243249617994e-01 2.002266243075672691e-01 2.002265640522426227e-01
1.999999875013116768e-01 1.999999547846319503e-01 1.999999945092505171e-01 1.999999944615184211e-01 1.999999546715072463e-01
1.998319876532106409e-01 1.998320662988741780e-01 1.998321359997774771e-01 1.998321359757628812e-01 1.998320661999553882e-01
1.999529703594335461e-01 1.999541228219012257e-01 1.999548399270558441e-01 1.999548398950619643e-01 1.999541224670345341e-01
1.999893954859532086e-01 1.999937019035256947e-01 1.999980983486499275e-01 1.999980984098492787e-01 1.999937014466927898e-01
1.999862390903701936e-01 1.999896290565716384e-01 1.999961809890623277e-01 1.999961810799773532e-01 1.999896290244432551e-01
1.999986453840877920e-01 1.999951292017807802e-01 1.999994743322680013e-01 1.999994743258273477e-01 1.999951291175189605e-01
1.999845135222254044e-01 1.999924448228755924e-01 1.999997449285492723e-01 1.999997448851075776e-01 1.999924446875590289e-01
1.998019521687482980e-01 1.999220904560452539e-01 1.999964718474569469e-01 1.999964718243099071e-01 1.999220900096480846e-01
1.990422168734244379e-01 1.994953184668021851e-01 1.999540131065760395e-01 1.999540130331081689e-01 1.994953178903207669e-01
1.985463370048283216e-01 1.989110254652448340e-01 1.996017894283783900e-01 1.996017892494462154e-01 1.989110253663960992e-01
1.999046505129986051e-01 1.994947435230789712e-01 1.999525413904849058e-01 1.999525413447856836e-01 1.994947434922371698e-01
1.987937462635208374e-01 1.993130736327872743e-01 1.999962662246950740e-01 1.999962661365459471e-01 1.993130734803042481e-01
1.812001192789876869e-01 1.929895046218990662e-01 1.997065693150386623e-01 1.997065692207155019e-01 1.929895039475365282e-01
9.897064796320562130e-02 1.515389348242296708e-01 1.958193838471039006e-01 1.958193837962367012e-01 1.515389339053857531e-01
2.328836256777607350e-03 8.655735138377083915e-02 1.626842694316918414e-01 1.626842692834076232e-01 8.655735145374275630e-02
9.896950770556765808e-02 1.515291166620563734e-01 1.957944586382999452e-01 1.957944584002276334e-01 1.515291172023363608e-01
1.812002653665263363e-01 1.929878628480798108e-01 1.997020524539948050e-01 1.997020523046152962e-01 1.929878631205079742e-01
1.987942256470208169e-01 1.993130051507893408e-01 1.999965331296082449e-01 1.999965331405500479e-01 1.993130052652639927e-01
1.999021188593742560e-01 1.994894515805702706e-01 1.999482914133907108e-01 1.999482913238402326e-01 1.994894516203098989e-01
1.984567925490428597e-01 1.988080095253437485e-01 1.994876566409197194e-01 1.994876559348718603e-01 1.988080089288887242e-01
1.986060285910088985e-01 1.990468841374098408e-01 1.994906195637997093e-01 1.994906187253380203e-01 1.990468833633352308e-01
1.997191026570928618e-01 1.998374569050809790e-01 1.999089678169777839e-01 1.999089675213217288e-01 1.998374567641708899e-01
1.999847511180304627e-01 1.999926484034155461e-01 1.999999665929684534e-01 1.999999665556408679e-01 1.999926484257909809e-01
1.999130483317067275e-01 1.999064408377347335e-01 1.999109861966483215e-01 1.999109861053141035e-01 1.999064408560510819e-01
1.981926694444092751e-01 1.981818064955341852e-01 1.981765815520183938e-01 1.981765810532850614e-01 1.981818061129882458e-01
1.921564003615446325e-01 1.921483086844220090e-01 1.921378528700936617e-01 1.921378523182494247e-01 1.921483080324658532e-01
1.983554037080067778e-01 1.983548144950865455e-01 1.983527577955908061e-01 1.983527576245832369e-01 1.983548143116196372e-01
1.999998552262894636e-01 1.999999304688198642e-01 1.999999995638499228e-01 1.999999996208637332e-01 1.999999305910126202e-01
1.987490357309661115e-01 1.987460102893372771e-01 1.987461285683849443e-01 1.987461285874643491e-01 1.987460104485798684e-01
1.701804842611558954e-01 1.701665588296307485e-01 1.701548356403731199e-01 1.701548354167058685e-01 1.701665588082277580e-01
4.009971030772363498e-02 4.008836594231114658e-02 4.007520746072402995e-02 4.007520727415950917e-02 4.008836583754938482e-02
3.084214565100793469e-03 3.083199067644738344e-03 3.082056859550624372e-03 3.082056842108163268e-03 3.083199070457856572e-03
