1.864351838823085639e-01 1.839584721016787883e-01 1.853454037208535632e-01 1.853393783074166190e-01 1.839636540341391124e-01
2.253898591371683580e-01 2.239828127934887780e-01 2.248704783006588714e-01 2.248677972658834623e-01 2.239883934009456734e-01
2.062042032064541619e-01 2.075748902694374287e-01 2.068121010028840800e-01 2.068197890136614647e-01 2.075808355569988550e-01
2.080686536858278590e-01 2.123687570045108830e-01 2.099415020471947502e-01 2.099562644146628354e-01 2.123637787716078362e-01
2.003547953717405850e-01 2.001736734401386997e-01 2.000510863853446897e-01 2.000520369036941637e-01 2.001726700636506651e-01
2.172279921686261217e-01 2.057460915722984229e-01 2.123223842678052531e-01 2.122971381844770133e-01 2.057704012547763306e-01
2.041480471996741930e-01 2.019554097053098685e-01 2.037574847116052357e-01 2.037566865353042378e-01 2.019680244108106315e-01
2.005322449193984169e-01 2.059597229757191839e-01 2.027922468889575003e-01 2.028109151339155536e-01 2.059728644869729952e-01
2.037212644747425638e-01 2.133903385272955255e-01 2.073961410430980590e-01 2.074258045867332367e-01 2.133761753208940903e-01
2.013554207885198677e-01 2.006700325083308756e-01 2.002058922390445583e-01 2.002094566336533044e-01 2.006667625877429639e-01
2.214600153311632180e-01 2.027981999558037540e-01 2.130737749070842624e-01 2.130366884929697502e-01 2.028283494781403795e-01
2.038370797748837726e-01 2.013269102535196753e-01 2.035928632282545392e-01 2.035934028208933877e-01 2.013419378627014367e-01
2.000348354545474217e-01 2.082930371043523743e-01 2.031877672346428243e-01 2.032103711993230866e-01 2.083135569794388187e-01
2.011722293223261737e-01 2.135277589995085712e-01 2.050305926873600970e-01 2.050670038218139479e-01 2.135121054903580118e-01
2.051645800952610621e-01 2.015115977516062362e-01 2.004953620973121409e-01 2.005021132799259254e-01 2.015107935511856463e-01
2.316817217067411727e-01 2.049231724017805678e-01 2.131808550554347426e-01 2.131420616133744006e-01 2.049489464674259520e-01
2.182244193679159228e-01 2.252030677593805374e-01 2.058132293456418904e-01 2.058184952785183930e-01 2.252170840386217843e-01
1.638940630692714007e-01 2.385576496150779435e-01 2.142286512478900340e-01 2.142504800287154954e-01 2.385883309291866872e-01
8.971209912526495467e-01 1.841693684423764410e-01 2.546887564809770521e-01 2.547213440844911525e-01 1.841554510627136376e-01
1.666995727598203358e-01 2.306316146588288374e-01 2.108308257301416966e-01 2.108404365370780409e-01 2.306320759288452982e-01
2.381689838388345859e-01 2.263545128796410344e-01 2.155215748212161719e-01 2.154840353057223823e-01 2.263724216893858165e-01
2.095218624371915916e-01 2.040272859435313946e-01 2.020331201376164010e-01 2.020414685813264610e-01 2.040355068837421681e-01
2.058818694593985976e-01 2.116495156849600434e-01 2.058185690199509643e-01 2.058366354703916046e-01 2.116740770671073912e-01
2.006171531775807759e-01 2.099201604558565970e-01 2.018185513972662604e-01 2.018424963962788810e-01 2.099048082320774944e-01
2.044063733115343284e-01 2.029043776747538053e-01 2.015842908538202638e-01 2.015946310194364488e-01 2.029038425130453016e-01
2.207872267442267111e-01 2.038436818547381402e-01 2.124275862322689556e-01 2.123927907515606450e-01 2.038624478319166489e-01
2.008875170563143575e-01 2.002410832056503165e-01 2.010172516902050399e-01 2.010219401229538516e-01 2.002430369354001316e-01
2.062918078607276218e-01 2.119609238711824550e-01 2.076145375970978868e-01 2.076272792196645622e-01 2.119713520306241161e-01
2.014936350483707839e-01 2.069859683061900935e-01 2.015891765918943201e-01 2.016051090179925842e-01 2.069745632131398116e-01
2.043635043059966738e-01 2.031086423708700073e-01 2.023828195761533111e-01 2.023906235129664666e-01 2.031080484188502178e-01
2.167033149860805030e-01 2.065956080919276738e-01 2.117327610909635061e-01 2.117095908996965148e-01 2.066090707328568088e-01
2.002338628796299647e-01 2.000620488908569083e-01 2.002709067614721616e-01 2.002725126322698335e-01 2.000621870303171401e-01
2.095974277618993797e-01 2.117453711951769180e-01 2.098141604949825267e-01 2.098204379192429858e-01 2.117481192630762399e-01
2.068134100458006441e-01 2.079571926272647253e-01 2.062134096771558733e-01 2.062180699965294461e-01 2.079529125669787315e-01
2.252158267138868464e-01 2.244467435619712792e-01 2.244707024344010093e-01 2.244712053600669555e-01 2.244462651627273098e-01
1.861035384163224893e-01 1.842151016203546487e-01 1.852600084785117340e-01 1.852543389726622747e-01 1.842162108724485214e-01
