1.744445837065535521e-01 1.744445837053084924e-01 1.744445837024775903e-01 1.744445836939114980e-01 1.744445836789174364e-01
2.213497865559625466e-01 2.213497865369925821e-01 2.213497865319587754e-01 2.213497865189665570e-01 2.213497864722511477e-01
2.037680874674673293e-01 2.037680874229335637e-01 2.037680874190881675e-01 2.037680874022703148e-01 2.037680873469145393e-01
2.004065845289674519e-01 2.004065844664350560e-01 2.004065844507912642e-01 2.004065844324631751e-01 2.004065844014389919e-01
1.999999998568096071e-01 1.999999999409916851e-01 1.999999999311338761e-01 1.999999999224293945e-01 1.999999999029977438e-01
2.000120585537255025e-01 2.000120595344015428e-01 2.000120598175516018e-01 2.000120598127822780e-01 2.000120595124829370e-01
2.000161570121589405e-01 2.000161609046558209e-01 2.000161646096255963e-01 2.000161646057895259e-01 2.000161608748191044e-01
2.000024235186329269e-01 2.000024246292952945e-01 2.000024408351130933e-01 2.000024408336826265e-01 2.000024246185092003e-01
2.000002693350758920e-01 2.000002362989448113e-01 2.000002442874279918e-01 2.000002442846415540e-01 2.000002362999414307e-01
1.999998753344959246e-01 1.999999815635256362e-01 1.999999977740777313e-01 1.999999977755897440e-01 1.999999815780771906e-01
1.999984469592199221e-01 1.999996771710707000e-01 2.000000136618072799e-01 2.000000136649587312e-01 1.999996771832678044e-01
1.999898678950422226e-01 1.999952295113722744e-01 1.999997460923632620e-01 1.999997460917233572e-01 1.999952295108325673e-01
1.999729210549792691e-01 1.999761052381225090e-01 1.999972714635778193e-01 1.999972714636854554e-01 1.999761052433198238e-01
2.000201564932764797e-01 1.999665699219017323e-01 1.999791031479545289e-01 1.999791031474836278e-01 1.999665699343100567e-01
1.999076186946112110e-01 1.999761033040681757e-01 1.999972695481952722e-01 1.999972695509477094e-01 1.999761033201152005e-01
1.978215504631049282e-01 1.996235709078559017e-01 1.999997326549070031e-01 1.999997326569049605e-01 1.996235709154575155e-01
1.819244212035923403e-01 1.933938923398642595e-01 1.997068797546120433e-01 1.997068797595689948e-01 1.933938923412615030e-01
1.418024129119879739e-01 1.564815380719601634e-01 1.959544064883387837e-01 1.959544064936891705e-01 1.564815380863774918e-01
7.840692232466647260e-01 1.310188600236641410e-01 1.654153801913470501e-01 1.654153801925088985e-01 1.310188600340327358e-01
1.418024129251030108e-01 1.564815380840535730e-01 1.959544064877679626e-01 1.959544064871339419e-01 1.564815381054128207e-01
1.819244211718258897e-01 1.933938923278705757e-01 1.997068797432606513e-01 1.997068797394732087e-01 1.933938923509506691e-01
1.978215504006968495e-01 1.996235708744620585e-01 1.999997326207874626e-01 1.999997326166440548e-01 1.996235708894913974e-01
1.999076188758759365e-01 1.999761035025219291e-01 1.999972697474093342e-01 1.999972697418588297e-01 1.999761035141899290e-01
2.000201582285821844e-01 1.999665716631749413e-01 1.999791048874259569e-01 1.999791048833160501e-01 1.999665716726765075e-01
1.999729325796052726e-01 1.999761167836588138e-01 1.999972830067411333e-01 1.999972830067607843e-01 1.999761168012103851e-01
1.999898682816560191e-01 1.999952299265524980e-01 1.999997465119962292e-01 1.999997465100565586e-01 1.999952299397981803e-01
1.999984330369303231e-01 1.999996632610337444e-01 1.999999997540707619e-01 1.999999997526973605e-01 1.999996632749267977e-01
2.000001361735867789e-01 2.000002424044007021e-01 2.000002586151979622e-01 2.000002586155155693e-01 2.000002424142678092e-01
2.000024516108905026e-01 2.000024185880167338e-01 2.000024265759518804e-01 2.000024265765588949e-01 2.000024185934898557e-01
2.000161453496210606e-01 2.000161464958272461e-01 2.000161627021866950e-01 2.000161627048406277e-01 2.000161465060542598e-01
2.000120519979435019e-01 2.000120559239553231e-01 2.000120596349336255e-01 2.000120596338403056e-01 2.000120559275128940e-01
1.999999986944408226e-01 1.999999996910941380e-01 1.999999999878348811e-01 1.999999999878609991e-01 1.999999997003570340e-01
2.004065843401899027e-01 2.004065844463638890e-01 2.004065844649919326e-01 2.004065844675044505e-01 2.004065844629372428e-01
2.037680873683910265e-01 2.037680873529668091e-01 2.037680873638146317e-01 2.037680873654737768e-01 2.037680873686973648e-01
2.213497863754998463e-01 2.213497863885105499e-01 2.213497864087065614e-01 2.213497864136483306e-01 2.213497864024899509e-01
1.744445835343607643e-01 1.744445835410133316e-01 1.744445835501606257e-01 1.744445835535757827e-01 1.744445835479500051e-01
