1.744445836954733042e-01 1.744445837036986413e-01 1.744445837029051094e-01 1.744445836909371828e-01 1.744445836791762572e-01
2.213497865192499969e-01 2.213497865336662151e-01 2.213497865388339980e-01 2.213497865195016012e-01 2.213497864694911887e-01
2.037680873488534605e-01 2.037680873481927391e-01 2.037680874219781613e-01 2.037680874066313819e-01 2.037680872827501433e-01
2.004065844852283840e-01 2.004065843262601565e-01 2.004065843862195828e-01 2.004065843679702086e-01 2.004065842627377747e-01
1.999999997169078503e-01 1.999999998521216349e-01 1.999999999295335729e-01 1.999999999191792721e-01 1.999999998124509515e-01
2.000120546216953565e-01 2.000120586430743364e-01 2.000120598242518533e-01 2.000120598129620786e-01 2.000120586097236253e-01
2.000161261735615426e-01 2.000161479880063764e-01 2.000161639570167404e-01 2.000161639438857997e-01 2.000161479327383363e-01
2.000023089334060922e-01 2.000023502364851324e-01 2.000024332542616190e-01 2.000024332521440629e-01 2.000023502124831098e-01
2.000001976725867547e-01 2.000001025586916892e-01 2.000001826745018974e-01 2.000001826721956033e-01 2.000001025546809530e-01
1.999998679086956166e-01 1.999999071190792788e-01 1.999999901828186100e-01 1.999999901839503436e-01 1.999999071311024945e-01
1.999963200499525195e-01 1.999991813926503548e-01 2.000000129868579613e-01 2.000000129860056153e-01 1.999991813973767407e-01
1.999710931809591252e-01 1.999879684015196391e-01 1.999994039956450032e-01 1.999994039872410312e-01 1.999879683847379519e-01
1.998931104848349072e-01 1.999303770503456090e-01 1.999929343113897307e-01 1.999929343103198920e-01 1.999303770409336101e-01
1.999430829158038714e-01 1.998752831362067828e-01 1.999424429319440477e-01 1.999424429312581519e-01 1.998752831500799076e-01
2.000363348209230618e-01 1.999303750539765390e-01 1.999929324073256576e-01 1.999929324078255910e-01 1.999303750749332753e-01
1.979912912767061439e-01 1.995582809456419027e-01 1.999993905881194967e-01 1.999993905893573676e-01 1.995582809364908339e-01
1.800330882475435212e-01 1.931011622479086864e-01 1.997031891165474971e-01 1.997031891193803699e-01 1.931011621984023985e-01
9.706582908231715934e-02 1.509815290061908843e-01 1.957720710954219123e-01 1.957720711022072624e-01 1.509815289669133864e-01
3.704636119493725843e-05 8.525166485873371391e-02 1.622680367640200461e-01 1.622680367558082815e-01 8.525166485880938949e-02
9.706582897485037387e-02 1.509815288394208699e-01 1.957720709631756428e-01 1.957720709465065601e-01 1.509815289003041405e-01
1.800330879499693892e-01 1.931011619270678326e-01 1.997031888081691464e-01 1.997031888036484015e-01 1.931011619986016670e-01
1.979912912286746207e-01 1.995582808814668208e-01 1.999993905478514855e-01 1.999993905400608840e-01 1.995582809056954399e-01
2.000363347750331033e-01 1.999303749515833895e-01 1.999929323238626711e-01 1.999929323194593045e-01 1.999303749634426253e-01
1.999430798248656438e-01 1.998752800184056544e-01 1.999424398792974678e-01 1.999424398793823165e-01 1.998752800411068009e-01
1.998930466995482713e-01 1.999303132529628435e-01 1.999928705557736941e-01 1.999928705527815598e-01 1.999303132781233838e-01
1.999708726205091935e-01 1.999877478819076793e-01 1.999991834521294143e-01 1.999991834434047822e-01 1.999877478985629398e-01
1.999963061225680516e-01 1.999991674938909891e-01 1.999999990895744706e-01 1.999999990854556819e-01 1.999991675077880116e-01
1.999999077922311186e-01 1.999999469685619924e-01 2.000000300477069448e-01 2.000000300491799610e-01 1.999999469841795274e-01
1.999984786727456443e-01 1.999983835321035019e-01 1.999984637142418753e-01 1.999984637189067271e-01 1.999983835433909451e-01
1.999547387651071928e-01 1.999547800242063855e-01 1.999548630905724211e-01 1.999548630856813614e-01 1.999547800200784098e-01
1.998320977939400112e-01 1.998321195843384135e-01 1.998321355431348922e-01 1.998321355365978991e-01 1.998321195832324648e-01
1.999999947675764889e-01 1.999999988033250020e-01 1.999999999985553334e-01 2.000000000025611846e-01 1.999999988213267965e-01
2.002266607569712087e-01 2.002266609006684572e-01 2.002266610147070691e-01 2.002266610213827847e-01 2.002266609196426128e-01
2.005916807169773330e-01 2.005916805535778724e-01 2.005916806909315009e-01 2.005916806979794742e-01 2.005916805678353565e-01
1.714457217969055369e-01 1.714457217215601681e-01 1.714457218321131793e-01 1.714457218308975683e-01 1.714457217162179692e-01
2.795061740739284914e-02 2.795061735917444418e-02 2.795061734759077612e-02 2.795061734363392045e-02 2.795061735058421495e-02
