2.148913570451916888e-01 2.019447718768720701e-01 1.992887382472821600e-01 2.019447718194626040e-01
2.400261959474893347e-01 2.387806925541110514e-01 2.392795230677711993e-01 2.387806923582947438e-01
2.225520195103664889e-01 2.233607395033504750e-01 2.238182151594242109e-01 2.233607397616079182e-01
2.154093548035276862e-01 2.153815913278070426e-01 2.154713317004378903e-01 2.153815910783432319e-01
2.201835076567886240e-01 2.199462571860475446e-01 2.198703985893420698e-01 2.199462569862663253e-01
2.186689391057911602e-01 2.185563658960727740e-01 2.184222746025641648e-01 2.185563657505765756e-01
2.255897521772879111e-01 2.255771051958289364e-01 2.254038867464691065e-01 2.255771050156204494e-01
2.296233207053244019e-01 2.297931098645911718e-01 2.298706891136842734e-01 2.297931104972129046e-01
2.311004094720275626e-01 2.310625855983127752e-01 2.310758010409895702e-01 2.310625849199686166e-01
2.244430683057871689e-01 2.243649475617575939e-01 2.243231114909385870e-01 2.243649473784970205e-01
2.175865525873193485e-01 2.175639048986719171e-01 2.175380972158113269e-01 2.175639048291274635e-01
2.197575965315852198e-01 2.197586245911679059e-01 2.197510862945748766e-01 2.197586246211195860e-01
2.195969642968146895e-01 2.195956032197075858e-01 2.195921032794965755e-01 2.195956032225440113e-01
2.190841649039527994e-01 2.190816418595153137e-01 2.190809232996160927e-01 2.190816416632421215e-01
2.202016620978982098e-01 2.202051653546567844e-01 2.202089258846594566e-01 2.202051651674767352e-01
2.179404717571662153e-01 2.179492416033774749e-01 2.179582808088493806e-01 2.179492415844680731e-01
2.245787307989186576e-01 2.245886481838831328e-01 2.246022907647929057e-01 2.245886483319067817e-01
2.298765800669851089e-01 2.298583595111454159e-01 2.298426651239673102e-01 2.298583585964520115e-01
2.298679467328032522e-01 2.298693950225517146e-01 2.298694527641817198e-01 2.298693957531195708e-01
2.245711683366032607e-01 2.245809072971565734e-01 2.245895361205587082e-01 2.245809071772436050e-01
2.179343764768253700e-01 2.179397046465810783e-01 2.179451615796960950e-01 2.179397047208861959e-01
2.201801765203220962e-01 2.201829210734042863e-01 2.201863043102638418e-01 2.201829213763610293e-01
2.190638166917956431e-01 2.190604819195423048e-01 2.190574531755939136e-01 2.190604804647059700e-01
2.195527914432684746e-01 2.195531846504197582e-01 2.195533730170739217e-01 2.195531860787676703e-01
2.197510384921133320e-01 2.197525316091716030e-01 2.197539082042416214e-01 2.197525316773525916e-01
2.175739802508655507e-01 2.175736590953979421e-01 2.175733405141895005e-01 2.175736592688325977e-01
2.244182476156651174e-01 2.244169554797446064e-01 2.244155677006468841e-01 2.244169557246964430e-01
2.311435162731126092e-01 2.311458814689243135e-01 2.311481674850988655e-01 2.311458812973644084e-01
2.298615837950888641e-01 2.298613886726226796e-01 2.298612307735924398e-01 2.298613890024567286e-01
2.255633650369360810e-01 2.255621091400533129e-01 2.255608882699475237e-01 2.255621092807300887e-01
2.185376313257772762e-01 2.185366612738665060e-01 2.185356858761797749e-01 2.185366613372483890e-01
2.198810070564431174e-01 2.198802536293304466e-01 2.198794618415954583e-01 2.198802535599785057e-01
2.151992846896646217e-01 2.152004989715225469e-01 2.152016932568580621e-01 2.152005001407728546e-01
2.233555525881603110e-01 2.233551993057503460e-01 2.233548542935854808e-01 2.233551985089617387e-01
2.402083284985757072e-01 2.402079129602856800e-01 2.402075002149620664e-01 2.402079130334361379e-01
2.030090003145764710e-01 2.030089039308125287e-01 2.030088063976844548e-01 2.030089039460524214e-01
