1.614287149850870962e-02 1.896550573421131383e-02 2.040329775470932708e-02 1.896550553411173110e-02
1.628383799542978683e-01 1.664426350489903728e-01 1.688391769103437523e-01 1.664426322921127022e-01
1.843532426230035659e-01 1.851661896146007402e-01 1.855348100697375158e-01 1.851661834364688730e-01
1.850134781345916246e-01 1.850926396060165735e-01 1.851094287977592401e-01 1.850926378515789228e-01
2.042742780238437639e-01 2.042630213151099550e-01 2.042638584258689161e-01 2.042630211546549446e-01
2.118726856682742188e-01 2.118650215694947159e-01 2.118669944314791609e-01 2.118650215009063031e-01
2.032414983763096983e-01 2.032789159454063410e-01 2.033231873416839752e-01 2.032789145913680429e-01
1.745391908517870128e-01 1.746255543706516644e-01 1.747163964939889291e-01 1.746255512091898776e-01
1.748070816187450860e-01 1.748302346250797945e-01 1.748536014457929277e-01 1.748302337055337441e-01
2.034658716140245183e-01 2.034675148849562631e-01 2.034682292810491289e-01 2.034675147949794871e-01
2.120641308934911873e-01 2.120642504780963222e-01 2.120645406442767389e-01 2.120642504730156086e-01
2.025494106493651858e-01 2.025620865066601883e-01 2.025762254718815325e-01 2.025620861479749957e-01
1.648791160449430138e-01 1.649102457812653133e-01 1.649425133966196388e-01 1.649102448845801150e-01
1.650424013682997293e-01 1.650507672387292180e-01 1.650592138374742390e-01 1.650507669086412887e-01
2.026535189574181495e-01 2.026540619696405310e-01 2.026543880899321914e-01 2.026540619125432319e-01
2.120693382788028103e-01 2.120693540423305989e-01 2.120693795543409088e-01 2.120693540438978453e-01
2.022802859856729640e-01 2.022841481604638614e-01 2.022882849622962831e-01 2.022841481887215354e-01
1.609868618310054678e-01 1.609963068985219847e-01 1.610059682231509970e-01 1.609963069457966411e-01
1.609933524575802577e-01 1.609958855298161962e-01 1.609984341749631787e-01 1.609958855721281001e-01
2.022837673885558851e-01 2.022839209534997296e-01 2.022840328888051986e-01 2.022839209592230403e-01
2.120693457449079888e-01 2.120693407541943964e-01 2.120693340503274904e-01 2.120693407593677304e-01
2.026569785340384955e-01 2.026579804932218398e-01 2.026590269274549938e-01 2.026579807370730568e-01
1.650949119701230206e-01 1.650973656345391671e-01 1.650998550649176999e-01 1.650973662050822799e-01
1.649557898663987499e-01 1.649564481247550729e-01 1.649571091639245313e-01 1.649564483413857030e-01
2.025659727546063604e-01 2.025660112056465179e-01 2.025660428507627397e-01 2.025660112327926365e-01
2.120642351397667713e-01 2.120642309574022610e-01 2.120642259074190794e-01 2.120642309567013217e-01
2.034724740033389545e-01 2.034726878448405440e-01 2.034729077902834027e-01 2.034726880717268038e-01
1.748961232013746536e-01 1.748966519414496545e-01 1.748971860463951478e-01 1.748966525616680034e-01
1.746927452415596438e-01 1.746928883662609844e-01 1.746930324022181735e-01 1.746928889204461544e-01
2.032832408281791958e-01 2.032832496269074973e-01 2.032832576980390382e-01 2.032832498173811620e-01
2.118553807355939289e-01 2.118553790967306061e-01 2.118553772330271368e-01 2.118553791068938374e-01
2.042660390088331390e-01 2.042660690473051543e-01 2.042660997210941631e-01 2.042660691564077424e-01
1.851022001164449871e-01 1.851022775227900707e-01 1.851023558273570679e-01 1.851022779599394430e-01
1.849319258279923939e-01 1.849319489786427351e-01 1.849319731548249857e-01 1.849319498818143837e-01
1.661394303661034022e-01 1.661394330539121000e-01 1.661394361477445403e-01 1.661394334310151155e-01
1.884570732325097434e-02 1.884570750965217437e-02 1.884570772555838741e-02 1.884570753249303204e-02
