2.316775490900948864e-01 2.314723768712330376e-01 2.315261170312170602e-01 2.313951618753701811e-01 2.314134372167264420e-01
3.224330916429131721e-01 3.223619162937423899e-01 3.219734384859610499e-01 3.209273873907276808e-01 3.208407724734826938e-01
2.889417037409037214e-01 2.886274926182177958e-01 2.881703578357835971e-01 2.871045092200175120e-01 2.866586992376601306e-01
3.192663790723195838e-01 3.189757380130760489e-01 3.186679338318925692e-01 3.184859157462686108e-01 3.180350484139509160e-01
2.832591338917831436e-01 2.835518614716164287e-01 2.831287597021488467e-01 2.822736733397618880e-01 2.819703369047747432e-01
3.014483214756342178e-01 3.016142287527024957e-01 3.009939014847817229e-01 3.005610039263231226e-01 3.006402577380651309e-01
2.560666686685569848e-01 2.561775145960408229e-01 2.556287015749412195e-01 2.553829439130603784e-01 2.554623229061538936e-01
2.529542709094295683e-01 2.530629418036748346e-01 2.528271902438103957e-01 2.527641614476654475e-01 2.527667973985678329e-01
2.902922781046740064e-01 2.904747413565713643e-01 2.900502411130575497e-01 2.897611734323853327e-01 2.898519684797216112e-01
2.422057445646220719e-01 2.423631247899983021e-01 2.419286966639329906e-01 2.415831885693121572e-01 2.417037061357022731e-01
2.120608613983832325e-01 2.121027967539964865e-01 2.119771394212931481e-01 2.118780578688062299e-01 2.119120725514926085e-01
2.030259560002326547e-01 2.030370743047812676e-01 2.030028564365062294e-01 2.029708518458763489e-01 2.029815235327177003e-01
2.011863691508407881e-01 2.011923797550660975e-01 2.011852384228579871e-01 2.011754749018267452e-01 2.011717631511400206e-01
2.031915632823956819e-01 2.031996351941204593e-01 2.032056446257308469e-01 2.031983264960229574e-01 2.031820830751094042e-01
2.123113953209593840e-01 2.123289174160223614e-01 2.123470791305148986e-01 2.123343108214929831e-01 2.123003515016504417e-01
2.413484145807722747e-01 2.413976992241732566e-01 2.414135300370143788e-01 2.413894444010239171e-01 2.413555728838045200e-01
2.849404091730707300e-01 2.849774676554730490e-01 2.847974923039586770e-01 2.846973419479381651e-01 2.848117610383296139e-01
2.416749584628482272e-01 2.404338081381944825e-01 2.409767731693230886e-01 2.408661531555699176e-01 2.402430072395241312e-01
2.236363733775630636e-01 2.117986082437274820e-01 2.111958749907769939e-01 2.111626893312396613e-01 2.117364979313007822e-01
2.028250172712833532e-01 2.018740490636030671e-01 2.027957006435592568e-01 2.027842188328497497e-01 2.018558163802526007e-01
2.001249825183975817e-01 2.003534193443884670e-01 2.005776963924725820e-01 2.005748512107838333e-01 2.003485613497895945e-01
2.001234584343309086e-01 2.001874131996546624e-01 2.001981104624262209e-01 2.001956839081363015e-01 2.001729060949205274e-01
2.001029978242662710e-01 2.001026683154835117e-01 2.000958719565594512e-01 2.000928785409519517e-01 2.000824255300520382e-01
2.000954963449672330e-01 2.000849849692784010e-01 2.000845912385365022e-01 2.000783505821674968e-01 2.000729618298036638e-01
2.001631697787424335e-01 2.001540790698012606e-01 2.001527137242291310e-01 2.001241741467315316e-01 2.001301232692133392e-01
2.002419469570420885e-01 2.002838291687480676e-01 2.002570608630902527e-01 2.001078460356372490e-01 2.001187756327879874e-01
2.000787013773496215e-01 2.001682758302069653e-01 2.001379927133827841e-01 2.001879346567864426e-01 2.002048500105810258e-01
2.001001614259432237e-01 2.000711288945795086e-01 2.001482256283175776e-01 2.004174026736611491e-01 2.004234281837973530e-01
1.993886540918111960e-01 1.994110599959446339e-01 1.994175737773944135e-01 1.994223247878217087e-01 1.994203476252167373e-01
1.988883044204063366e-01 1.988970571182932245e-01 1.988913788967418828e-01 1.988772810738514418e-01 1.988788498388572301e-01
1.994467917947511937e-01 1.994482663734603034e-01 1.994491271291777001e-01 1.994473251244968659e-01 1.994473380339379931e-01
2.002024198399724730e-01 2.002029252374047941e-01 2.002048527649586684e-01 2.002055222874156437e-01 2.002054377982095124e-01
2.005809696128502129e-01 2.005810612303580986e-01 2.005820881594701510e-01 2.005827036808929542e-01 2.005827777989247496e-01
2.008754846252575610e-01 2.008755252245438550e-01 2.008758796506604494e-01 2.008760304338734759e-01 2.008760716641222188e-01
1.716550882517233756e-01 1.716551185511462629e-01 1.716551424795492997e-01 1.716551056227788863e-01 1.716551640036138027e-01
2.802149939837876233e-02 2.802150441465222838e-02 2.802151088267318055e-02 2.802150613722696748e-02 2.802151678163627285e-02
