1.744448396876710217e-01 1.744448393477608661e-01 1.744448420149430357e-01 1.744448460185056005e-01 1.744448463541526106e-01
2.213542707762094497e-01 2.213542710420840498e-01 2.213542794260150715e-01 2.213542858598556151e-01 2.213542853806662047e-01
2.037731522784732296e-01 2.037731705311194852e-01 2.037731782144776294e-01 2.037731648665934148e-01 2.037731645853932960e-01
2.004105158519554064e-01 2.004105538295755107e-01 2.004105500930537798e-01 2.004104739386653178e-01 2.004104953896137520e-01
2.000030816766653341e-01 2.000031522378334647e-01 2.000031832414289334e-01 2.000031282316771519e-01 2.000031956730652094e-01
2.000145645068729661e-01 2.000146340459893202e-01 2.000148945508673781e-01 2.000149086457845282e-01 2.000149531491308974e-01
2.000173771512111509e-01 2.000177347075312029e-01 2.000175252893874323e-01 2.000169468492393465e-01 2.000172567094050669e-01
2.000005480803680180e-01 2.000007413723886018e-01 2.000010384918232131e-01 2.000004120839506683e-01 2.000023151635883789e-01
1.999973821151211084e-01 1.999984576961961746e-01 1.999986414036249438e-01 1.999971260887154489e-01 1.999974059830429696e-01
1.999969771844122557e-01 1.999964162274966151e-01 1.999953038154089202e-01 1.999957747238003958e-01 1.999981186118222065e-01
1.999922529949490491e-01 1.999956587663199448e-01 1.999955990538686557e-01 1.999954091328236538e-01 1.999955454415360545e-01
1.999395898613765543e-01 1.999722762569433598e-01 1.999909898825961152e-01 1.999906378105953120e-01 1.999721110242352606e-01
1.997329608106125642e-01 1.998392256298854031e-01 1.999678685380097964e-01 1.999675578601916304e-01 1.998394875172836982e-01
1.996989275653713869e-01 1.996824346158538876e-01 1.998317216357809456e-01 1.998313005289459043e-01 1.996808318502093504e-01
2.001292407640844762e-01 1.998514797239404339e-01 1.999003302182188191e-01 1.999012470288210608e-01 1.998489844725630238e-01
1.988042806052621736e-01 1.995907959168251034e-01 1.997442438488599703e-01 1.997457854087052176e-01 1.995899416815137828e-01
1.832803035058245544e-01 1.937905245330460435e-01 1.987454415010207476e-01 1.987545518073201012e-01 1.937884940602068728e-01
1.036611282646873328e-01 1.528429780594570131e-01 1.931499666044760033e-01 1.931525833635110712e-01 1.528273987983286286e-01
3.385500367571825896e-03 8.420854062079408120e-02 1.546193550826285845e-01 1.546011944489803225e-01 8.419243135457195326e-02
1.038310817939186587e-01 1.529017425389300744e-01 1.931910962460457182e-01 1.931672498543129946e-01 1.529416591011587556e-01
1.833315021092189190e-01 1.938430588677856892e-01 1.987753525560276568e-01 1.987886610433153289e-01 1.938707158365259586e-01
1.987812411726153916e-01 1.996048122584950513e-01 1.997612188197395722e-01 1.997491576837611693e-01 1.996248463776086057e-01
2.000997810928866472e-01 1.998155534755717833e-01 1.998779986507403517e-01 1.998897947834993583e-01 1.998501690325551194e-01
1.997254712632708651e-01 1.996613036636224192e-01 1.998476589819315197e-01 1.998707485051299249e-01 1.997077646900182191e-01
1.997442833321192990e-01 1.998611293867260108e-01 1.999912991648573335e-01 1.999878217258737045e-01 1.998560079466674411e-01
1.999460935290490182e-01 1.999795089571622109e-01 1.999995802747562279e-01 1.999984200290673420e-01 1.999790388622528226e-01
1.999960846364456091e-01 1.999997388564914713e-01 2.000003177473283766e-01 2.000006203783299408e-01 1.999995211945941320e-01
2.000016043974565394e-01 2.000011507248637688e-01 2.000008857101291115e-01 2.000008039455656028e-01 2.000001728669358048e-01
1.999987360551920279e-01 1.999986827908845077e-01 1.999989071789253781e-01 1.999985827681512174e-01 1.999981109511006772e-01
1.999549338666974097e-01 1.999552836424955959e-01 1.999555375294704285e-01 1.999554379891963496e-01 1.999551622285779262e-01
1.998333959740742072e-01 1.998335081425235971e-01 1.998336648799789173e-01 1.998337221469759784e-01 1.998338046943398949e-01
2.000019655833580601e-01 2.000020398510939379e-01 2.000020401055612740e-01 2.000020075596141977e-01 2.000019567839438073e-01
2.002289737569714900e-01 2.002289856463338735e-01 2.002289673215632837e-01 2.002289582548570646e-01 2.002289350057315509e-01
2.005940743556613726e-01 2.005940572396558153e-01 2.005940568036101712e-01 2.005940522763464406e-01 2.005940460518291779e-01
1.714480909381863039e-01 1.714480800666287330e-01 1.714480713525390054e-01 1.714480639145541663e-01 1.714480669653313805e-01
2.795140303362993878e-02 2.795139934534273535e-02 2.795139484758027079e-02 2.795139249186793379e-02 2.795139553302180765e-02
