1.616148422549987251e-02 1.898398500729063174e-02 2.041322933712109988e-02 1.898399891202473891e-02
1.632988408246800471e-01 1.668381229790627807e-01 1.691500079111972477e-01 1.668382601873618643e-01
1.887893619363956998e-01 1.894392405883320585e-01 1.896304074046732957e-01 1.894395542993425885e-01
1.892054820293696815e-01 1.892405422857848241e-01 1.892123087401866022e-01 1.892406628047378914e-01
2.045826277589445907e-01 2.045679369465435993e-01 2.045677417801917697e-01 2.045678186337290538e-01
2.118585937647834150e-01 2.118505696119480641e-01 2.118511001156548890e-01 2.118506211332623901e-01
2.038492883501591135e-01 2.038557368732799024e-01 2.038654005372822209e-01 2.038574368576140938e-01
1.824207039700184441e-01 1.824303161636422477e-01 1.824436727147964177e-01 1.824335700345588451e-01
1.826566638388287533e-01 1.826596783919642586e-01 1.826610388856867162e-01 1.826582845008229983e-01
2.039591845194229924e-01 2.039596760093358441e-01 2.039581601967129232e-01 2.039571920851795395e-01
2.112923997167834300e-01 2.112915689247346629e-01 2.112930022730473423e-01 2.112910291608420532e-01
1.926226612944393068e-01 1.926227923425646582e-01 1.926428402285373653e-01 1.926380068187972527e-01
8.602190470022907931e-02 8.602400233415860575e-02 8.606685787426347767e-02 8.606079954773293572e-02
8.585267401969530476e-02 8.584682778535372705e-02 8.585352821254657596e-02 8.585411234860548801e-02
1.925275760434330685e-01 1.925213622763725929e-01 1.925193210904947716e-01 1.925190053277660296e-01
2.110340712127441176e-01 2.110289627817975300e-01 2.110256016266257584e-01 2.110227084005843745e-01
1.996509579868951945e-01 1.996400412679855130e-01 1.995759735230641929e-01 1.995738324713260403e-01
1.360082678756715791e-01 1.359937269349431321e-01 1.358353718795962950e-01 1.358407316598207737e-01
1.368505028033603632e-01 1.368642781466134772e-01 1.367752583754849594e-01 1.367713251945950614e-01
2.003142333708977652e-01 2.003258959075283063e-01 2.002913562001035208e-01 2.002875024202181720e-01
2.120280703754053309e-01 2.120223771663836687e-01 2.120206123220139405e-01 2.120157827076359358e-01
1.995260218356559589e-01 1.995147371592087826e-01 1.995226265297096735e-01 1.995024635944866176e-01
1.278534832987571201e-01 1.278452841316317368e-01 1.278793843465095836e-01 1.278541306875779215e-01
1.267861884197444555e-01 1.267901716566647019e-01 1.269743245950838983e-01 1.269892985693149567e-01
1.987414566309840536e-01 1.987610456962333461e-01 1.988364863266682547e-01 1.988670536651845344e-01
2.110073709054869073e-01 2.110163239184110751e-01 2.110251623488542116e-01 2.110352769251663263e-01
1.924977172808729486e-01 1.924996112747434374e-01 1.925047830829661188e-01 1.925073291992422941e-01
8.319148055741845682e-02 8.319639939256781580e-02 8.318233588785417520e-02 8.317728124361258024e-02
8.347584599895396806e-02 8.349612586739819931e-02 8.343717986182516699e-02 8.341638215857252736e-02
1.926106150270881223e-01 1.926200394005732619e-01 1.925928593441620096e-01 1.925835900840527359e-01
2.111454556700718688e-01 2.111456802614839479e-01 2.111450942014281573e-01 2.111445160459671788e-01
2.040885571252978870e-01 2.040878795391577738e-01 2.040900289907920939e-01 2.040896108376889506e-01
1.836936013808707913e-01 1.836946952965469448e-01 1.836990729468557515e-01 1.836969084796877538e-01
1.833627269133194793e-01 1.833713332139478291e-01 1.833778446174308963e-01 1.833689715821596455e-01
1.659456949239277446e-01 1.659496775170488936e-01 1.659522233474960140e-01 1.659481749788233040e-01
1.883381731441987131e-02 1.883409647262709180e-02 1.883427356825995505e-02 1.883397979242708992e-02
