1.884225530087893785e-01 1.884277541043364590e-01 1.884159791227082992e-01 1.884033730167717913e-01 1.884068895969033264e-01
2.622484815222423937e-01 2.622700017694207797e-01 2.622207302109523241e-01 2.621704401251920835e-01 2.621828903352199647e-01
2.963268999497387091e-01 2.963931497440301377e-01 2.962327139777821694e-01 2.960826678362004083e-01 2.961105306042997598e-01
2.534285980748157141e-01 2.534839372152866699e-01 2.533155447017902961e-01 2.531880426943043938e-01 2.531908207520817689e-01
2.523387439274547561e-01 2.523432906363530792e-01 2.522853442320657780e-01 2.522801031792866189e-01 2.522547359265779332e-01
2.896146950781830487e-01 2.896250148964059634e-01 2.895219557037454483e-01 2.894631231995808962e-01 2.894656044299123709e-01
2.419482572737586823e-01 2.419466274981764420e-01 2.418520970008264104e-01 2.417762328397382587e-01 2.417919114582552098e-01
2.119798509399415110e-01 2.119760049642103461e-01 2.119684452735134672e-01 2.119598323953013896e-01 2.119626510221752080e-01
2.028902942421851596e-01 2.028914068109407276e-01 2.028910358083027832e-01 2.028939826315843409e-01 2.028974437486787408e-01
2.006838921356186578e-01 2.006880205970318631e-01 2.006863700388795135e-01 2.006902372142763402e-01 2.006902634975533395e-01
2.004097099177548080e-01 2.004128663044766057e-01 2.004131917956313846e-01 2.004131569023962223e-01 2.004135455607851113e-01
2.001386539122933239e-01 2.001400441706339683e-01 2.001376398936390300e-01 2.001369770981727692e-01 2.001404658895294397e-01
2.000284458533060916e-01 2.000276445116861423e-01 2.000337847865878982e-01 2.000325213222770848e-01 2.000350717094410979e-01
2.000015430120682669e-01 1.999991832390541624e-01 2.000023797473947096e-01 2.000055418995699830e-01 2.000056260552505738e-01
1.999991925214855693e-01 2.000088879886142701e-01 2.000040853204380353e-01 1.999938852046285742e-01 2.000131929637441186e-01
1.999154693371977820e-01 1.999870910254788470e-01 1.999948770260595587e-01 2.000004370345090376e-01 1.999966017312161393e-01
1.995131896510982106e-01 1.997227155882606298e-01 1.999461629365686388e-01 1.999342807858056348e-01 1.997351122829102432e-01
1.999293812855878760e-01 1.988861118872639611e-01 1.998024297685015993e-01 1.998079711004530079e-01 1.989056183763975860e-01
2.107612872657158021e-01 1.995453261563571445e-01 1.988716829377904782e-01 1.988836495385659653e-01 1.995658876970834994e-01
1.999470264552717091e-01 1.989088190362245934e-01 1.998311075785844937e-01 1.998321819012527645e-01 1.989229435561091774e-01
1.996131658075526172e-01 1.997929848507753459e-01 2.000259721119812539e-01 2.000231117358685640e-01 1.997772085764404904e-01
1.999201549885715190e-01 1.999736294323593566e-01 1.999937906617578476e-01 1.999993671869718381e-01 1.999762249957018345e-01
1.999452208231641825e-01 1.999392021693904009e-01 1.999521410558313950e-01 1.999524153796078951e-01 1.999252006680659055e-01
1.996501108106262801e-01 1.996565858018774231e-01 1.996238133860269992e-01 1.996099954140047594e-01 1.996403356844581312e-01
1.985237097535978157e-01 1.985291763341780757e-01 1.985156908317538826e-01 1.985053381647160220e-01 1.985120574843302899e-01
1.996546441571462327e-01 1.996525731162302753e-01 1.996538176751390115e-01 1.996543717561480025e-01 1.996600802253598594e-01
1.999369744609700850e-01 1.999411713412459768e-01 1.999392947241328544e-01 1.999384776315840939e-01 1.999406435454909314e-01
1.996787397829956068e-01 1.996788556107288726e-01 1.996743399004502206e-01 1.996740493386931770e-01 1.996730888878824051e-01
1.953947284666301965e-01 1.954068662288934999e-01 1.953570990241479677e-01 1.953234715336623628e-01 1.953332638389052855e-01
1.808906682529017873e-01 1.808982730224550917e-01 1.808496374566982423e-01 1.808124968381976116e-01 1.808334849761118468e-01
1.956869013451192629e-01 1.956827533332795577e-01 1.956708882752478673e-01 1.956721644635620594e-01 1.956808747140721116e-01
1.998950733004008495e-01 1.998951565050242629e-01 1.998942770355269238e-01 1.998959565606365230e-01 1.998962237941409037e-01
1.989987101205678288e-01 1.989993520862400611e-01 1.989957345835443037e-01 1.989965464601821388e-01 1.989949893041046414e-01
1.733585996203707569e-01 1.733618950740510867e-01 1.733289403670806306e-01 1.732821687859644189e-01 1.732928631708634815e-01
5.297949381380182704e-02 5.298918774005862559e-02 5.295203586630654186e-02 5.290307265623123145e-02 5.291627239142800143e-02
5.499564472120575462e-03 5.502679252602881224e-03 5.497221212987967592e-03 5.488775933909391218e-03 5.489845374419387997e-03
