9.603730079026188146e-04 2.345707683966839763e-02 3.733120161092955830e-02 2.345680912092914724e-02
1.269588135289819175e-01 1.637785821327625568e-01 1.899753539067412511e-01 1.637833199815265373e-01
1.696752805752475834e-01 1.810641245617182760e-01 1.883919637120540780e-01 1.810763097586901016e-01
1.797211073423607142e-01 1.815297601785605119e-01 1.825040084094056714e-01 1.815327555300639550e-01
2.038230663538395937e-01 2.038664651713062992e-01 2.038357236854979881e-01 2.038656534400583586e-01
2.113516971948108669e-01 2.112499801305260383e-01 2.113070355396023392e-01 2.112493989000164829e-01
1.921251753048676125e-01 1.931225898383999440e-01 1.944772567455360091e-01 1.931271970994797027e-01
8.618312744107914369e-02 8.882118348126527563e-02 9.172393546141556497e-02 8.883329336184886404e-02
8.805046377671132962e-02 8.880827380908161428e-02 8.959290621869053783e-02 8.881833886621309793e-02
1.932746413206725966e-01 1.933462322532698008e-01 1.933749482985114287e-01 1.933496643723059405e-01
2.112458731570770187e-01 2.112285933304257346e-01 2.111858892508355900e-01 2.112292576575879044e-01
2.016758394664923959e-01 2.015814412120451593e-01 2.014648940029750701e-01 2.015721392481456264e-01
1.597721466163732895e-01 1.596001071970321594e-01 1.593959732714504141e-01 1.595739216140465988e-01
1.599752700946261430e-01 1.599537044805638963e-01 1.599216348490063166e-01 1.599338782581521401e-01
2.018726706114782332e-01 2.018771922017526810e-01 2.018901239296870265e-01 2.018712737437853011e-01
2.117743327474748416e-01 2.117768910430854468e-01 2.117738531923107348e-01 2.117682469096434095e-01
1.982990559592670288e-01 1.982480033614638926e-01 1.981942431935395654e-01 1.982634345507866269e-01
1.234270142427807693e-01 1.232960101993664931e-01 1.231968246194455746e-01 1.233446180904514689e-01
1.232814080864284706e-01 1.232679150877467184e-01 1.232650422568314086e-01 1.232825028371547504e-01
1.982123257961440621e-01 1.982229271600226550e-01 1.982385904991404157e-01 1.982313221076964227e-01
2.118062568348285934e-01 2.118051655701330416e-01 2.118132359832534672e-01 2.118139130382674651e-01
2.027148190891842616e-01 2.027092765033379207e-01 2.027054061978662003e-01 2.027180256322320129e-01
1.679321449150996404e-01 1.679113214239860430e-01 1.679067382471371161e-01 1.679294044830313970e-01
1.676164031996826009e-01 1.676115374598773355e-01 1.676171119014054078e-01 1.676267456014226831e-01
2.024456021851345211e-01 2.024446881154185751e-01 2.024468514784380779e-01 2.024488366396258732e-01
2.112317813385542753e-01 2.112326053338837994e-01 2.112303303726058568e-01 2.112304606117721972e-01
1.927791021591454546e-01 1.927777092479231180e-01 1.927762444709975043e-01 1.927741540463248915e-01
8.468221661892053054e-02 8.468547208999534226e-02 8.468126858060914808e-02 8.467885933958847755e-02
8.479335703810278457e-02 8.479255330419499526e-02 8.479120340363976993e-02 8.479177091802672650e-02
1.927953993994035164e-01 1.927950429089743678e-01 1.927946350103436901e-01 1.927953676898907232e-01
2.111625731644984627e-01 2.111625073378521622e-01 2.111626274804554448e-01 2.111626978621368445e-01
2.041564474900937898e-01 2.041562925324676703e-01 2.041567368208520861e-01 2.041561381932080477e-01
1.845456261513331864e-01 1.845454906375373905e-01 1.845447573919613005e-01 1.845442108273822324e-01
1.842409165432744023e-01 1.842406694372883680e-01 1.842401875414633183e-01 1.842402711964954143e-01
1.660338638077638596e-01 1.660337384337303990e-01 1.660335991588189619e-01 1.660336842480046871e-01
1.883813132310110591e-02 1.883811964178973286e-02 1.883810869016403974e-02 1.883811130994662852e-02
