2.679616420701312896e-01 1.950080125134964759e-01 1.825263232699136096e-01 1.950080316868854635e-01
2.263511737382404576e-01 2.199789475618862400e-01 2.254846563959570782e-01 2.199789836074118599e-01
1.911391147749836594e-01 1.927261607469248628e-01 1.944710329121961678e-01 1.927261518016598896e-01
1.902555658321170573e-01 1.907568089852279825e-01 1.907968657734397944e-01 1.907563846872970259e-01
2.059851243189316228e-01 2.060543411334282982e-01 2.060505275793985125e-01 2.060539712291443726e-01
2.184924978213753366e-01 2.184688080006474131e-01 2.184616850768450746e-01 2.184681188097942761e-01
2.311641305470381325e-01 2.311583170702538603e-01 2.311568544794485314e-01 2.311569872347587207e-01
2.774726027131591000e-01 2.774608261865466052e-01 2.774440221182910560e-01 2.774556313425701193e-01
2.774857110211229605e-01 2.774772707048576703e-01 2.774482182122730567e-01 2.774554008117081083e-01
2.311660454999261982e-01 2.311626746027290180e-01 2.311521781820752852e-01 2.311540884414673147e-01
2.184832498011530788e-01 2.184820709251830972e-01 2.184799405415090157e-01 2.184803869657365172e-01
2.061295715631233094e-01 2.061292563557963198e-01 2.061285683006547353e-01 2.061288368010015803e-01
1.906048949248473623e-01 1.906058120949758738e-01 1.906057803225221503e-01 1.906068381822061675e-01
1.904397270375177698e-01 1.904393986966375629e-01 1.904387346585622864e-01 1.904398266956859598e-01
2.048984188940755902e-01 2.048985840094811606e-01 2.048989499554863258e-01 2.048996249256885005e-01
2.121658071888726238e-01 2.121662324973336011e-01 2.121672753032038949e-01 2.121679452742087357e-01
2.046571426615386713e-01 2.046574806077804953e-01 2.046589933228782632e-01 2.046590000695741873e-01
1.894245218881882298e-01 1.894246948518061857e-01 1.894253460108212272e-01 1.894252436690971597e-01
1.893714393992521339e-01 1.893708970551165327e-01 1.893710888381861801e-01 1.893706678345616901e-01
2.046084329182684680e-01 2.046081315752479590e-01 2.046077804460448013e-01 2.046076595403631126e-01
2.121445329180728367e-01 2.121444335447187635e-01 2.121445381402927710e-01 2.121446995998369778e-01
2.046620924799599506e-01 2.046618776973910259e-01 2.046623233876118109e-01 2.046625146974198617e-01
1.892650255167559747e-01 1.892648102065782323e-01 1.892646289691988781e-01 1.892644708551902422e-01
1.891978105437897018e-01 1.891978110641391875e-01 1.891976320432071645e-01 1.891974546361182563e-01
2.046042798535316343e-01 2.046043011499806275e-01 2.046042512113344092e-01 2.046039702756312362e-01
2.121510983039441856e-01 2.121511855984645756e-01 2.121507065098138800e-01 2.121507865448774843e-01
2.045897587634898929e-01 2.045898207069215546e-01 2.045896102707625008e-01 2.045898776152357823e-01
1.892406573608202691e-01 1.892409106065709168e-01 1.892409203545100116e-01 1.892408536572428579e-01
1.893309461746981170e-01 1.893309614551474118e-01 1.893309817115352012e-01 1.893310180261025544e-01
2.046845769077594301e-01 2.046846224656579116e-01 2.046845555715851583e-01 2.046845514589682169e-01
2.121500742919140425e-01 2.121501164384917981e-01 2.121500949893645738e-01 2.121500667094932679e-01
2.045997520605079278e-01 2.045997896555555029e-01 2.045997752491946764e-01 2.045997645402347354e-01
1.898303037672176841e-01 1.898303030039416861e-01 1.898303054225474740e-01 1.898303114670303049e-01
1.935868587376765038e-01 1.935868582197764198e-01 1.935868592807873378e-01 1.935868595490552180e-01
2.289636806618542408e-01 2.289636807179625810e-01 2.289636809231760384e-01 2.289636810325079430e-01
2.019822955048768687e-01 2.019822955380799756e-01 2.019822956431962524e-01 2.019822956424149607e-01
