3.610298225378270609e-01 1.902428862768429652e-01 1.684063590320483139e-01 1.902428859175383513e-01
2.450810702539711061e-01 2.368134763817476007e-01 2.498057028234792476e-01 2.368134744446823703e-01
2.783106366334338055e-01 2.806072336956094149e-01 2.809676237322453196e-01 2.806072277549320759e-01
2.794022341845731616e-01 2.799084292374309779e-01 2.798125857042830789e-01 2.799083979401425504e-01
2.330217197127363582e-01 2.331566984594508063e-01 2.332609036086684406e-01 2.331566773871898701e-01
2.247045208310529119e-01 2.247793339986149108e-01 2.248325011717349498e-01 2.247793195587545756e-01
2.328606226837680593e-01 2.328796779678231343e-01 2.328963307761341694e-01 2.328796708020249018e-01
2.788803441294017693e-01 2.788695612902826748e-01 2.788605157004467316e-01 2.788695340990105520e-01
2.789015061722490696e-01 2.789001428285994844e-01 2.788989911730421767e-01 2.788998866537249488e-01
2.318520957310410968e-01 2.318523664880484669e-01 2.318525316274536174e-01 2.318524272131206321e-01
2.185306280247245048e-01 2.185304681201352683e-01 2.185303479617573541e-01 2.185303507770618159e-01
2.059559869665328058e-01 2.059560452256919971e-01 2.059557576220793496e-01 2.059556849515297716e-01
1.899634332388459856e-01 1.899636382136211388e-01 1.899632945690492014e-01 1.899629489624245215e-01
1.898245200437022884e-01 1.898244388573270824e-01 1.898239677642961643e-01 1.898246204891004540e-01
2.047318064305678476e-01 2.047318062316907938e-01 2.047323274151746364e-01 2.047322346890118605e-01
2.121256486415172005e-01 2.121256481403099303e-01 2.121253992558465029e-01 2.121254513535610342e-01
2.046884818921178573e-01 2.046881780642990645e-01 2.046875371323639281e-01 2.046878833360676608e-01
1.896714747699595749e-01 1.896711843198712055e-01 1.896714306934471905e-01 1.896716466887405639e-01
1.898145785506827055e-01 1.898146857789107245e-01 1.898145391242538615e-01 1.898146721832275896e-01
2.059091687072360233e-01 2.059094483285905108e-01 2.059091839007172742e-01 2.059094520685157692e-01
2.185144496876868236e-01 2.185141909675404615e-01 2.185136860138731096e-01 2.185137660745396782e-01
2.318386316357270993e-01 2.318380954186344267e-01 2.318362318137237033e-01 2.318365475430494149e-01
2.785241243902869535e-01 2.785220509935456557e-01 2.785179706508117414e-01 2.785196802848262654e-01
2.785167743591184242e-01 2.785156845100634215e-01 2.785271561350938230e-01 2.785270994067827743e-01
2.318341313303848295e-01 2.318338640746543389e-01 2.318388329649979651e-01 2.318390478460690407e-01
2.185127158377141998e-01 2.185127186045595082e-01 2.185140591330311244e-01 2.185141682526896278e-01
2.059076637298374868e-01 2.059076831036038557e-01 2.059080852527691574e-01 2.059080982680313310e-01
1.898096483132145074e-01 1.898096262281938895e-01 1.898097848667798515e-01 1.898097925204899061e-01
1.896688347979789413e-01 1.896688323034024792e-01 1.896690173809657542e-01 1.896690152645099936e-01
2.046991565706002547e-01 2.046991605237010181e-01 2.046992208403208835e-01 2.046992301254215441e-01
2.121138431834366789e-01 2.121138360171443971e-01 2.121138495317207717e-01 2.121138583703340297e-01
2.045966488436387343e-01 2.045966449310946955e-01 2.045966530642791270e-01 2.045966511238227759e-01
1.898412663407370304e-01 1.898412668681703219e-01 1.898412683177461702e-01 1.898412682169160481e-01
1.935648471129310377e-01 1.935648473235410949e-01 1.935648480292263551e-01 1.935648480011241679e-01
2.289434269283681933e-01 2.289434269111635389e-01 2.289434272271393400e-01 2.289434272047518037e-01
2.019808480286661712e-01 2.019808480160079356e-01 2.019808481473252815e-01 2.019808481439127057e-01
