8.793767118399484772e-01 2.003098343018998861e-01 1.751603679329953589e-01 2.003091054451822117e-01
2.995195930477904112e-01 2.675120414517757617e-01 2.703886308608705047e-01 2.675009095517447699e-01
2.273360507891688254e-01 2.248769604148372070e-01 2.274361804365960249e-01 2.248439727968103985e-01
2.055664909382113048e-01 2.061944299871053543e-01 2.065959038421814054e-01 2.061260726766201146e-01
2.099779549050820593e-01 2.105331625226834757e-01 2.108137192884677324e-01 2.104856759705456548e-01
2.193159189388792230e-01 2.195758013535582809e-01 2.197804441806373021e-01 2.195610747448501487e-01
2.302604599159182308e-01 2.304011650348339879e-01 2.307888924093112748e-01 2.306596146928039659e-01
2.729457663384976529e-01 2.733328522030456509e-01 2.747677411926920943e-01 2.743584782214427698e-01
2.735956284854311193e-01 2.736620308618351594e-01 2.736221363518564487e-01 2.735192601683487656e-01
2.296852659710576783e-01 2.297202744239237038e-01 2.296899232380273936e-01 2.297057955670284146e-01
2.181518994617866747e-01 2.181720914366554742e-01 2.181788746018042124e-01 2.181859866779075896e-01
2.059659247976240171e-01 2.059687630524260626e-01 2.059681806455332942e-01 2.059659643425584552e-01
1.901691747473169269e-01 1.901732733296995770e-01 1.901764400796864540e-01 1.901695944155492590e-01
1.899537146261580378e-01 1.899565882598047706e-01 1.899503111900016361e-01 1.899510574248542971e-01
2.047520327242907112e-01 2.047546278624111649e-01 2.047547755569086858e-01 2.047613239786468808e-01
2.121894301969374230e-01 2.121881842822470610e-01 2.121921446582654136e-01 2.121979065061113390e-01
2.046839179527687180e-01 2.046823352772802196e-01 2.046814224300295415e-01 2.046804227211059812e-01
1.892556382819918226e-01 1.892519859741421395e-01 1.892515689985568850e-01 1.892501689450255820e-01
1.891721202069265306e-01 1.891718595879127440e-01 1.891717304625844531e-01 1.891688645665025870e-01
2.045950344822062006e-01 2.045955452509025108e-01 2.045966017292082939e-01 2.045952842956640927e-01
2.121473553095502285e-01 2.121467036263645634e-01 2.121515307464562350e-01 2.121541452385693194e-01
2.046212801669876069e-01 2.046187148308670767e-01 2.046238856422567254e-01 2.046275174455647883e-01
1.894193087453529822e-01 1.894129176521737457e-01 1.894206235365097080e-01 1.894109749144132770e-01
1.896018936032924374e-01 1.896276579019187392e-01 1.895935704510352537e-01 1.894699925490347103e-01
2.048159589003847036e-01 2.049868449016442884e-01 2.047831560005419216e-01 2.043140734961821081e-01
2.125338585351778109e-01 2.124353904467694287e-01 2.124810490028046228e-01 2.123985491285948768e-01
2.041403297131842987e-01 2.041006474142710581e-01 2.041833383667818191e-01 2.042258031398185014e-01
1.893070471533718213e-01 1.893824377643378576e-01 1.894012321239534336e-01 1.893874142775487934e-01
1.890041025879355407e-01 1.890284449391906041e-01 1.890165552681851435e-01 1.890261575576523689e-01
2.043877463122080185e-01 2.043879914755915017e-01 2.043836375120756943e-01 2.043862191184019073e-01
2.118911558509674331e-01 2.118910941755209609e-01 2.118910262690508473e-01 2.118913174484634288e-01
2.044246142675356370e-01 2.044250596398282660e-01 2.044254633541300603e-01 2.044252170167202010e-01
1.894269186107906677e-01 1.894270625800042740e-01 1.894270221571054957e-01 1.894269097619908637e-01
1.898023153983416922e-01 1.898023263449363229e-01 1.898022724008450457e-01 1.898022578384119807e-01
1.667897468949468276e-01 1.667897396614064776e-01 1.667897198881311549e-01 1.667897241389841578e-01
1.891198249326078371e-02 1.891198155135969880e-02 1.891197739621573379e-02 1.891197805193233633e-02
