1.808719083282366025e-01 1.791830372436676588e-01 1.802245559182196755e-01 1.802246048919592114e-01 1.791830479996998626e-01
2.233362504258242232e-01 2.228080229662096901e-01 2.231335965161027890e-01 2.231336341154462610e-01 2.228080591835385205e-01
2.047554633035315874e-01 2.061034137936855748e-01 2.052715396774084100e-01 2.052715611003284035e-01 2.061035533752422488e-01
2.044636571057753538e-01 2.067253072834172034e-01 2.053260842740821657e-01 2.053260614278088758e-01 2.067253228939571474e-01
2.002511691388230430e-01 2.002107452883116478e-01 2.002213508998204328e-01 2.002214024824876537e-01 2.002107200413458243e-01
2.110028461572646119e-01 2.024654676032867640e-01 2.077139458606836186e-01 2.077142364933696472e-01 2.024654927554054573e-01
2.018805295856662685e-01 2.014261062930175483e-01 2.016890613884929906e-01 2.016891715234061522e-01 2.014262323145046552e-01
2.000223472518603274e-01 2.049638990227255486e-01 2.019077571556716633e-01 2.019076442118371562e-01 2.049643208601458488e-01
2.022605766841413522e-01 2.076223200106892264e-01 2.041959978542753351e-01 2.041959635565358255e-01 2.076224476913791361e-01
2.013539174890122407e-01 2.008324311261946160e-01 2.008596287671847724e-01 2.008598412050185966e-01 2.008323904039041596e-01
2.158924473311125691e-01 2.022147052908752907e-01 2.101578787794711467e-01 2.101584592781065020e-01 2.022147362654497238e-01
2.019852982100108774e-01 2.029758453796749740e-01 2.017370483679502280e-01 2.017372413754627281e-01 2.029760215966102954e-01
2.010189167495281537e-01 2.090175642158564884e-01 2.039708903996522160e-01 2.039705970379580291e-01 2.090182921889637280e-01
2.093164448313614978e-01 2.084104082042431416e-01 2.059874261022967834e-01 2.059874076301788925e-01 2.084107284197193322e-01
2.144400513492868143e-01 2.025460176183634109e-01 2.022027693360923528e-01 2.022032141787132864e-01 2.025460165463206230e-01
2.290264085128339844e-01 2.208099226108351798e-01 2.130065339224837262e-01 2.130073253905293840e-01 2.208099455746121709e-01
2.076996363022528824e-01 2.498599637690703812e-01 2.103636916895139097e-01 2.103639260288018842e-01 2.498601654835201913e-01
2.075468631023028587e-01 2.232153933669270285e-01 2.170287958977668852e-01 2.170283881708072737e-01 2.232162321502191293e-01
5.786150822795769200e-01 2.002275334003945639e-01 2.610770317803618457e-01 2.610770461444190671e-01 2.002278734638159585e-01
2.076380437093425513e-01 2.144923831850116536e-01 2.137108272272198184e-01 2.137113502524760067e-01 2.144923876400534335e-01
2.278596128837614143e-01 2.534324267383438745e-01 2.241279840928701861e-01 2.241287109070958516e-01 2.534324915387483612e-01
2.105682188809488431e-01 2.190855238198745614e-01 2.009964753780703606e-01 2.009966662605898735e-01 2.190856304280425493e-01
2.187614113331018406e-01 2.149120111523174781e-01 2.096159077287536310e-01 2.096154746129545443e-01 2.149126479460079231e-01
2.093090731638925783e-01 2.079746274782865445e-01 2.057888402469511546e-01 2.057889044677858603e-01 2.079749165133260858e-01
2.043198532598147765e-01 2.044351914381936086e-01 2.042157680229616523e-01 2.042162537995064198e-01 2.044352385830931207e-01
2.219767409118529600e-01 2.094637253824947476e-01 2.165206639865474014e-01 2.165211709328391521e-01 2.094638476756836287e-01
2.007349871164350041e-01 2.009201562399539898e-01 2.003282218499657652e-01 2.003283267384526611e-01 2.009201908019009331e-01
2.104730992169121240e-01 2.156714888077065906e-01 2.121643628417920202e-01 2.121640163717792849e-01 2.156719307080023074e-01
2.022322655175274597e-01 2.068344571159843048e-01 2.038413254191792090e-01 2.038414831307103492e-01 2.068347122748337708e-01
2.047544019276870686e-01 2.042794172987650592e-01 2.045372659138516014e-01 2.045376640727557538e-01 2.042794382202692549e-01
2.198433175826347286e-01 2.113656822319458228e-01 2.165577366500908429e-01 2.165580403667996534e-01 2.113658090929286526e-01
2.001046546126357684e-01 2.000876253831304630e-01 2.000832180372375535e-01 2.000832520601310838e-01 2.000876338416860967e-01
2.140804300429250129e-01 2.163072491951401610e-01 2.149094200054623427e-01 2.149092700492570562e-01 2.163074663510706208e-01
2.077587138495088914e-01 2.090907704827254521e-01 2.082426520672904235e-01 2.082427722449143315e-01 2.090909049444414358e-01
2.264248268440896550e-01 2.259038221246516542e-01 2.262157749661282136e-01 2.262159254038181855e-01 2.259038233404034035e-01
1.908893022874104117e-01 1.892091428195332437e-01 1.902442569138403927e-01 1.902443275441311199e-01 1.892091368360041548e-01
