2.020715191755453333e-01 2.020715191664802513e-01 2.020715191725913629e-01 2.020715191694379687e-01
2.299566472719840882e-01 2.299566472562768193e-01 2.299566472695328545e-01 2.299566472558576546e-01
1.963604464642554059e-01 1.963604464500965652e-01 1.963604464332507904e-01 1.963604463976395542e-01
1.919949032268671030e-01 1.919949032064658945e-01 1.919949031898927627e-01 1.919949031728372946e-01
2.061991541201136924e-01 2.061991541059129407e-01 2.061991541141956763e-01 2.061991541041560405e-01
2.131262035245433395e-01 2.131262035116845144e-01 2.131262035187276860e-01 2.131262035108364705e-01
2.091510434761120474e-01 2.091510434655608763e-01 2.091510434703663102e-01 2.091510434662525730e-01
1.993534891600178827e-01 1.993534891610341531e-01 1.993534891453973834e-01 1.993534891314285296e-01
1.983793989184639561e-01 1.983793989084472464e-01 1.983793989089272236e-01 1.983793988992403057e-01
2.100298977441040216e-01 2.100298977345768925e-01 2.100298977515599463e-01 2.100298977439800374e-01
2.145307228417988599e-01 2.145307228363812491e-01 2.145307228458130377e-01 2.145307228461336424e-01
2.130712163325985675e-01 2.130712163317423635e-01 2.130712163341245968e-01 2.130712163433715611e-01
2.064982386406923887e-01 2.064982386403837744e-01 2.064982386309830720e-01 2.064982386388902469e-01
2.057959638495688304e-01 2.057959638538284231e-01 2.057959638508617128e-01 2.057959638394570301e-01
2.137200561818179689e-01 2.137200561814183442e-01 2.137200561857642567e-01 2.137200561730751291e-01
2.155624210926441742e-01 2.155624210954928122e-01 2.155624210991619605e-01 2.155624210946919250e-01
2.149961091282460712e-01 2.149961091438882810e-01 2.149961091489841769e-01 2.149961091443470806e-01
2.092025651443670808e-01 2.092025651604836056e-01 2.092025651659928376e-01 2.092025651638766137e-01
2.092025651286718857e-01 2.092025651303139056e-01 2.092025651282963805e-01 2.092025651318220048e-01
2.149961091928684342e-01 2.149961091922408807e-01 2.149961091846259720e-01 2.149961091860797258e-01
2.155624211622438058e-01 2.155624211601460394e-01 2.155624211589338701e-01 2.155624211643731303e-01
2.137200565107722217e-01 2.137200564975934025e-01 2.137200564924517654e-01 2.137200565158634269e-01
2.057959645785402969e-01 2.057959645623344269e-01 2.057959645690834449e-01 2.057959645929454129e-01
2.064982392971579372e-01 2.064982393091171764e-01 2.064982392998327698e-01 2.064982392928528809e-01
2.130712167341439478e-01 2.130712167378789879e-01 2.130712167178091809e-01 2.130712167162434056e-01
2.145307230025547407e-01 2.145307230091464124e-01 2.145307230033186296e-01 2.145307230030530643e-01
2.100298982703999728e-01 2.100298982854261753e-01 2.100298982830456629e-01 2.100298982782380641e-01
1.983793999379261097e-01 1.983793999489179283e-01 1.983793999564923971e-01 1.983793999541746400e-01
1.993534902536674980e-01 1.993534902469056846e-01 1.993534902570824052e-01 1.993534902730033920e-01
2.091510440379791003e-01 2.091510440289544859e-01 2.091510440295064610e-01 2.091510440477709343e-01
2.131262036878842359e-01 2.131262036904062185e-01 2.131262036869811805e-01 2.131262036937652260e-01
2.061991544911142560e-01 2.061991544924167974e-01 2.061991544836044021e-01 2.061991544919401231e-01
1.919949037937182246e-01 1.919949037925063606e-01 1.919949037956082960e-01 1.919949038065602298e-01
1.963604471057874001e-01 1.963604471154389852e-01 1.963604471173791000e-01 1.963604471192922085e-01
2.299566474683462369e-01 2.299566474773376001e-01 2.299566474678388928e-01 2.299566474707689934e-01
2.020715191140123324e-01 2.020715191180654791e-01 2.020715191146346956e-01 2.020715191164486335e-01
