1.614287140257305089e-02 1.896550562896823916e-02 2.040329780369108670e-02 1.896550556026196932e-02
1.628383779968500811e-01 1.664426333555273640e-01 1.688391773001841900e-01 1.664426323485973247e-01
1.843532324316070059e-01 1.851661801004493013e-01 1.855348051890293448e-01 1.851661778341825715e-01
1.850134701037340901e-01 1.850926316784860248e-01 1.851094221087592195e-01 1.850926310572617306e-01
2.042742773834476389e-01 2.042630206565352602e-01 2.042638578411515859e-01 2.042630205988715253e-01
2.118726856006231951e-01 2.118650215169802786e-01 2.118669944179159270e-01 2.118650214914359342e-01
2.032414970573184765e-01 2.032789147587310830e-01 2.033231871891377496e-01 2.032789143324507386e-01
1.745391807781989379e-01 1.746255445731150213e-01 1.747163891011930259e-01 1.746255435689705870e-01
1.748070725165921380e-01 1.748302255614270773e-01 1.748535930451347864e-01 1.748302252670056456e-01
2.034658708986624709e-01 2.034675141507594764e-01 2.034682285964430903e-01 2.034675141137567145e-01
2.120641309072648917e-01 2.120642504919851012e-01 2.120645406647634346e-01 2.120642504921228522e-01
2.025494103342183605e-01 2.025620862561750557e-01 2.025762256035779085e-01 2.025620862362642605e-01
1.648791138718526395e-01 1.649102437271514066e-01 1.649425122570821189e-01 1.649102436359076995e-01
1.650423994690056184e-01 1.650507653145485976e-01 1.650592121448566929e-01 1.650507652161317951e-01
2.026535187851004616e-01 2.026540617622434315e-01 2.026543878936548360e-01 2.026540617194648175e-01
2.120693382793310544e-01 2.120693540412734723e-01 2.120693795525767367e-01 2.120693540380420572e-01
2.022802863900894088e-01 2.022841486215578299e-01 2.022882855643942657e-01 2.022841487583308673e-01
1.609868674384247744e-01 1.609963126150298629e-01 1.610059742768908120e-01 1.609963129064153620e-01
1.609933581964775595e-01 1.609958912975755496e-01 1.609984399366951868e-01 1.609958912944258469e-01
2.022837678670472705e-01 2.022839214254029683e-01 2.022840333192910400e-01 2.022839213836459260e-01
2.120693457492763834e-01 2.120693407532826813e-01 2.120693340435904350e-01 2.120693407529694319e-01
2.026569790669346394e-01 2.026579810731606313e-01 2.026590275574315925e-01 2.026579813263832686e-01
1.650949190435433422e-01 1.650973728243544381e-01 1.650998623731896875e-01 1.650973734028403916e-01
1.649557970637071935e-01 1.649564553823596458e-01 1.649571163937337825e-01 1.649564555072456640e-01
2.025659733592790612e-01 2.025660118195265758e-01 2.025660434393132536e-01 2.025660118026925971e-01
2.120642351380241930e-01 2.120642309509890300e-01 2.120642259001844498e-01 2.120642309477629717e-01
2.034724743185944151e-01 2.034726881784659769e-01 2.034729081365187486e-01 2.034726883955030874e-01
1.748961274515152542e-01 1.748966562639133193e-01 1.748971903916015092e-01 1.748966568307447622e-01
1.746927495845550793e-01 1.746928928260590430e-01 1.746930368049784410e-01 1.746928932008419977e-01
2.032832411845846288e-01 2.032832500267877096e-01 2.032832580631398767e-01 2.032832501330768815e-01
2.118553807276287448e-01 2.118553790851211149e-01 2.118553772179849748e-01 2.118553790917043211e-01
2.042660390799207748e-01 2.042660690877006746e-01 2.042660997334089512e-01 2.042660691925437810e-01
1.851022008783990425e-01 1.851022782600495742e-01 1.851023564704103730e-01 1.851022786206957538e-01
1.849319265979469107e-01 1.849319498728038969e-01 1.849319738652676626e-01 1.849319504657634949e-01
1.661394304400965471e-01 1.661394331893964738e-01 1.661394362068225328e-01 1.661394334278185614e-01
1.884570733165901596e-02 1.884570752233592425e-02 1.884570773355297851e-02 1.884570753595713605e-02
