1.774968886062607831e-01 1.775050657201265036e-01 1.774882171294357158e-01 1.774697599072568577e-01 1.774748600055748859e-01
2.333126330022134431e-01 2.333470739556338658e-01 2.332767176804470544e-01 2.331988878115925368e-01 2.332204249170325427e-01
2.447604375366060347e-01 2.448698171268927637e-01 2.446467780759601640e-01 2.444001185972674572e-01 2.444684753061052152e-01
2.878998866881498642e-01 2.882843364487370774e-01 2.875052595371316300e-01 2.866449926436422380e-01 2.868786585577327575e-01
2.418653667932594009e-01 2.422517328568614958e-01 2.414576221123973798e-01 2.405908380723820739e-01 2.408221733972011613e-01
2.121714534030346710e-01 2.122824161422190159e-01 2.120438606910169943e-01 2.117900706484390772e-01 2.118588963315472251e-01
2.029060128396572016e-01 2.029415583271685086e-01 2.028684267839048483e-01 2.027884989903071533e-01 2.028105711435893022e-01
2.006012231385841948e-01 2.006115808802851619e-01 2.005889960316935838e-01 2.005648107472713104e-01 2.005711068726915292e-01
2.002300575714546227e-01 2.002347716926898835e-01 2.002269327975403357e-01 2.002199874780894728e-01 2.002223367091414685e-01
2.000908733731665834e-01 2.000942151894916643e-01 2.000919920570877752e-01 2.000898737296538665e-01 2.000901862994979852e-01
2.000449113699220849e-01 2.000455699188922742e-01 2.000450856191124671e-01 2.000444331075109106e-01 2.000445761417982971e-01
2.000281774267146373e-01 2.000287380542316029e-01 2.000278800800650014e-01 2.000290689782960318e-01 2.000297338095803346e-01
2.000206469192376268e-01 2.000216049967758203e-01 2.000210632600147309e-01 2.000222882315895456e-01 2.000226881145393265e-01
2.000098682765507063e-01 2.000120917166696433e-01 2.000138337203838934e-01 2.000138777395631673e-01 2.000121636885820453e-01
1.999952011990429046e-01 1.999908094940343883e-01 1.999960380572605168e-01 1.999974893103325380e-01 1.999918660891156219e-01
2.000317187236184957e-01 1.999789119361289891e-01 1.999772271475513397e-01 1.999784092257713142e-01 1.999794315833516023e-01
2.003485590861248944e-01 2.002008715350914181e-01 1.999938482996996003e-01 1.999935275759526232e-01 2.002000507340999103e-01
1.998512140429505868e-01 2.009929234236187134e-01 2.001536796160985343e-01 2.001547012958176386e-01 2.009930618145192860e-01
1.896117152294858887e-01 2.003135056513272727e-01 2.010895217638276888e-01 2.010924010373086046e-01 2.003096016219038100e-01
1.998084709698777772e-01 2.009521120687519646e-01 2.000915520295681038e-01 2.000889500826954770e-01 2.009260495257509938e-01
2.000167309098344337e-01 1.998817587085239822e-01 1.996603127188518179e-01 1.996530055983008478e-01 1.998445262040158821e-01
2.000355018275831731e-01 1.999869330247166788e-01 1.999784543455054575e-01 1.999783090236913752e-01 1.999673149735357314e-01
2.000806974461015464e-01 2.000517506593912365e-01 2.000396467725250316e-01 2.000221807251489348e-01 2.000079232193257839e-01
1.997455390950190202e-01 1.997269543433673744e-01 1.996965841749967774e-01 1.996528803259775553e-01 1.996322352670001909e-01
1.968207126509242955e-01 1.968822893831371768e-01 1.967126453533275809e-01 1.965610519702926939e-01 1.965788337964321231e-01
1.881669147476484893e-01 1.883524301837339598e-01 1.883831295809906825e-01 1.883519802357905282e-01 1.882137524381839733e-01
1.972243446492285557e-01 1.974411646778868878e-01 1.975685769207460585e-01 1.976660243573151454e-01 1.974980564924900261e-01
1.996179104561142115e-01 1.996703570220025592e-01 1.996578490241594228e-01 1.996672599375427237e-01 1.996660307929462308e-01
1.958894183305622816e-01 1.957211768571468502e-01 1.956323392809561357e-01 1.956197508980976885e-01 1.956160355932613226e-01
1.641292913209376203e-01 1.634553029804104995e-01 1.622197326715660581e-01 1.619434594902889046e-01 1.627472485531396840e-01
8.352751458367750625e-02 8.306201358387613198e-02 8.185808653454376693e-02 8.155378516191905125e-02 8.240969018480499841e-02
1.694953098795556612e-01 1.695717023906580800e-01 1.694915713887201747e-01 1.694998500591116675e-01 1.695072555691457261e-01
1.959039115664731323e-01 1.959507431005758638e-01 1.959157438631057846e-01 1.959228214713786553e-01 1.959377244113053862e-01
1.697096087407720388e-01 1.697257634708196905e-01 1.697169216946509684e-01 1.697078581851672596e-01 1.697141162293440697e-01
3.960232798753966083e-02 3.960930599303397193e-02 3.959649631422661187e-02 3.958503194243535861e-02 3.959315220412048392e-02
2.955407793455903584e-03 2.954749232145116936e-03 2.946211669285438931e-03 2.942343217976357492e-03 2.949217870509479675e-03
