1.887130406700700952e-02 1.887130401174060348e-02 1.887130619215720423e-02 1.887130647890707807e-02
1.665935124651279353e-01 1.665935096127484916e-01 1.665935186636893217e-01 1.665935199071934270e-01
1.896349361168447323e-01 1.896349237653915387e-01 1.896349319904998831e-01 1.896349374151268807e-01
1.896207461828953722e-01 1.896207263338871574e-01 1.896207162080326969e-01 1.896207036023678238e-01
2.046037826983035102e-01 2.046037542870602077e-01 2.046037471767023774e-01 2.046037464581404175e-01
2.119495273572801763e-01 2.119494640657855478e-01 2.119494945392172702e-01 2.119494410751246449e-01
2.046566944667513877e-01 2.046567088682305635e-01 2.046567291585190407e-01 2.046566428564591811e-01
1.893105931114663076e-01 1.893105063972807811e-01 1.893105858810729403e-01 1.893104619391335341e-01
1.891399758101949269e-01 1.891398475892782649e-01 1.891398352655899173e-01 1.891394003912232058e-01
2.045597102499213393e-01 2.045596165707054270e-01 2.045596083223320816e-01 2.045592944750285191e-01
2.121688497108418503e-01 2.121691000392140203e-01 2.121691945346279862e-01 2.121692722032744727e-01
2.045721298759840268e-01 2.045726692459204354e-01 2.045698449663525265e-01 2.045702627186758993e-01
1.891473957878221646e-01 1.891434306395118892e-01 1.891376748305162447e-01 1.891413030250399252e-01
1.892368436753159300e-01 1.892308831495735644e-01 1.892223900572553297e-01 1.892247113891062094e-01
2.047183169527221624e-01 2.047211943958237856e-01 2.047241531277113336e-01 2.047204660340916915e-01
2.121882675628770365e-01 2.121886078608123394e-01 2.121897973363187917e-01 2.121876634190479893e-01
2.046306064200345554e-01 2.046248917277165014e-01 2.046249737575213945e-01 2.046225326515599130e-01
1.893000304178831250e-01 1.892961062508970171e-01 1.892951015510239698e-01 1.892932698003241265e-01
1.893588102242154680e-01 1.893584758080183450e-01 1.893590971584734051e-01 1.893616380400622856e-01
2.046404757288994014e-01 2.046390879981718758e-01 2.046366492589950514e-01 2.046286407227725646e-01
2.121047405964733568e-01 2.120973923684382478e-01 2.120822596944695049e-01 2.120690665877278391e-01
2.044045899339625438e-01 2.043984579867800244e-01 2.043982612072950955e-01 2.044077847488792454e-01
1.873508630049205703e-01 1.873589289394029245e-01 1.873651608934015778e-01 1.873615188619489613e-01
1.875705703417933357e-01 1.876087599743201384e-01 1.876285196336397731e-01 1.875972166863786317e-01
2.044343579526987920e-01 2.044543707310454150e-01 2.044634511131369070e-01 2.044539544134073850e-01
2.113137919271474985e-01 2.113079249884177724e-01 2.113047507913287104e-01 2.113158759936967779e-01
1.923846865517377380e-01 1.923582628307416997e-01 1.923280673496853832e-01 1.923535556434212979e-01
8.211990818162608063e-02 8.208625640163361159e-02 8.203587195757536255e-02 8.207004099892598048e-02
8.208813446835085126e-02 8.211935328037325843e-02 8.211900015124415364e-02 8.208754038434680489e-02
1.923029213625765399e-01 1.923228296369532409e-01 1.923288839979837572e-01 1.923077688789490425e-01
2.111091920215018014e-01 2.111108629889008603e-01 2.111119245289771462e-01 2.111104051101921619e-01
2.044011373130163456e-01 2.044001570161737280e-01 2.043996376330888820e-01 2.044002365739920335e-01
1.873102132045404433e-01 1.873085642607352497e-01 1.873066118591862061e-01 1.873079501322453266e-01
1.870592801329306887e-01 1.870599865684658969e-01 1.870595578071901355e-01 1.870587661543183233e-01
1.663227049338147079e-01 1.663232515639185838e-01 1.663232820925800992e-01 1.663227132125191798e-01
1.885298805762911090e-02 1.885302598562163534e-02 1.885302995743735888e-02 1.885298736515807899e-02
