1.744445836676620787e-01 1.744445836741001787e-01 1.744445836767648250e-01 1.744445836765824709e-01 1.744445836626400959e-01
2.213497864815308636e-01 2.213497864947964744e-01 2.213497865058628444e-01 2.213497864985738695e-01 2.213497864456651087e-01
2.037680873115542968e-01 2.037680873177433183e-01 2.037680873893268352e-01 2.037680873680657867e-01 2.037680872418178579e-01
2.004065844416449416e-01 2.004065842833453182e-01 2.004065843493043897e-01 2.004065843292568982e-01 2.004065842217826465e-01
1.999999996947119940e-01 1.999999998287237679e-01 1.999999999124784655e-01 1.999999999061257971e-01 1.999999997986048050e-01
2.000120546027412127e-01 2.000120586288142988e-01 2.000120598129828675e-01 2.000120598147806794e-01 2.000120586106635678e-01
2.000161261482047703e-01 2.000161479810918241e-01 2.000161639515382062e-01 2.000161639507228584e-01 2.000161479436731171e-01
2.000023088973284513e-01 2.000023502341474746e-01 2.000024332519371451e-01 2.000024332564649954e-01 2.000023502078082938e-01
2.000001976608177523e-01 2.000001025587848369e-01 2.000001826772122016e-01 2.000001826808474326e-01 2.000001025542249566e-01
1.999998679238479959e-01 1.999999071360165637e-01 1.999999901955102632e-01 1.999999902000660357e-01 1.999999071445769661e-01
1.999963200359505811e-01 1.999991814051179928e-01 2.000000129908888757e-01 2.000000129976386432e-01 1.999991814099438270e-01
1.999710931367792155e-01 1.999879684138567981e-01 1.999994039998768125e-01 1.999994040011511542e-01 1.999879683937424713e-01
1.998931104050234164e-01 1.999303770269683922e-01 1.999929343053700737e-01 1.999929343105133761e-01 1.999303770132360158e-01
1.999430828638253110e-01 1.998752831014101727e-01 1.999424429248890245e-01 1.999424429312896823e-01 1.998752831167278921e-01
2.000363348345517434e-01 1.999303750423395698e-01 1.999929324133578046e-01 1.999929324141985765e-01 1.999303750593578455e-01
1.979912912791379487e-01 1.995582809355378739e-01 1.999993905925014082e-01 1.999993905925615822e-01 1.995582809371496402e-01
1.800330882153658996e-01 1.931011622446709430e-01 1.997031891091690659e-01 1.997031891113537350e-01 1.931011622120061000e-01
9.706582908651621711e-02 1.509815290505855112e-01 1.957720710885511028e-01 1.957720710950122400e-01 1.509815290128989629e-01
3.704638962588169255e-05 8.525166496658585780e-02 1.622680368183894162e-01 1.622680368112703608e-01 8.525166497351241435e-02
9.706582902832545934e-02 1.509815289015199180e-01 1.957720709612053578e-01 1.957720709509628010e-01 1.509815289734607047e-01
1.800330879263002115e-01 1.931011619312204275e-01 1.997031887960251662e-01 1.997031887997345878e-01 1.931011620090884173e-01
1.979912912137738179e-01 1.995582808711927614e-01 1.999993905372206837e-01 1.999993905377678849e-01 1.995582808997030666e-01
2.000363347882593013e-01 1.999303749438477440e-01 1.999929323202810638e-01 1.999929323241085299e-01 1.999303749615518044e-01
1.999430798234249351e-01 1.998752800074045377e-01 1.999424398741739550e-01 1.999424398792553070e-01 1.998752800309907540e-01
1.998930466773175540e-01 1.999303132448013165e-01 1.999928705642348981e-01 1.999928705654734629e-01 1.999303132751429068e-01
1.999708726082904120e-01 1.999877478770025752e-01 1.999991834526675949e-01 1.999991834505424615e-01 1.999877478995200908e-01
1.999963061361373085e-01 1.999991675074045683e-01 1.999999991021198520e-01 1.999999991020060264e-01 1.999991675187354490e-01
1.999999078074508607e-01 1.999999469839123523e-01 2.000000300606303849e-01 2.000000300643985374e-01 1.999999469919041262e-01
1.999984786911252477e-01 1.999983835487880446e-01 1.999984637268456544e-01 1.999984637320880720e-01 1.999983835563526047e-01
1.999547387765301110e-01 1.999547800329437297e-01 1.999548630954965101e-01 1.999548630986464903e-01 1.999547800375411633e-01
1.998320977949032962e-01 1.998321195823275775e-01 1.998321355415037526e-01 1.998321355417093381e-01 1.998321195886746393e-01
1.999999947811973988e-01 1.999999988125591432e-01 2.000000000075659590e-01 2.000000000100475017e-01 1.999999988232403769e-01
2.002266607687681610e-01 2.002266609106485018e-01 2.002266610231979160e-01 2.002266610253670975e-01 2.002266609195217928e-01
2.005916807195438634e-01 2.005916805574397832e-01 2.005916806911695049e-01 2.005916806956703491e-01 2.005916805645235057e-01
1.714457218052826692e-01 1.714457217266210087e-01 1.714457218373230396e-01 1.714457218409548012e-01 1.714457217272963852e-01
2.795061743575959906e-02 2.795061738495790982e-02 2.795061737431534313e-02 2.795061737467496171e-02 2.795061738290698442e-02
