1.744445837168016877e-01 1.744445837068074878e-01 1.744445837027628066e-01 1.744445837016015133e-01 1.744445836879701950e-01
2.213497865611813165e-01 2.213497865313786839e-01 2.213497865245591112e-01 2.213497865142354248e-01 2.213497864670180559e-01
2.037680874600472092e-01 2.037680874100367689e-01 2.037680873948749249e-01 2.037680873741776755e-01 2.037680873240205470e-01
2.004065844814837127e-01 2.004065844416821063e-01 2.004065844182781886e-01 2.004065843993242946e-01 2.004065843692426352e-01
1.999999999101202963e-01 1.999999999074818513e-01 1.999999998858570938e-01 1.999999998761914088e-01 1.999999998674714397e-01
2.000120597347062601e-01 2.000120597724605598e-01 2.000120597674156508e-01 2.000120597723724913e-01 2.000120597535388900e-01
2.000161645950420397e-01 2.000161646877610666e-01 2.000161647888142324e-01 2.000161647951889665e-01 2.000161646612789446e-01
2.000024425919186000e-01 2.000024425040411169e-01 2.000024429288151384e-01 2.000024429450314445e-01 2.000024425033567477e-01
2.000002610704818273e-01 2.000002602353521119e-01 2.000002603041664828e-01 2.000002603222041098e-01 2.000002602508088867e-01
1.999999940076426785e-01 1.999999994936996761e-01 1.999999999180139543e-01 1.999999999359787783e-01 1.999999995161247102e-01
1.999999609086356156e-01 2.000000014976038576e-01 2.000000138951183726e-01 2.000000139113108089e-01 2.000000015131945252e-01
1.999997275625099158e-01 1.999998541188058865e-01 2.000000033739381955e-01 2.000000033893919726e-01 1.999998541245635586e-01
1.999995105273622009e-01 1.999993429844637571e-01 1.999999148333490850e-01 1.999999148496852119e-01 1.999993429946597678e-01
2.000007331267284194e-01 1.999993252391230880e-01 1.999993790070688504e-01 1.999993790201614052e-01 1.999993252510308128e-01
1.999907475422233183e-01 1.999993410473920319e-01 1.999999129032102307e-01 1.999999129167528700e-01 1.999993410634826052e-01
1.999103108821273234e-01 1.999813919331740741e-01 1.999999899148742766e-01 1.999999899273001702e-01 1.999813919492724745e-01
1.995171264541146516e-01 1.997356152466801260e-01 1.999846099803392341e-01 1.999846099903499763e-01 1.997356152613192770e-01
1.998687843864253577e-01 1.988906963065089628e-01 1.998515715665320769e-01 1.998515715732379627e-01 1.988906963227476954e-01
2.106654208828670216e-01 1.995484953590306310e-01 1.989501238431302665e-01 1.989501238464222999e-01 1.995484953805165829e-01
1.998687843922048735e-01 1.988906963098188985e-01 1.998515715790473990e-01 1.998515715773177825e-01 1.988906963312558618e-01
1.995171264484784102e-01 1.997356152363934378e-01 1.999846099844515834e-01 1.999846099816900702e-01 1.997356152609162105e-01
1.999103108577521548e-01 1.999813919036553256e-01 1.999999899003347403e-01 1.999999898981828228e-01 1.999813919281942243e-01
1.999907477362377894e-01 1.999993412349197197e-01 1.999999131108727846e-01 1.999999131100429484e-01 1.999993412596897113e-01
2.000007348498718807e-01 1.999993269522126471e-01 1.999993807403706025e-01 1.999993807427025705e-01 1.999993269757019965e-01
1.999995220678328911e-01 1.999993545170785370e-01 1.999999263858146525e-01 1.999999263914195857e-01 1.999993545396919481e-01
1.999997279821340013e-01 1.999998545296089170e-01 2.000000038051166773e-01 2.000000038098265487e-01 1.999998545485638934e-01
1.999999470160388759e-01 1.999999875877683797e-01 2.000000000001548595e-01 2.000000000020175916e-01 1.999999876011098743e-01
2.000002548698826543e-01 2.000002603349593788e-01 2.000002607716360736e-01 2.000002607721783898e-01 2.000002603458004846e-01
2.000024433877064522e-01 2.000024425441690179e-01 2.000024426244870479e-01 2.000024426235471331e-01 2.000024425539003725e-01
2.000161644968862507e-01 2.000161644191978394e-01 2.000161648550583815e-01 2.000161648560455363e-01 2.000161644298724395e-01
2.000120596584870902e-01 2.000120597594711169e-01 2.000120598746879808e-01 2.000120598756087720e-01 2.000120597676941225e-01
1.999999999571318021e-01 1.999999999909169157e-01 2.000000000007997603e-01 2.000000000016092239e-01 1.999999999964451602e-01
2.004065844630147919e-01 2.004065844715244848e-01 2.004065844729660262e-01 2.004065844750624603e-01 2.004065844824302611e-01
2.037680873706732565e-01 2.037680873779106061e-01 2.037680873786135993e-01 2.037680873803836001e-01 2.037680873885751032e-01
2.213497863988296566e-01 2.213497864051875152e-01 2.213497864089852274e-01 2.213497864130394288e-01 2.213497864160901552e-01
1.744445835441230941e-01 1.744445835452859694e-01 1.744445835492639540e-01 1.744445835525893496e-01 1.744445835518484977e-01
