2.795061727733494372e-02 2.795061727973471508e-02 2.795061728753238037e-02 2.795061728941735518e-02 2.795061729072327583e-02
1.714457219486592576e-01 1.714457219555314549e-01 1.714457219474955496e-01 1.714457219347947925e-01 1.714457219366854468e-01
2.005916809004527901e-01 2.005916808855806310e-01 2.005916808617285996e-01 2.005916808444772326e-01 2.005916808239016635e-01
2.002266611358294035e-01 2.002266610965998950e-01 2.002266610787861167e-01 2.002266610661418977e-01 2.002266610234148259e-01
2.000000001261202642e-01 2.000000000352717966e-01 2.000000000130601752e-01 1.999999999983246568e-01 1.999999999682745555e-01
1.998321368704987222e-01 1.998321365600476962e-01 1.998321364715004156e-01 1.998321364805361322e-01 1.998321365653488446e-01
1.999548748605902149e-01 1.999548740240475742e-01 1.999548729443780259e-01 1.999548729520354839e-01 1.999548740382394996e-01
1.999985453257815682e-01 1.999985463924898177e-01 1.999985424047973914e-01 1.999985424031447689e-01 1.999985463718343404e-01
2.000000373583945834e-01 2.000000446156991463e-01 2.000000442068501083e-01 2.000000442116334209e-01 2.000000446035457846e-01
2.000000607606926828e-01 2.000000045862493636e-01 2.000000006114399376e-01 2.000000006191393065e-01 2.000000045841603957e-01
2.000002896386428586e-01 1.999999138632121143e-01 1.999997930853932571e-01 1.999997931077406865e-01 1.999999138946129407e-01
2.000024828239716779e-01 2.000014310680201801e-01 2.000000367950832691e-01 2.000000368155246677e-01 2.000014310980438859e-01
2.000038209131137501e-01 2.000058234157249260e-01 2.000008008126594461e-01 2.000008008150349625e-01 2.000058234182684747e-01
1.999943920372461992e-01 2.000054653306523045e-01 2.000056229737487146e-01 2.000056229738403635e-01 2.000054653352402456e-01
2.000951633797285467e-01 2.000058262631609074e-01 2.000008036673862899e-01 2.000008036681641677e-01 2.000058262719579261e-01
2.008009848270933539e-01 2.001787788895528497e-01 2.000000983288915679e-01 2.000000983327486215e-01 2.001787789115028193e-01
2.038810148779055809e-01 2.023622787555609259e-01 2.001483608054699381e-01 2.001483608052564145e-01 2.023622787742693774e-01
1.988474743115388188e-01 2.087897970395762859e-01 2.012905510962588740e-01 2.012905510925780683e-01 2.087897970484593468e-01
1.211155069212183771e-01 2.014702349486856003e-01 2.087541577954549199e-01 2.087541577868697595e-01 2.014702349578153528e-01
1.988474742303744935e-01 2.087897969670801102e-01 2.012905510333877768e-01 2.012905510249200502e-01 2.087897969722591618e-01
2.038810147127846639e-01 2.023622785887402853e-01 2.001483606521017866e-01 2.001483606449416530e-01 2.023622785967048865e-01
2.008009850652779094e-01 2.001787791262840399e-01 2.000000985706260892e-01 2.000000985651801122e-01 2.001787791415350071e-01
2.000951633090148063e-01 2.000058261982652075e-01 2.000008036053443627e-01 2.000008036005872236e-01 2.000058262171262591e-01
1.999943892411206736e-01 2.000054625468337399e-01 2.000056201903659681e-01 2.000056201827356550e-01 2.000054625585721280e-01
2.000037619611068074e-01 2.000057644805618706e-01 2.000007418821223570e-01 2.000007418724346897e-01 2.000057644736354112e-01
2.000023375413955140e-01 2.000012857935892785e-01 1.999998915172589153e-01 1.999998915075835992e-01 2.000012857860039017e-01
2.000004966220931268e-01 2.000001208583344903e-01 2.000000000685152601e-01 2.000000000690663748e-01 2.000001208707750944e-01
2.000001005854228076e-01 2.000000444341325512e-01 2.000000404579997115e-01 2.000000404597331582e-01 2.000000444507427921e-01
1.999985393547151491e-01 1.999985466405488077e-01 1.999985462270912340e-01 1.999985462275913062e-01 1.999985466505636023e-01
1.999548764062812067e-01 1.999548775025868641e-01 1.999548735148944656e-01 1.999548735088296225e-01 1.999548774881158841e-01
1.998321384292160718e-01 1.998321376086733547e-01 1.998321365243165282e-01 1.998321365143923556e-01 1.998321376069040756e-01
2.000000003524783909e-01 2.000000000852737159e-01 1.999999999937190631e-01 1.999999999911583892e-01 2.000000001134240035e-01
2.002266610463243057e-01 2.002266610271228042e-01 2.002266610267416369e-01 2.002266610262884161e-01 2.002266610548210646e-01
2.005916807648506495e-01 2.005916807899110477e-01 2.005916807874006669e-01 2.005916807888938336e-01 2.005916808082734981e-01
1.714457218690907947e-01 1.714457218950738160e-01 1.714457218895422963e-01 1.714457218871210109e-01 1.714457218933704008e-01
2.795061736569940877e-02 2.795061737859278264e-02 2.795061737898974635e-02 2.795061737402679269e-02 2.795061737080350300e-02
