1.883905936208837284e-01 1.894391436159854059e-01 1.890703011207182649e-01 1.890703013643370844e-01 1.894391432865828728e-01
2.250436396466700684e-01 2.268878555891872539e-01 2.255668326044687477e-01 2.255668329681870810e-01 2.268878552729737264e-01
2.081168014937236077e-01 2.087193675913844304e-01 2.081750697955151441e-01 2.081750697615593337e-01 2.087193675627167511e-01
2.180284795205879589e-01 2.135498709364838654e-01 2.150603398820907508e-01 2.150603395928070705e-01 2.135498720881515156e-01
2.009415974933619342e-01 2.004028642039076824e-01 2.002435640986446608e-01 2.002435644504741152e-01 2.004028649174384447e-01
2.147263979313973892e-01 2.173355468163170046e-01 2.152910127445960831e-01 2.152910141834890878e-01 2.173355467520870776e-01
2.029849395263894074e-01 2.081437674931122250e-01 2.033907980005808802e-01 2.033907993229726596e-01 2.081437670616929358e-01
2.062181050367219992e-01 2.068894213140671789e-01 2.053516427813622813e-01 2.053516427898603169e-01 2.068894227460031654e-01
2.234721735974992407e-01 2.117571260017946932e-01 2.150370404250403489e-01 2.150370404072599606e-01 2.117571296029201189e-01
2.037363209813836118e-01 2.015765081508357204e-01 2.009335156827083690e-01 2.009335170300402540e-01 2.015765105844294081e-01
2.167668933641566653e-01 2.221096109981132716e-01 2.167518403950375594e-01 2.167518427532974523e-01 2.221096108553389792e-01
2.022184975406225715e-01 2.117477655405118619e-01 2.028514351475919908e-01 2.028514371317641785e-01 2.117477645115010965e-01
2.106547312884782808e-01 2.101503756445759485e-01 2.079079341368634815e-01 2.079079338271352939e-01 2.101503786676859054e-01
2.320176841463299777e-01 2.105492408024725870e-01 2.159387394159213991e-01 2.159387397758629201e-01 2.105492459454742504e-01
2.082927494754664433e-01 2.034224965735495494e-01 2.019550605539191801e-01 2.019550628465387465e-01 2.034225000746645584e-01
2.191427369285867954e-01 2.295912782535594610e-01 2.185749144353509310e-01 2.185749173725389793e-01 2.295912776260995436e-01
2.010062749279085126e-01 2.162426023463315805e-01 2.026754957659992473e-01 2.026754978567468501e-01 2.162426003246689654e-01
2.174774733534130533e-01 2.130466356492646818e-01 2.116487172503192515e-01 2.116487164711918223e-01 2.130466396123695816e-01
2.543599600199031863e-01 2.088900862178775242e-01 2.164428964312477832e-01 2.164428971341879060e-01 2.088900916108644423e-01
2.103335387310877047e-01 2.046928681927999150e-01 2.029925444530449874e-01 2.029925470922690767e-01 2.046928719133829233e-01
2.209251324855492638e-01 2.321582091102121215e-01 2.202518523706350762e-01 2.202518548501280760e-01 2.321582079695645173e-01
2.016758662543463587e-01 2.123572236215515996e-01 2.015722216622315432e-01 2.015722230623896161e-01 2.123572212448825436e-01
2.203126683045922019e-01 2.161026183502156861e-01 2.137032260840110998e-01 2.137032253499734913e-01 2.161026225883541929e-01
2.254139676543974458e-01 2.080749910440778672e-01 2.106039216567419659e-01 2.106039228418640774e-01 2.080749956807426415e-01
2.087190107594033006e-01 2.060444950190761515e-01 2.038214481359827412e-01 2.038214509850615475e-01 2.060444980020069705e-01
2.216092770033749049e-01 2.247571159032327737e-01 2.192822235427897837e-01 2.192822252397531868e-01 2.247571152755279689e-01
2.008072054225304992e-01 2.054805176807003864e-01 2.007191095343535125e-01 2.007191102208992217e-01 2.054805160496752658e-01
2.192423589979275445e-01 2.176967436872744299e-01 2.158710449417076960e-01 2.158710444750752133e-01 2.176967471257907627e-01
2.134431604870757060e-01 2.069571012029735591e-01 2.065961953576600230e-01 2.065961967410617772e-01 2.069571042542467654e-01
2.073949091215676332e-01 2.061766111907929744e-01 2.046799974205514017e-01 2.046799996695958801e-01 2.061766129077803600e-01
2.207498184212741688e-01 2.205291688359772295e-01 2.188526289494391319e-01 2.188526297508752438e-01 2.205291684427735099e-01
2.002054023520963566e-01 2.013673300297492696e-01 2.001830103774736025e-01 2.001830105234015389e-01 2.013673293592195268e-01
2.194916616731922288e-01 2.190433917746254788e-01 2.181433225709025203e-01 2.181433223920194175e-01 2.190433937006840970e-01
2.110462128302215967e-01 2.099497276747231966e-01 2.090660236897194657e-01 2.090660245674457463e-01 2.099497288617525603e-01
2.276154281898025433e-01 2.273625482343485382e-01 2.268857752079178336e-01 2.268857760522024480e-01 2.273625483156145877e-01
1.935601402026197737e-01 1.933299624218236812e-01 1.933051715901143719e-01 1.933051716617783244e-01 1.933299619780762812e-01
