2.795061728899404796e-02 2.795061728019657479e-02 2.795061730175956577e-02 2.795061732194570325e-02 2.795061732455260059e-02
1.714457219445647829e-01 1.714457219325528636e-01 1.714457219483478123e-01 1.714457219595791337e-01 1.714457219665747878e-01
2.005916809026045411e-01 2.005916808854606159e-01 2.005916808666791951e-01 2.005916808482168523e-01 2.005916808346188407e-01
2.002266611370848992e-01 2.002266611007545438e-01 2.002266610827891646e-01 2.002266610668886337e-01 2.002266610305414307e-01
2.000000001231398705e-01 2.000000000355174612e-01 2.000000000119247778e-01 1.999999999930318351e-01 1.999999999656641436e-01
1.998321368681018340e-01 1.998321365598459687e-01 1.998321364652570764e-01 1.998321364675146317e-01 1.998321365569332431e-01
1.999548748599557779e-01 1.999548740218462795e-01 1.999548729461809171e-01 1.999548729439286909e-01 1.999548740351774767e-01
1.999985453247023481e-01 1.999985463910817496e-01 1.999985424092509401e-01 1.999985424015476021e-01 1.999985463742046388e-01
2.000000373562390577e-01 2.000000446145848709e-01 2.000000442078500307e-01 2.000000442109182430e-01 2.000000446067875526e-01
2.000000607590491919e-01 2.000000045853782549e-01 2.000000006096262772e-01 2.000000006158175470e-01 2.000000045836596574e-01
2.000002896370309258e-01 1.999999138606123050e-01 1.999997930814835234e-01 1.999997930970637827e-01 1.999999138884227534e-01
2.000024828272786437e-01 2.000014310650477523e-01 2.000000367952847746e-01 2.000000368050557364e-01 2.000014310943720175e-01
2.000038209172509962e-01 2.000058234149832415e-01 2.000008008173796148e-01 2.000008008141671290e-01 2.000058234215608410e-01
1.999943920402716402e-01 2.000054653315932462e-01 2.000056229747065040e-01 2.000056229747773917e-01 2.000054653387180192e-01
2.000951633837936006e-01 2.000058262665805053e-01 2.000008036696006297e-01 2.000008036713611936e-01 2.000058262761306160e-01
2.008009848278201892e-01 2.001787788883210295e-01 2.000000983288067191e-01 2.000000983322592074e-01 2.001787789116196981e-01
2.038810148794345523e-01 2.023622787534789524e-01 2.001483608074562104e-01 2.001483608062883945e-01 2.023622787752305530e-01
1.988474743152683077e-01 2.087897970393320923e-01 2.012905510996518821e-01 2.012905510948687082e-01 2.087897970511082835e-01
1.211155069239054222e-01 2.014702349504922385e-01 2.087541577973300033e-01 2.087541577875461907e-01 2.014702349588599339e-01
1.988474742356808600e-01 2.087897969690341304e-01 2.012905510338303949e-01 2.012905510253375496e-01 2.087897969705826140e-01
2.038810147162188335e-01 2.023622785894217957e-01 2.001483606527664216e-01 2.001483606473127841e-01 2.023622785971448956e-01
2.008009850636672811e-01 2.001787791237541747e-01 2.000000985683223764e-01 2.000000985626430028e-01 2.001787791401540284e-01
2.000951633082662939e-01 2.000058261970963647e-01 2.000008036025413549e-01 2.000008035975224530e-01 2.000058262148803612e-01
1.999943892374367871e-01 2.000054625445670531e-01 2.000056201877120909e-01 2.000056201793622424e-01 2.000054625535797881e-01
2.000037619573261372e-01 2.000057644769522303e-01 2.000007418808086301e-01 2.000007418725288089e-01 2.000057644714618721e-01
2.000023375412477711e-01 2.000012857938109623e-01 1.999998915190129845e-01 1.999998915110512698e-01 2.000012857877402073e-01
2.000004966208086543e-01 2.000001208572517730e-01 2.000000000672502998e-01 2.000000000685442092e-01 2.000001208692200050e-01
2.000001005847478752e-01 2.000000444326851812e-01 2.000000404561484979e-01 2.000000404580470903e-01 2.000000444487713969e-01
1.999985393546905854e-01 1.999985466396297651e-01 1.999985462271946235e-01 1.999985462263303704e-01 1.999985466481064011e-01
1.999548764053205308e-01 1.999548775003948398e-01 1.999548735137463007e-01 1.999548735068248373e-01 1.999548774860380462e-01
1.998321384274810708e-01 1.998321376062269228e-01 1.998321365232669511e-01 1.998321365140778016e-01 1.998321376060067933e-01
2.000000003510516433e-01 2.000000000829381674e-01 1.999999999914865434e-01 1.999999999887940305e-01 2.000000001115680714e-01
2.002266610466933994e-01 2.002266610256119850e-01 2.002266610242303402e-01 2.002266610242031120e-01 2.002266610530832602e-01
2.005916807648249756e-01 2.005916807884052799e-01 2.005916807857279216e-01 2.005916807873621144e-01 2.005916808057874035e-01
1.714457218668996585e-01 1.714457218919993309e-01 1.714457218869287203e-01 1.714457218841377861e-01 1.714457218899677893e-01
2.795061736143998610e-02 2.795061737394308882e-02 2.795061737460623197e-02 2.795061736938301428e-02 2.795061736596574434e-02
