9.473927831762372562e-03 1.972409931521722226e-02 2.523802471868891173e-02 1.972409923931077100e-02
1.525707172931194400e-01 1.667652014477373490e-01 1.764285855514176327e-01 1.667652004728228110e-01
1.816224357615905116e-01 1.854414328097376274e-01 1.875676798118351696e-01 1.854414306524947154e-01
1.844514803439684381e-01 1.849502430203188719e-01 1.851851212787404832e-01 1.849502424833637249e-01
2.042701814011016193e-01 2.042491441173340250e-01 2.042551454534136390e-01 2.042491440854967699e-01
2.119182363113160661e-01 2.118897014213893260e-01 2.119016181409057453e-01 2.118897013940875818e-01
2.029962644561255636e-01 2.032462190913506550e-01 2.035444260494375379e-01 2.032462186894858081e-01
1.737918730448241578e-01 1.743958777523672565e-01 1.750334081544304143e-01 1.743958768219943944e-01
1.744480785893569308e-01 1.746107387185569793e-01 1.747752307011050665e-01 1.746107384349221137e-01
2.034389998752192952e-01 2.034506444272488335e-01 2.034556683810140876e-01 2.034506443904994244e-01
2.120633822676078195e-01 2.120641840920944876e-01 2.120661590675007036e-01 2.120641840950248380e-01
2.024685874574164435e-01 2.025570224086544469e-01 2.026557195269135803e-01 2.025570223987352703e-01
1.646525327094954250e-01 1.648699911625473580e-01 1.650954109330934061e-01 1.648699910982074079e-01
1.649502165941371945e-01 1.650086738212435677e-01 1.650676861684928221e-01 1.650086737503819734e-01
2.026462354353134043e-01 2.026500340532552680e-01 2.026523138081701148e-01 2.026500340208222117e-01
2.120692916054878752e-01 2.120693927003957646e-01 2.120695627739398459e-01 2.120693926987364808e-01
2.022703852407435887e-01 2.022972504718490994e-01 2.023260314942623983e-01 2.022972506085347899e-01
1.610850956797561795e-01 1.611508219417545351e-01 1.612180546037628448e-01 1.611508222408671864e-01
1.611302975530296555e-01 1.611479277351510753e-01 1.611656650475084274e-01 1.611479277404862243e-01
2.022946777279445441e-01 2.022957476353340889e-01 2.022965270317273467e-01 2.022957475955154960e-01
2.120693450369530164e-01 2.120693091017332443e-01 2.120692612483603967e-01 2.120693090995107444e-01
2.026703122074480223e-01 2.026772663084679404e-01 2.026845285844357247e-01 2.026772665574481658e-01
1.653155731777374293e-01 1.653326068919358793e-01 1.653498860016209826e-01 1.653326074672778201e-01
1.651870070625961195e-01 1.651915776008963388e-01 1.651961659123249715e-01 1.651915777424372844e-01
2.025850100159699851e-01 2.025852773345799274e-01 2.025854969353672319e-01 2.025852773242637350e-01
2.120642652383094851e-01 2.120642360227330825e-01 2.120642008350481500e-01 2.120642360187603992e-01
2.034852363185948032e-01 2.034867185660128863e-01 2.034882421589369883e-01 2.034867187833920843e-01
1.750708537034478263e-01 1.750745196073263954e-01 1.750782193055838432e-01 1.750745201767175407e-01
1.748716654283607452e-01 1.748726584245026416e-01 1.748736543887826345e-01 1.748726587998110371e-01
2.032984717919238682e-01 2.032985330666245705e-01 2.032985881105163206e-01 2.032985331727566458e-01
2.118555208884486674e-01 2.118555094619714863e-01 2.118554965125479805e-01 2.118555094681290052e-01
2.042703981502299038e-01 2.042706063674257499e-01 2.042708184664428495e-01 2.042706064666192090e-01
1.851636408245831422e-01 1.851641775861951333e-01 1.851647179998284765e-01 1.851641779312538094e-01
1.849956108019271406e-01 1.849957719810200740e-01 1.849959346525112125e-01 1.849957725641863671e-01
1.661452102224820759e-01 1.661452291612030008e-01 1.661452485654410505e-01 1.661452293959063686e-01
1.884594718636438751e-02 1.884594849829095836e-02 1.884594987541995253e-02 1.884594851106258587e-02
