3.087698211145746118e-03 3.087698190481299402e-03 3.087698223404522577e-03 3.087698286541846939e-03 3.087698295968893322e-03
4.011066549791168084e-02 4.011066512366909947e-02 4.011066573463532153e-02 4.011066663057712839e-02 4.011066659320133149e-02
1.701708196655647987e-01 1.701708193459987584e-01 1.701708199095666729e-01 1.701708208179883719e-01 1.701708208564408353e-01
1.987471079765566195e-01 1.987471079578100319e-01 1.987471078168949468e-01 1.987471077692896659e-01 1.987471078467081820e-01
1.999999968013558560e-01 1.999999967583716565e-01 1.999999965858351714e-01 1.999999964303655897e-01 1.999999964544132980e-01
1.983525863771224418e-01 1.983525862746291502e-01 1.983525865525648524e-01 1.983525867815992549e-01 1.983525866396976534e-01
1.921393482853921142e-01 1.921393481696385130e-01 1.921393492033772465e-01 1.921393501050900066e-01 1.921393496418803692e-01
1.981882465801076132e-01 1.981882466506689477e-01 1.981882473095626929e-01 1.981882479514441575e-01 1.981882476782750868e-01
1.999119722768717688e-01 1.999119724281361310e-01 1.999119721426464436e-01 1.999119719862776923e-01 1.999119720872974959e-01
1.999999061861440774e-01 1.999999062694478857e-01 1.999999059480149777e-01 1.999999056870735703e-01 1.999999057994510943e-01
1.999117322266074914e-01 1.999117321932699087e-01 1.999117324153149577e-01 1.999117326106375214e-01 1.999117325086936514e-01
1.995348612616330841e-01 1.995348611962456942e-01 1.995348620396615591e-01 1.995348628303153793e-01 1.995348622361517166e-01
1.998922539248194907e-01 1.998922530921517227e-01 1.998922538720331321e-01 1.998922549227039325e-01 1.998922534304811427e-01
1.999943808844005522e-01 1.999943799753823859e-01 1.999943793253764757e-01 1.999943797822293645e-01 1.999943794290723331e-01
1.999983587505487215e-01 1.999983590587267046e-01 1.999983591486945433e-01 1.999983590288943458e-01 1.999983590815272994e-01
1.999944522610826447e-01 1.999944526267584399e-01 1.999944527756650769e-01 1.999944531529447844e-01 1.999944528282868172e-01
1.999723332526833486e-01 1.999723330640245655e-01 1.999723333678413428e-01 1.999723340329008781e-01 1.999723335942775737e-01
1.999932795816213860e-01 1.999932792068372656e-01 1.999932795167314037e-01 1.999932801319792286e-01 1.999932798338399098e-01
1.999932790123449822e-01 1.999932792940255222e-01 1.999932791439292812e-01 1.999932787141058543e-01 1.999932789342533379e-01
1.999723318741537248e-01 1.999723322023360117e-01 1.999723318209911671e-01 1.999723312937231878e-01 1.999723317285934943e-01
1.999944516737436895e-01 1.999944518404214167e-01 1.999944518886073719e-01 1.999944517840250846e-01 1.999944516963585439e-01
1.999983587197691204e-01 1.999983587426804321e-01 1.999983590228653074e-01 1.999983592301008972e-01 1.999983590698052593e-01
1.999943800766025293e-01 1.999943802380386160e-01 1.999943803361133865e-01 1.999943803738008785e-01 1.999943804447201767e-01
1.998922530898918914e-01 1.998922534280073438e-01 1.998922530026062128e-01 1.998922525057440780e-01 1.998922529542645765e-01
1.995348587899440085e-01 1.995348590752131779e-01 1.995348585522231377e-01 1.995348579817849966e-01 1.995348582947410188e-01
1.999117315452642041e-01 1.999117316393432264e-01 1.999117315550133500e-01 1.999117314211135144e-01 1.999117314072522134e-01
1.999999050813948132e-01 1.999999050574077786e-01 1.999999052034798219e-01 1.999999053703696850e-01 1.999999053635082291e-01
1.999119719363045000e-01 1.999119720299392944e-01 1.999119720674457090e-01 1.999119720894388108e-01 1.999119722310036262e-01
1.981882472312150589e-01 1.981882475564983315e-01 1.981882469337655772e-01 1.981882462598457129e-01 1.981882467699666583e-01
1.921393480460879266e-01 1.921393483790655443e-01 1.921393476284658230e-01 1.921393468422434303e-01 1.921393472445449835e-01
1.983525861649150512e-01 1.983525862650501737e-01 1.983525860995479229e-01 1.983525859027573390e-01 1.983525859320029172e-01
1.999999958400903166e-01 1.999999958329814476e-01 1.999999958959045865e-01 1.999999959686541151e-01 1.999999959656794113e-01
1.987471076912168122e-01 1.987471077296698863e-01 1.987471077171893419e-01 1.987471076548545101e-01 1.987471077727149815e-01
1.701708216760727810e-01 1.701708219452293391e-01 1.701708211104117074e-01 1.701708202129693370e-01 1.701708207435023434e-01
4.011067118198086145e-02 4.011067141957589538e-02 4.011067056010410303e-02 4.011066973812503489e-02 4.011067020733281863e-02
3.087699202050797273e-03 3.087699224261809382e-03 3.087699151381248855e-03 3.087699089101106874e-03 3.087699138572386811e-03
