2.303570759160065151e-01 2.303927749226630517e-01 2.302637344558863264e-01 2.300014207312501557e-01 2.298951467363479495e-01
3.228007134782693299e-01 3.231115994145283832e-01 3.222827338143205989e-01 3.212638219854049848e-01 3.208998225776111823e-01
2.866467345010373369e-01 2.872249502800323095e-01 2.856893275099891549e-01 2.842963479508235358e-01 2.834592360384982079e-01
3.056731007540390843e-01 3.084828405577845767e-01 3.064307901522096977e-01 3.025514916435020352e-01 3.010618268938058395e-01
2.465102555797915318e-01 2.494409324594611954e-01 2.472950311945243396e-01 2.427663153318365963e-01 2.418988286598042214e-01
2.253069268795857283e-01 2.252093858489564726e-01 2.217024517018557905e-01 2.192376533135914352e-01 2.212056926450621797e-01
2.534379665229686829e-01 2.505878940721484316e-01 2.343832330638525863e-01 2.271840572980490525e-01 2.380898685497376266e-01
3.170255906291056247e-01 3.132803918427288781e-01 2.918027769935090943e-01 2.816747060287780324e-01 2.950961955448920260e-01
2.444790030397029357e-01 2.416769193286238682e-01 2.332030337384471963e-01 2.280004049604081040e-01 2.327258160735146131e-01
2.131255111116912015e-01 2.116480812473945372e-01 2.099823913223821947e-01 2.089092597638863291e-01 2.099692175698558427e-01
2.059327252079476978e-01 2.055342740757044040e-01 2.049384139385199699e-01 2.046342520099735385e-01 2.049990977165324635e-01
2.125740536910109835e-01 2.123883812768929957e-01 2.122561343004835122e-01 2.121467636988822181e-01 2.122609751810542456e-01
2.403622720701092397e-01 2.403172404380500282e-01 2.403055193435982562e-01 2.401910072260104168e-01 2.402036437113704015e-01
2.831981211044036217e-01 2.824485723662766845e-01 2.827289887986459971e-01 2.834530544092578319e-01 2.836689442200895361e-01
2.434374473491702495e-01 2.424431096800294672e-01 2.427665203032814689e-01 2.438658716450975428e-01 2.441920757910905071e-01
2.134393019247597389e-01 2.131414410050406494e-01 2.132944472588968465e-01 2.137518539435475096e-01 2.138738611708156934e-01
2.028852532563524269e-01 2.029579129297336137e-01 2.032549429182446132e-01 2.034319691429637700e-01 2.032494085828037977e-01
2.005633492773553905e-01 1.995233050872235736e-01 2.005004040697432321e-01 2.005711763019678018e-01 1.996393560560564828e-01
2.108762049931854621e-01 1.997111864004820214e-01 1.991115679526548055e-01 1.991384656185566093e-01 1.997541175536526326e-01
1.999435765858146030e-01 1.989454877739680050e-01 1.999024499180906966e-01 1.999064401955374104e-01 1.989512956677138844e-01
1.995446283051612868e-01 1.997591895770609305e-01 2.000035948981898626e-01 2.000004372295220434e-01 1.997490859663590690e-01
1.999058917458561846e-01 1.999716302861100914e-01 1.999851224370897962e-01 1.999856200958926855e-01 1.999643837287524983e-01
1.998044764833227238e-01 1.998057434223621531e-01 1.997962072552309787e-01 1.997980570182202875e-01 1.998012316212996742e-01
1.993713746337989201e-01 1.993613105803458962e-01 1.993594311046579248e-01 1.993614065206910091e-01 1.993672741769815515e-01
1.997473965965582410e-01 1.997727515029922851e-01 1.997870103520493212e-01 1.997913826948605753e-01 1.997947580349386243e-01
1.995281873708722731e-01 1.995789208685333216e-01 1.995773543139177930e-01 1.995758769416660916e-01 1.995862906199016018e-01
1.957712568394020525e-01 1.958169070701980818e-01 1.958099400394524015e-01 1.958072136969569998e-01 1.958268003658358014e-01
1.648596144297011235e-01 1.648905150635172900e-01 1.649118560483576190e-01 1.649159377907349344e-01 1.649163032366405546e-01
8.147483622952966797e-02 8.141425060588099172e-02 8.150717249355717009e-02 8.163229151023775054e-02 8.162239093917099397e-02
1.647597562908835189e-01 1.646887243809790624e-01 1.647624280834349697e-01 1.648820753724487276e-01 1.648809464350038390e-01
1.956476595549948017e-01 1.956389806519696350e-01 1.956464335582194791e-01 1.956610267085500676e-01 1.956615019180431569e-01
1.995874943887233910e-01 1.995870471178578798e-01 1.995871226127300391e-01 1.995876639645092487e-01 1.995878713086666478e-01
2.000156721571200169e-01 2.000157415566378161e-01 2.000159014684059766e-01 2.000159993530153668e-01 2.000159538874575205e-01
1.999624284471040181e-01 1.999601721031938339e-01 1.999634876251958071e-01 1.999677771109362456e-01 1.999671782895691974e-01
1.712806437756672351e-01 1.712781239189043458e-01 1.712815303262709143e-01 1.712861232912857579e-01 1.712855863823056490e-01
2.793984921895751455e-02 2.793960999550513039e-02 2.793994398847478994e-02 2.794038536463813033e-02 2.794032888141903537e-02
