3.599149089080007080e-01 1.857922913079630700e-01 1.600693600045388632e-01 1.857922912334590559e-01
2.350139244259475402e-01 2.276848386606645513e-01 2.267717352302951184e-01 2.276848384586349361e-01
2.101512024407100887e-01 2.294368940872618667e-01 2.338178147856821709e-01 2.294368941105037751e-01
2.211916579260655713e-01 2.195165039304126375e-01 2.207003139700131622e-01 2.195165038461600326e-01
2.278922270833005082e-01 2.206378836351300943e-01 2.187343214258171409e-01 2.206378833531023320e-01
2.219865647132613917e-01 2.188106151557321077e-01 2.158930615612949522e-01 2.188106148236910187e-01
2.256876748019240042e-01 2.254176120145811035e-01 2.214418326987575569e-01 2.254176114690094324e-01
2.235955875628883593e-01 2.277367383323297967e-01 2.292366766442261450e-01 2.277367383589883887e-01
2.290183148586708295e-01 2.282749194248721025e-01 2.283994609748320470e-01 2.282749200408689949e-01
2.246894329545538749e-01 2.228471984631933134e-01 2.219458179291646793e-01 2.228471977061520226e-01
2.178370566403548814e-01 2.173232186928409360e-01 2.168874292132060011e-01 2.173232180883902243e-01
2.196284258283047464e-01 2.197055584999411115e-01 2.197014859602547387e-01 2.197055578610080384e-01
2.201565562250271113e-01 2.199769594300351738e-01 2.197238018007468541e-01 2.199769601920860962e-01
2.191478447619666925e-01 2.191461476558012877e-01 2.190960921132856787e-01 2.191461474651868191e-01
2.202264107702475993e-01 2.203909166419932564e-01 2.205541775500010071e-01 2.203909156554735571e-01
2.177665998250398749e-01 2.180048423353977693e-01 2.182778921086818147e-01 2.180048418061139581e-01
2.239918212821712939e-01 2.242384267200808745e-01 2.245957411287176075e-01 2.242384265661889475e-01
2.291369157009811308e-01 2.286815042222767880e-01 2.282803219340023837e-01 2.286815067724408124e-01
2.289388088539379418e-01 2.289867326793426638e-01 2.289858941476380361e-01 2.289867289731165878e-01
2.237790945068284520e-01 2.240195156649260610e-01 2.242333964306759131e-01 2.240195152698231107e-01
2.176047016311450921e-01 2.177278671288809808e-01 2.178588323009999494e-01 2.177278670342717437e-01
2.196175409848798443e-01 2.196759781489595054e-01 2.197504564087838230e-01 2.196759784990907904e-01
2.183671639732149006e-01 2.182994082200640784e-01 2.182359653730659155e-01 2.182994113048319640e-01
2.185527117993135149e-01 2.185629783551246152e-01 2.185665984256107974e-01 2.185629719763492740e-01
2.194258258098373826e-01 2.194551482807953757e-01 2.194824810047884545e-01 2.194551481895957723e-01
2.175926276186127273e-01 2.175808729109548478e-01 2.175699096724655612e-01 2.175808728296801386e-01
2.243805892463266449e-01 2.243478848709214435e-01 2.243125771201143204e-01 2.243478851450752265e-01
2.306699550636444884e-01 2.307292923797338302e-01 2.307860060574880856e-01 2.307292907490667566e-01
2.296255294720646323e-01 2.296203987635930810e-01 2.296160011072053697e-01 2.296203971952905931e-01
2.253664837575315993e-01 2.253354857056334704e-01 2.253055350680599200e-01 2.253354851386951407e-01
2.184033612390559320e-01 2.183801255688144483e-01 2.183568653387417402e-01 2.183801253356269789e-01
2.192451332741095216e-01 2.192275909958060487e-01 2.192090902211682735e-01 2.192275913383721908e-01
2.138765378389938243e-01 2.139048084668620231e-01 2.139324865189215774e-01 2.139047998156278219e-01
2.219535412676312269e-01 2.219452781577920808e-01 2.219372262050982869e-01 2.219452857187100836e-01
2.396657907576064395e-01 2.396561444102316696e-01 2.396465739218896496e-01 2.396561435261827799e-01
2.029600138503941942e-01 2.029577808046514331e-01 2.029555228834130920e-01 2.029577805358916687e-01
