9.210416253190943925e-01 1.694540438115867409e-01 3.078615148392645495e-01 1.694540432327872048e-01
1.788595951291028219e-01 2.741748422120537931e-01 2.767884653514764426e-01 2.741748426605906119e-01
2.312760145774081511e-01 2.506746329804210305e-01 2.074868489894336754e-01 2.506746532284907514e-01
2.115786390858851174e-01 2.060057191589270142e-01 1.985347634176276299e-01 2.060057072821052937e-01
2.163191868635347404e-01 2.105257791978149273e-01 2.110457910948551341e-01 2.105257605073232452e-01
2.150744048932209940e-01 2.156574587790912600e-01 2.176115020997439753e-01 2.156574291966058265e-01
2.180651602342890960e-01 2.183860900161670171e-01 2.202065284624558361e-01 2.183860612594691053e-01
2.208392617042886363e-01 2.188884186607001348e-01 2.177891652211076945e-01 2.188884112364603562e-01
2.171219247939574770e-01 2.176278216990734093e-01 2.174559494929070302e-01 2.176278156369472472e-01
2.190893970344761077e-01 2.199617015372810902e-01 2.204045012950192894e-01 2.199617008898022974e-01
2.170865022670955269e-01 2.174746891825367068e-01 2.179562560474496424e-01 2.174746884095595800e-01
2.195979207496453478e-01 2.197012663661632448e-01 2.201827925641105521e-01 2.197012665525651665e-01
2.179546849454112867e-01 2.174533236899290900e-01 2.171482576042133850e-01 2.174533236594017871e-01
2.184623437624061970e-01 2.185836573184727905e-01 2.185861938686071149e-01 2.185836538170010668e-01
2.186379477630328860e-01 2.188581648423348347e-01 2.190014666585487491e-01 2.188581646805355385e-01
2.161651688928516168e-01 2.162479078221642426e-01 2.163417609652964202e-01 2.162479064947677720e-01
2.153317374954215324e-01 2.153529730352329863e-01 2.154084767005586543e-01 2.153529711703730254e-01
2.096556402565276367e-01 2.096074522568770193e-01 2.095732348211639950e-01 2.096074580261404474e-01
2.097552777993358930e-01 2.097688207261143023e-01 2.097723990106543646e-01 2.097688116801298686e-01
2.152026152385974889e-01 2.152212479039477544e-01 2.152349290364715395e-01 2.152212485281568277e-01
2.160607869244957624e-01 2.160588616054466560e-01 2.160573330426218686e-01 2.160588610744140492e-01
2.181076917126222037e-01 2.180988995961739285e-01 2.180872846035265544e-01 2.180988985486243814e-01
2.171578741264481860e-01 2.171780102658565081e-01 2.171955796914206982e-01 2.171780132136178487e-01
2.160024488299512324e-01 2.160000775421480335e-01 2.159987220858987367e-01 2.160000718017484056e-01
2.191758183580028441e-01 2.191656351628556987e-01 2.191565603779287719e-01 2.191656339826708877e-01
2.174814311855564897e-01 2.174730510897876223e-01 2.174644802798677556e-01 2.174730503725913200e-01
2.205156662356661801e-01 2.205090533108110817e-01 2.205008390820628328e-01 2.205090547438589010e-01
2.192739666206363902e-01 2.192855795277571240e-01 2.192962011914162956e-01 2.192855749416245670e-01
2.203468411802550209e-01 2.203449621435216721e-01 2.203435874153676644e-01 2.203449625676511536e-01
2.195565087238325885e-01 2.195511785060764720e-01 2.195462334813554628e-01 2.195511790213885983e-01
2.159557387242267701e-01 2.159527845326950912e-01 2.159497826540408283e-01 2.159527859572627495e-01
2.117878053006215511e-01 2.117861953941748143e-01 2.117843439373989223e-01 2.117861989086231300e-01
2.004543523679329642e-01 2.004569472364810534e-01 2.004594068935289519e-01 2.004569351963995383e-01
2.067260430441918984e-01 2.067252219917589950e-01 2.067244624232165151e-01 2.067252347706488858e-01
2.338063446460436068e-01 2.338054771943131604e-01 2.338046253690973519e-01 2.338054808592125722e-01
2.024200918919745462e-01 2.024198989683173300e-01 2.024197008742260051e-01 2.024199010033084778e-01
