2.795061778150798038e-02 2.795061785813380759e-02 2.795061779071121230e-02 2.795061767265589678e-02 2.795061753134975291e-02
1.714457252237719109e-01 1.714457252436995538e-01 1.714457250787113363e-01 1.714457249796841054e-01 1.714457241785380115e-01
2.005916852121773786e-01 2.005916847108297485e-01 2.005916844266434351e-01 2.005916848258732788e-01 2.005916824215584482e-01
2.002266652451889228e-01 2.002266639571133600e-01 2.002266633950572361e-01 2.002266643177507410e-01 2.002266597914257873e-01
2.000000011405424216e-01 2.000000001310381637e-01 1.999999996665839108e-01 2.000000008002060237e-01 1.999999955862811207e-01
1.998321294774630941e-01 1.998321329394152079e-01 1.998321339155402498e-01 1.998321347853410368e-01 1.998321314919108971e-01
1.999548299121596540e-01 1.999548518312028733e-01 1.999548690296604481e-01 1.999548693387574183e-01 1.999548520919766648e-01
1.999983994184553193e-01 1.999984379697976322e-01 1.999985266498159608e-01 1.999985266704546460e-01 1.999984389158424025e-01
1.999999756690760411e-01 1.999998570695706024e-01 1.999999197105443438e-01 1.999999196758292241e-01 1.999998566292632562e-01
1.999998229652472370e-01 1.999998511912905175e-01 1.999999067142605724e-01 1.999999065394135467e-01 1.999998508282617160e-01
1.999960743253364481e-01 1.999989551329036663e-01 1.999997770637290950e-01 1.999997769630982303e-01 1.999989550372004987e-01
1.999709778378373493e-01 1.999878744224528604e-01 1.999993276836812828e-01 1.999993277031596184e-01 1.999878745203355068e-01
1.998929897899298092e-01 1.999302104896714394e-01 1.999928785671465092e-01 1.999928785203485826e-01 1.999302104515702783e-01
1.999430820945888865e-01 1.998748386887388429e-01 1.999416780338564847e-01 1.999416778159781583e-01 1.998748385020035490e-01
2.000355153178509371e-01 1.999293302926372917e-01 1.999913710894411223e-01 1.999913707324109391e-01 1.999293299224880471e-01
1.979908542205646715e-01 1.995581811542739004e-01 1.999991113440400536e-01 1.999991111632232754e-01 1.995581808919879296e-01
1.800324043144807262e-01 1.931008545165649459e-01 1.997031760509078158e-01 1.997031759922880678e-01 1.931008545878158678e-01
9.706384862222336429e-02 1.509787798243062140e-01 1.957712107194030937e-01 1.957712105251366852e-01 1.509787797077286331e-01
3.703076603087586703e-05 8.524411997900460669e-02 1.622550714985773745e-01 1.622550709638440058e-01 8.524411981726938425e-02
9.705494542645291822e-02 1.509637919117684524e-01 1.957455799035606459e-01 1.957455792434147912e-01 1.509637922181132907e-01
1.800309362873071528e-01 1.930981557761332623e-01 1.996984506120773051e-01 1.996984502648817550e-01 1.930981564940647266e-01
1.979912687642242652e-01 1.995582267266880760e-01 1.999993909640665479e-01 1.999993909488246846e-01 1.995582271427180088e-01
2.000326624643521956e-01 1.999245418938805363e-01 1.999873099444342273e-01 1.999873097965215452e-01 1.999245419085810549e-01
1.998482814733765767e-01 1.997705576364467162e-01 1.998295581051751924e-01 1.998295573389569368e-01 1.997705568760780870e-01
1.994482460136865198e-01 1.994768553404077105e-01 1.995289841007211740e-01 1.995289830500560080e-01 1.994768539788314143e-01
1.998865410828141453e-01 1.999021897703281703e-01 1.999116242878887506e-01 1.999116238086051656e-01 1.999021891367018244e-01
1.999963058863133136e-01 1.999991643621398529e-01 1.999999991536637323e-01 1.999999991192435156e-01 1.999991643594803692e-01
1.999135372624797347e-01 1.999113898934235245e-01 1.999115831329237314e-01 1.999115829989576987e-01 1.999113899373021197e-01
1.982009901551470554e-01 1.981908419667544052e-01 1.981826066802788722e-01 1.981826059704575038e-01 1.981908414283036768e-01
1.921575153713511730e-01 1.921488401647983291e-01 1.921384702001150691e-01 1.921384693122906995e-01 1.921488390422131098e-01
1.983558335975255660e-01 1.983546394047070172e-01 1.983527071224388538e-01 1.983527067666259192e-01 1.983546389217843708e-01
1.999999950354713896e-01 1.999999989992187477e-01 2.000000003927347170e-01 2.000000004291580813e-01 1.999999991385869869e-01
1.987484470211918763e-01 1.987463419844975876e-01 1.987463953376094328e-01 1.987463952612134876e-01 1.987463421929717422e-01
1.701771738111998444e-01 1.701673516109477313e-01 1.701590495653863555e-01 1.701590491326089305e-01 1.701673515684806737e-01
4.010066641104055585e-02 4.009266213335041518e-02 4.008336696102549057e-02 4.008336669788654938e-02 4.009266202098953763e-02
3.084807359502888136e-03 3.084092146590631644e-03 3.083285819466871809e-03 3.083285825980976169e-03 3.084092184286900060e-03
