1.774835005569908308e-01 1.775276913476158125e-01 1.774819537583534057e-01 1.774098909769483146e-01 1.774105929832691664e-01
2.331338913884038744e-01 2.333185838833658210e-01 2.331277821389300398e-01 2.328259759084898572e-01 2.328290573022706311e-01
2.443426511811993274e-01 2.449270952627291553e-01 2.443228460562890114e-01 2.433675485352891077e-01 2.433780409271208145e-01
2.886935944320235814e-01 2.907284321488723400e-01 2.886481677902058007e-01 2.853441559741880518e-01 2.853646844911059688e-01
2.425463368523241015e-01 2.446098279935738085e-01 2.424989177227304116e-01 2.391624399445820004e-01 2.391768136443862547e-01
2.124841950839358728e-01 2.131016282141093288e-01 2.124639478961452554e-01 2.114649339985044396e-01 2.114700341334622702e-01
2.032103593917159168e-01 2.034032932020699569e-01 2.032054059243617039e-01 2.028880006736569486e-01 2.028878332235377890e-01
2.012890626719154308e-01 2.013439766392404462e-01 2.012895904350220644e-01 2.011951490536869891e-01 2.011918727276571506e-01
2.033050829063966503e-01 2.033212534314166320e-01 2.032886960875541771e-01 2.032413341311413157e-01 2.032432670524990381e-01
2.124074209225557119e-01 2.124390708986071130e-01 2.123242088761958801e-01 2.122049629584221442e-01 2.122445252937691373e-01
2.413984596759791712e-01 2.415715831683429016e-01 2.410686337890849684e-01 2.405892323611775185e-01 2.407729713014647999e-01
2.846188181864616196e-01 2.848342890593545396e-01 2.840410533821910999e-01 2.833152597180823018e-01 2.836790994484451045e-01
2.422897962864735688e-01 2.423460893082299006e-01 2.418945213701266805e-01 2.414975550557753869e-01 2.417531898063735862e-01
2.127826038322429281e-01 2.127707932563560611e-01 2.127008873174401904e-01 2.126430770477741039e-01 2.126977207394758762e-01
2.031365157574193669e-01 2.031228402359129270e-01 2.031347171401162444e-01 2.031544166430244436e-01 2.031577025928349156e-01
2.006464613783949802e-01 2.006356306691956248e-01 2.006549754326184543e-01 2.006776796025394882e-01 2.006691551539155072e-01
2.002007055242484845e-01 2.001922770886580549e-01 2.002038968852957457e-01 2.002174743855585082e-01 2.002123943622244606e-01
2.000519434750034353e-01 2.000505839170917122e-01 2.000540249950590321e-01 2.000547363238370235e-01 2.000587778481255352e-01
1.999964952256577111e-01 1.999964924055939453e-01 1.999954365302047954e-01 1.999924975733815835e-01 1.999993965187021883e-01
1.999707125194184754e-01 1.999714486343923403e-01 1.999686490376722803e-01 1.999753401825893895e-01 1.999689220639311316e-01
1.999583715089084390e-01 1.999537263477661753e-01 1.999391059266553139e-01 1.999552996370324298e-01 1.999498308917365685e-01
1.997682301328267129e-01 1.996963356664981371e-01 1.995798288924922614e-01 1.995765804302234159e-01 1.997049602162229154e-01
1.990662234972524203e-01 1.990328084392621322e-01 1.985933891089699810e-01 1.982446806439807918e-01 1.987200707060559068e-01
1.996151435884248038e-01 1.996913313390017153e-01 1.993259837638122201e-01 1.988123209421761295e-01 1.994389091682354787e-01
1.992570510092697422e-01 1.993853472843416519e-01 1.993041016752412908e-01 1.994144524795681828e-01 1.993291092005557430e-01
1.961786316416548603e-01 1.957913866959030691e-01 1.951027050965968568e-01 1.958729489061384887e-01 1.960911745905199455e-01
1.720807579179747526e-01 1.662910982822141670e-01 1.591048359219811026e-01 1.609872898607544733e-01 1.691420263329518336e-01
1.013177038634211768e-01 9.521279144651091653e-02 7.625783707165695313e-02 7.047930828926642077e-02 8.777097409916206905e-02
1.737098352279647095e-01 1.727639541018571312e-01 1.583172490761466933e-01 1.488824976448713533e-01 1.612654961251224761e-01
1.964523611610468901e-01 1.964420411988939130e-01 1.943143052363760503e-01 1.922736913961808347e-01 1.948343076964195453e-01
1.994114309020924292e-01 1.994352248869473709e-01 1.993093862961592133e-01 1.992644416772588190e-01 1.993249744815156765e-01
1.997750411578738117e-01 1.996967121288152069e-01 1.996004010894162073e-01 1.996991538139347155e-01 1.997286462373331906e-01
1.993696339225078384e-01 1.992884822196937522e-01 1.989746798635953773e-01 1.987589105171183312e-01 1.991812683617693036e-01
2.004445509343760201e-01 2.004610760979644857e-01 2.001685820437548724e-01 1.996677596270426680e-01 2.002777256292505581e-01
1.713447637408207769e-01 1.713511473626832260e-01 1.712694538486620455e-01 1.710594279173515697e-01 1.713175432234548823e-01
2.792842020014652329e-02 2.792845406410207967e-02 2.792296321152522992e-02 2.790400030004843226e-02 2.792782962311595243e-02
