3.610896222905020103e-01 1.902153834131146970e-01 1.683643668128318449e-01 1.902153764058299168e-01
2.450434024912891140e-01 2.365936606597588421e-01 2.495152830818401501e-01 2.365935608738362061e-01
2.781492118495815236e-01 2.800878756218304066e-01 2.801721550684532769e-01 2.800876262703173025e-01
2.791869880009639204e-01 2.794246341932779543e-01 2.790619517831730567e-01 2.794243914501147175e-01
2.318517484293502740e-01 2.318940451224719701e-01 2.318949181093527545e-01 2.318938695885136847e-01
2.184436192194157411e-01 2.184936374257017699e-01 2.185184610454691256e-01 2.184936202463046706e-01
2.058947562428444511e-01 2.059150030342998261e-01 2.059255506437029926e-01 2.059148235276314631e-01
1.898811988675331852e-01 1.898832015960438269e-01 1.898800310120140888e-01 1.898824249911064965e-01
1.897551595543349179e-01 1.897522612275812093e-01 1.897484693400281475e-01 1.897521123597507020e-01
2.047141435345871396e-01 2.047129685556560441e-01 2.047122286345275100e-01 2.047133119805098767e-01
2.121159645805144600e-01 2.121158846499427708e-01 2.121151707455878332e-01 2.121154595227472406e-01
2.046272900691767371e-01 2.046273939531503550e-01 2.046271491934945896e-01 2.046278277290858316e-01
1.893774929224868175e-01 1.893774867015763363e-01 1.893775065921762535e-01 1.893773641776357597e-01
1.893449364911730659e-01 1.893452572949521906e-01 1.893451440332136193e-01 1.893448778360342366e-01
2.046036049784834276e-01 2.046038435765482333e-01 2.046038135343125064e-01 2.046039377989282149e-01
2.121333669598839955e-01 2.121335348736622939e-01 2.121334700940769313e-01 2.121333307740070062e-01
2.046650618820886336e-01 2.046648902538965586e-01 2.046648755661586716e-01 2.046648710219564349e-01
1.893152356402241498e-01 1.893147158529612517e-01 1.893145670742233944e-01 1.893139102857881451e-01
1.892352982692813990e-01 1.892353743204772121e-01 1.892344132364509324e-01 1.892351164500356842e-01
2.045970522425063498e-01 2.045965786988206414e-01 2.045966805979002601e-01 2.045969338806817306e-01
2.121581388360840592e-01 2.121582025591768339e-01 2.121581972958905549e-01 2.121583531164362990e-01
2.046068289920921490e-01 2.046070589875565726e-01 2.046069658872372021e-01 2.046070975567648165e-01
1.891976198319333391e-01 1.891982223465126234e-01 1.891980505592650574e-01 1.891982030932263248e-01
1.892623629372938709e-01 1.892624129574079217e-01 1.892623470041674139e-01 1.892624413021483376e-01
2.046636907883351286e-01 2.046637913933239128e-01 2.046637451096253446e-01 2.046637780794072770e-01
2.121501004936685586e-01 2.121501474153953404e-01 2.121501632987119468e-01 2.121501978788301324e-01
2.046031078787320934e-01 2.046030964635148497e-01 2.046030211197351623e-01 2.046031348949500783e-01
1.893197694704902567e-01 1.893197821102756973e-01 1.893197347670390607e-01 1.893197733548585282e-01
1.893706344128018582e-01 1.893706446081683537e-01 1.893706312263259139e-01 1.893706241722014627e-01
2.046544511595680960e-01 2.046544588829818656e-01 2.046544482133640097e-01 2.046544521977414488e-01
2.121209275599616473e-01 2.121209323440615135e-01 2.121209294483739904e-01 2.121209238560457788e-01
2.045971813022748054e-01 2.045971796582962965e-01 2.045971816534693233e-01 2.045971804824491258e-01
1.898370469755140399e-01 1.898370466311381788e-01 1.898370466070833373e-01 1.898370468072462236e-01
1.935736891927582470e-01 1.935736891153848060e-01 1.935736892264411924e-01 1.935736891937774040e-01
2.289514739684419542e-01 2.289514739663048581e-01 2.289514740022006445e-01 2.289514739525266018e-01
2.019812756241345375e-01 2.019812756258602404e-01 2.019812756273944021e-01 2.019812756158135547e-01
