1.970115458177038870e-01 1.940121937787514239e-01 1.953865114201226993e-01 1.953831421605890795e-01 1.939954499788324738e-01
2.302081034335822785e-01 2.266547108230935470e-01 2.291110988657309722e-01 2.290627579564474270e-01 2.266079421231251001e-01
2.125415746472538447e-01 2.123485287877354133e-01 2.128260915406468834e-01 2.127389513149414157e-01 2.123315237020173551e-01
2.147304504864111230e-01 2.231657872566232548e-01 2.197965144551158045e-01 2.197863838235254996e-01 2.231813377789543529e-01
2.036419777838757716e-01 2.036337715658060599e-01 2.037912213634087699e-01 2.040514244158282975e-01 2.033429899245281225e-01
2.272752829959480414e-01 2.176830140119162538e-01 2.237930659694245539e-01 2.237390094055374534e-01 2.175423272596286595e-01
2.120466562567583924e-01 2.059519720123711983e-01 2.120440220231668282e-01 2.115741903339251329e-01 2.058829893028317759e-01
2.151011909783806242e-01 2.164419206596853162e-01 2.173622183810559327e-01 2.169107365690721156e-01 2.166121188583262913e-01
2.068142060797485138e-01 2.233579528464090247e-01 2.176462517949761255e-01 2.176371549091405677e-01 2.233895134057073129e-01
2.128660602598562157e-01 2.123440479721525609e-01 2.130731463675668569e-01 2.139373497707358629e-01 2.113773135963809835e-01
2.312102736516260804e-01 2.172796793994415943e-01 2.269760230603572182e-01 2.268433706000038685e-01 2.170051252540322051e-01
2.147576460119090813e-01 2.103795789241429959e-01 2.161675545709426105e-01 2.151271218298466958e-01 2.103599910493268998e-01
2.227609233440345504e-01 2.262085407727035813e-01 2.270285629778696634e-01 2.261711621776295034e-01 2.266605208645265934e-01
2.101063753049086102e-01 2.213465266390569897e-01 2.184132771897828729e-01 2.184125144690776676e-01 2.213668628348244016e-01
2.339170912536220615e-01 2.216526263031022292e-01 2.231686933886466717e-01 2.245725514340799478e-01 2.200795988292739425e-01
2.418232990434536211e-01 2.344358774210724972e-01 2.293851565444489649e-01 2.291978584227972182e-01 2.341080774308799128e-01
2.207206396856641606e-01 2.607248221053867221e-01 2.264150765803633336e-01 2.250364298738975477e-01 2.607927494112547984e-01
2.308095078467345962e-01 2.425357197553295596e-01 2.425533877358803381e-01 2.415212738555280458e-01 2.431758212826181098e-01
5.788184336551940312e-01 2.091545686694008255e-01 2.728235464279196720e-01 2.728324731255760138e-01 2.091436720966693974e-01
2.288784227925586279e-01 2.358497260276506136e-01 2.386488395620615932e-01 2.401627025494880163e-01 2.341480043465153094e-01
2.353039273103893214e-01 2.656472550005540278e-01 2.384070629058226420e-01 2.382257168488707000e-01 2.653565370470001850e-01
2.193503433197381003e-01 2.289082639696132793e-01 2.134486703140639485e-01 2.121761890804138295e-01 2.289945816022035951e-01
2.384337727213294011e-01 2.313490958040042844e-01 2.324277967099653563e-01 2.315301921563007181e-01 2.319331411321695069e-01
2.093150306456709464e-01 2.128454701689870832e-01 2.155313161964475532e-01 2.155449525864854554e-01 2.128058774177449264e-01
2.200776352318576656e-01 2.215231401172032821e-01 2.245457149266854580e-01 2.256248904888328854e-01 2.202348726871677376e-01
2.263323797451306241e-01 2.208908094235309816e-01 2.282633049920416712e-01 2.281313157182248419e-01 2.206847428145237155e-01
2.057637864206000033e-01 2.063991509564349902e-01 2.072445800458252441e-01 2.064651881926762023e-01 2.064515463883595525e-01
2.234434078132814527e-01 2.261787457939350154e-01 2.275063804667441791e-01 2.270016911021747741e-01 2.265294660743860655e-01
2.024150009457162114e-01 2.088406548276610375e-01 2.105181387802778359e-01 2.105274244543044737e-01 2.087944793553345724e-01
2.125341730599342449e-01 2.135119814662428950e-01 2.160560259529252236e-01 2.164905860557640171e-01 2.129272170745752368e-01
2.228491095281512901e-01 2.201180266037956745e-01 2.247063762542337861e-01 2.246507848941603214e-01 2.200353957175047448e-01
2.015607624833629374e-01 2.016525370734150446e-01 2.020531562947089077e-01 2.018203220043625623e-01 2.016680785619291705e-01
2.206048608056400129e-01 2.220760402317805693e-01 2.229200391749398269e-01 2.227992763884301952e-01 2.221744280361800106e-01
2.083998150547475559e-01 2.103116514596656272e-01 2.117383598058773519e-01 2.117375513706170331e-01 2.102864689956463751e-01
2.286708216202448796e-01 2.288953857219092336e-01 2.298404025526030736e-01 2.298521193575215338e-01 2.288312776369173795e-01
1.954997333588915642e-01 1.950437803053375885e-01 1.956555488581410707e-01 1.956512219241948458e-01 1.950390680105593411e-01
