2.795061728038858093e-02 2.795061728382553304e-02 2.795061728966897335e-02 2.795061729082740087e-02 2.795061729380229551e-02
1.714457219388221820e-01 1.714457219489329554e-01 1.714457219372356733e-01 1.714457219223865792e-01 1.714457219273816113e-01
2.005916808863186795e-01 2.005916808755635883e-01 2.005916808490021408e-01 2.005916808317792788e-01 2.005916808129256101e-01
2.002266611231101334e-01 2.002266610875384767e-01 2.002266610673898994e-01 2.002266610567735028e-01 2.002266610181332174e-01
2.000000001194466581e-01 2.000000000341586037e-01 2.000000000103221154e-01 1.999999999989457433e-01 1.999999999711456478e-01
1.998321368690602617e-01 1.998321365619654122e-01 1.998321364731713012e-01 1.998321364828079261e-01 1.998321365688028595e-01
1.999548748557499755e-01 1.999548740207345299e-01 1.999548729450749962e-01 1.999548729497351851e-01 1.999548740374753331e-01
1.999985453135194879e-01 1.999985463801800811e-01 1.999985423981923416e-01 1.999985423908477722e-01 1.999985463626053339e-01
2.000000373414000110e-01 2.000000445978876717e-01 2.000000441949212060e-01 2.000000441924636163e-01 2.000000445905889546e-01
2.000000607366670957e-01 2.000000045648700209e-01 2.000000005994284624e-01 2.000000006001093622e-01 2.000000045732092391e-01
2.000002896114262407e-01 1.999999138392860309e-01 1.999997930709324079e-01 1.999997930878991692e-01 1.999999138827605882e-01
2.000024828121294840e-01 2.000014310594555034e-01 2.000000367940226731e-01 2.000000368101949866e-01 2.000014311033054548e-01
2.000038209169822945e-01 2.000058234238353272e-01 2.000008008297081419e-01 2.000008008274244964e-01 2.000058234391099699e-01
1.999943920467373570e-01 2.000054653450105135e-01 2.000056229934792373e-01 2.000056229872575475e-01 2.000054653556665729e-01
2.000951633967385235e-01 2.000058262805606835e-01 2.000008036889619478e-01 2.000008036837953584e-01 2.000058262901002193e-01
2.008009848429635480e-01 2.001787789014149721e-01 2.000000983443086799e-01 2.000000983408611321e-01 2.001787789183022415e-01
2.038810148844127923e-01 2.023622787559374026e-01 2.001483608089803523e-01 2.001483608072025522e-01 2.023622787705389447e-01
1.988474742989011779e-01 2.087897970255569724e-01 2.012905510886771054e-01 2.012905510843387424e-01 2.087897970294274319e-01
1.211155069082297114e-01 2.014702349222274314e-01 2.087541577676176319e-01 2.087541577638413193e-01 2.014702349345658949e-01
1.988474742023175479e-01 2.087897969413506638e-01 2.012905510151330457e-01 2.012905510113464080e-01 2.087897969538960175e-01
2.038810146855349614e-01 2.023622785623610809e-01 2.001483606307752905e-01 2.001483606257967174e-01 2.023622785748641073e-01
2.008009850654397799e-01 2.001787791216654289e-01 2.000000985700027545e-01 2.000000985647192031e-01 2.001787791406754724e-01
2.000951633145075514e-01 2.000058262003997223e-01 2.000008036088757046e-01 2.000008036013015134e-01 2.000058262152400457e-01
1.999943892385942223e-01 2.000054625446107404e-01 2.000056201876428963e-01 2.000056201847963677e-01 2.000054625593609137e-01
2.000037619556626622e-01 2.000057644777247512e-01 2.000007418819017002e-01 2.000007418796936054e-01 2.000057644833707626e-01
2.000023375298514150e-01 2.000012857813839584e-01 1.999998915062699001e-01 1.999998915040182290e-01 2.000012857866760307e-01
2.000004966345090007e-01 2.000001208700359079e-01 2.000000000793420718e-01 2.000000000787943155e-01 2.000001208795900709e-01
2.000001005979006596e-01 2.000000444461449145e-01 2.000000404697886147e-01 2.000000404685947364e-01 2.000000444528458043e-01
1.999985393664663047e-01 1.999985466523100663e-01 1.999985462416251358e-01 1.999985462437586237e-01 1.999985466594551564e-01
1.999548764150032854e-01 1.999548775133631051e-01 1.999548735339953254e-01 1.999548735334881755e-01 1.999548775107982124e-01
1.998321384359032227e-01 1.998321376154245932e-01 1.998321365331641175e-01 1.998321365315924303e-01 1.998321376135757388e-01
2.000000003848625696e-01 2.000000001055029231e-01 2.000000000099378950e-01 2.000000000114111331e-01 2.000000001158503682e-01
2.002266610698534288e-01 2.002266610364997756e-01 2.002266610315107664e-01 2.002266610334912100e-01 2.002266610461395091e-01
2.005916807678119196e-01 2.005916807865954499e-01 2.005916807819478898e-01 2.005916807858999229e-01 2.005916807945734848e-01
1.714457218717919673e-01 1.714457218982561315e-01 1.714457218957734230e-01 1.714457218958238272e-01 1.714457218971033037e-01
2.795061740131789263e-02 2.795061741480596787e-02 2.795061741867038013e-02 2.795061741648980844e-02 2.795061741062449326e-02
