2.018583815557125904e-01 1.987573672521531221e-01 2.001843501583948914e-01 2.001748364642862987e-01 1.987279719587815019e-01
2.317585893450730961e-01 2.281123426014829703e-01 2.306142255777473282e-01 2.304812579472830247e-01 2.279937214492379904e-01
2.141752987501234218e-01 2.139652431684032352e-01 2.144559824132839243e-01 2.142368544043728729e-01 2.138966983230403962e-01
2.186207010996593370e-01 2.272501615096057803e-01 2.237714655005414166e-01 2.237504357933552956e-01 2.272206596469782125e-01
2.037920058470414630e-01 2.043318544090329536e-01 2.038550774482942307e-01 2.044600919668456696e-01 2.036180013733315253e-01
2.314638545008711745e-01 2.216887195424777635e-01 2.278948057211639400e-01 2.277439491402024341e-01 2.213405724927412777e-01
2.135624057049610169e-01 2.069553032890860955e-01 2.134497129079020450e-01 2.122726367850128748e-01 2.067266256261653390e-01
2.169479250626754618e-01 2.179167015832175480e-01 2.192810791035053608e-01 2.182173143108684654e-01 2.182479239446119823e-01
2.087279245588178067e-01 2.250917925913174245e-01 2.194372005700318540e-01 2.194330671800102106e-01 2.250503307767572625e-01
2.130810560055807767e-01 2.144028132562037781e-01 2.130506421797611072e-01 2.150211932273108362e-01 2.121171347598229950e-01
2.331318888826107161e-01 2.196240809313788622e-01 2.291006002670564756e-01 2.287536312600177979e-01 2.189795192349019148e-01
2.156984988125144331e-01 2.104668756702416377e-01 2.168707100872038218e-01 2.143571243681789695e-01 2.103519020425763109e-01
2.243325049069141153e-01 2.268158593758118624e-01 2.286379163478541310e-01 2.266879314426070990e-01 2.277907155721312638e-01
2.104979664129632000e-01 2.200447961149192277e-01 2.178365618697489237e-01 2.178591445485214273e-01 2.199392718154584148e-01
2.335784526043030718e-01 2.243064191638945160e-01 2.225099780663309101e-01 2.256167869173427987e-01 2.206737100358981962e-01
2.407370162465994334e-01 2.351267649111722369e-01 2.290389995911688570e-01 2.285854399476601739e-01 2.343945576717753332e-01
2.206159914192252214e-01 2.599082194783983724e-01 2.258035607319422988e-01 2.226144574283916711e-01 2.599936006168274694e-01
2.314051032028913157e-01 2.416225896306999910e-01 2.429210075623095266e-01 2.406722747143388852e-01 2.429656670994062295e-01
5.793503538705920830e-01 2.054403806326276227e-01 2.708969224055658431e-01 2.709136882822785197e-01 2.052320524122198675e-01
2.267862316103061993e-01 2.374414372182901412e-01 2.367377694420075840e-01 2.399165435833222615e-01 2.336811889579805124e-01
2.315372403625962361e-01 2.650593287661805464e-01 2.360932405178314264e-01 2.356945056478048361e-01 2.644688594443321272e-01
2.182439892026744044e-01 2.268916934658240514e-01 2.115457107601804720e-01 2.087804234731318320e-01 2.270974855978630524e-01
2.377305227057346926e-01 2.291820169688366660e-01 2.314216533840472712e-01 2.295885637177662864e-01 2.304355343830237213e-01
2.090353703123442319e-01 2.089616006995031472e-01 2.133240065003738362e-01 2.133979681315678889e-01 2.087810755501114668e-01
2.173576059638632207e-01 2.216169972480669104e-01 2.221217731394325434e-01 2.243105681241883420e-01 2.189351281132575766e-01
2.229811673510528058e-01 2.199583717507069547e-01 2.258731981732191862e-01 2.256269583051144778e-01 2.195962787412454598e-01
2.048643017388059040e-01 2.050047222980908856e-01 2.057381302739330342e-01 2.041412660947138358e-01 2.051439413426924818e-01
2.225586840336141181e-01 2.244446560956157855e-01 2.263918453396528419e-01 2.253839918296493272e-01 2.251784709375758975e-01
2.022486160163305957e-01 2.067930552796339583e-01 2.093190350928425814e-01 2.093525608042292596e-01 2.066536155154407028e-01
2.109029745508362308e-01 2.130992321412246981e-01 2.145559071223575864e-01 2.154187222047082018e-01 2.119177833845885539e-01
2.212181462601972570e-01 2.193434494782283695e-01 2.233327464669952189e-01 2.232444395964182371e-01 2.191978158318806380e-01
2.012669723684726020e-01 2.012185863793326257e-01 2.015657180115629221e-01 2.011034320219420857e-01 2.012586645320678103e-01
2.199957316247661832e-01 2.212746421898177107e-01 2.222707748705269881e-01 2.220190908864491663e-01 2.214758445827013644e-01
2.081929346649606383e-01 2.098593942472251339e-01 2.113924849658332661e-01 2.113913717631598355e-01 2.097977411600299436e-01
2.282758066871729830e-01 2.286095784923421748e-01 2.294504825462926056e-01 2.294818575289000462e-01 2.284778172565727627e-01
1.949314993048573141e-01 1.944979910531199618e-01 1.950785885263950636e-01 1.950772508382708492e-01 1.944878710615814965e-01
