1.744449648345217097e-01 1.744449591193067695e-01 1.744448953774824784e-01 1.744448687380914520e-01 1.744448986025360360e-01
2.213501308577099369e-01 2.213501193443821458e-01 2.213499621667773254e-01 2.213499777294170578e-01 2.213499639321869494e-01
2.037683590989005367e-01 2.037683507619035550e-01 2.037680051720176244e-01 2.037680614316487171e-01 2.037680038569803787e-01
2.004066934967735081e-01 2.004066882194716903e-01 2.004062785283659276e-01 2.004063140124361653e-01 2.004062770763848089e-01
1.999998530373643391e-01 1.999998473672407184e-01 1.999997890009106438e-01 1.999998190895466155e-01 1.999997781570202193e-01
2.000119777832340129e-01 2.000119617780207748e-01 2.000119488498214582e-01 2.000119201577064132e-01 2.000119225356006003e-01
2.000160992627866841e-01 2.000160743868507618e-01 2.000161328069869626e-01 2.000161032584545084e-01 2.000160937890442248e-01
2.000024471490051969e-01 2.000024291386664488e-01 2.000024314182160257e-01 2.000024075368640464e-01 2.000024041003991560e-01
2.000002621952985116e-01 2.000002471577939367e-01 2.000002479981610737e-01 2.000002275582142552e-01 2.000002213760542213e-01
1.999999707958675099e-01 1.999999540233308171e-01 1.999999536213974138e-01 1.999999313988726490e-01 1.999999276373002066e-01
2.000000186794241019e-01 2.000000013371052432e-01 2.000000029741568763e-01 1.999999810200618622e-01 1.999999767019366992e-01
2.000000218559680742e-01 2.000000049806900104e-01 2.000000086971112645e-01 1.999999841011890211e-01 1.999999806178186235e-01
1.999999788253606081e-01 1.999999639701270093e-01 1.999999669590753482e-01 1.999999466751073984e-01 1.999999427569702504e-01
1.999996378041350165e-01 1.999996241353541870e-01 1.999996185727576092e-01 1.999996212287268871e-01 1.999996079010933070e-01
1.999984766586387075e-01 1.999984511845053214e-01 1.999984317514986731e-01 1.999984885049790884e-01 1.999984653431557124e-01
1.999997016088155000e-01 1.999996934069548649e-01 1.999996975090563289e-01 1.999996994944880646e-01 1.999996891686740275e-01
1.999999979428812580e-01 2.000000008549225605e-01 2.000000013404586163e-01 1.999999989524516852e-01 1.999999893764174697e-01
1.999996843565925997e-01 1.999996892252791370e-01 1.999996845952301816e-01 1.999996897388214290e-01 1.999996830373615142e-01
1.999936272468130771e-01 1.999936295643520434e-01 1.999936265962536097e-01 1.999936264485357718e-01 1.999936196103308250e-01
1.999725143213461065e-01 1.999725157256506403e-01 1.999724994523081889e-01 1.999724908610130136e-01 1.999724937956601778e-01
1.999947835296388976e-01 1.999947842332454317e-01 1.999947825042776017e-01 1.999947708719460593e-01 1.999947804700692167e-01
1.999999695074775596e-01 1.999999693475386642e-01 1.999999854391668608e-01 1.999999771969576401e-01 1.999999894902452779e-01
1.999947320491587410e-01 1.999947332435392799e-01 1.999947576738240196e-01 1.999947498282804437e-01 1.999947620575588114e-01
1.998922927799737237e-01 1.998922983821461719e-01 1.998923222938932542e-01 1.998923097220044187e-01 1.998923221194552347e-01
1.995350400583459916e-01 1.995350446083710427e-01 1.995350702867742243e-01 1.995350500607765976e-01 1.995350672163985206e-01
1.999117955235842625e-01 1.999117973571760132e-01 1.999118159958098440e-01 1.999118012853105808e-01 1.999118151846699110e-01
2.000000102033822613e-01 2.000000129583296982e-01 2.000000234144100886e-01 2.000000194656295638e-01 2.000000258672272879e-01
1.999120019953359306e-01 1.999120078564145253e-01 1.999120071547530464e-01 1.999120070732378074e-01 1.999120100267598732e-01
1.981882744769258575e-01 1.981882832612343603e-01 1.981882759491909174e-01 1.981882745662613965e-01 1.981882748772258174e-01
1.921394742109275577e-01 1.921394846310424953e-01 1.921394742774902020e-01 1.921394666550317876e-01 1.921394684551347709e-01
1.983526183325155789e-01 1.983526235493796586e-01 1.983526176796639173e-01 1.983526119474820493e-01 1.983526143881936821e-01
2.000000019064888390e-01 2.000000040056966744e-01 2.000000046679197008e-01 2.000000049400185165e-01 2.000000059509882133e-01
1.987471007187069094e-01 1.987471035097134187e-01 1.987471031703620383e-01 1.987471044867407943e-01 1.987471051397635691e-01
1.701706625470918721e-01 1.701706681064155124e-01 1.701706674412199749e-01 1.701706684567573236e-01 1.701706655032426407e-01
4.011000184183289435e-02 4.011000557021218715e-02 4.011000687875134613e-02 4.011000746187003141e-02 4.011000429871548062e-02
3.087572346403907528e-03 3.087572545387835387e-03 3.087573274035014005e-03 3.087573959806369506e-03 3.087573489986781758e-03
