1.883023386379797243e-02 1.883045888234975360e-02 1.883054201474040901e-02 1.883045347510216988e-02
1.658838418226065148e-01 1.658852818755999214e-01 1.658864837257746916e-01 1.658854609941408376e-01
1.828019647775425138e-01 1.828043677715717463e-01 1.828071149321137401e-01 1.828053009361225445e-01
1.831338484279153300e-01 1.831345572555567736e-01 1.831345771880881212e-01 1.831336334028320634e-01
2.040290943544163516e-01 2.040289530227353265e-01 2.040289584317728777e-01 2.040284460825902146e-01
2.111887743120717253e-01 2.111887258114805432e-01 2.111884873055284717e-01 2.111886688931918776e-01
1.930292520203269468e-01 1.930319999455595015e-01 1.930343715095225454e-01 1.930317021504988351e-01
8.603048953441611024e-02 8.603734214222469312e-02 8.604474120733214548e-02 8.603822787437648278e-02
8.588477046154710526e-02 8.588831540831126654e-02 8.589911742050193588e-02 8.589607356251874326e-02
1.929857628622716204e-01 1.929867263498236674e-01 1.929913032367862047e-01 1.929908349540457591e-01
2.112164737132810888e-01 2.112161146985628568e-01 2.112150119181156194e-01 2.112157013635834746e-01
2.018762651375058670e-01 2.018688458625005067e-01 2.018545531880476807e-01 2.018612185699246997e-01
1.620838756691498350e-01 1.620687097654112951e-01 1.620322005621266659e-01 1.620470923023690779e-01
1.624365305679436877e-01 1.624342638042272358e-01 1.624116807559112807e-01 1.624159003599655593e-01
2.021726452532756346e-01 2.021714482690314674e-01 2.021691807049889877e-01 2.021684951780123030e-01
2.117950541867454628e-01 2.117940974811532706e-01 2.117946714747626358e-01 2.117966930904288947e-01
1.981936907973572970e-01 1.981943507840963070e-01 1.981932508237344570e-01 1.981891712339673151e-01
1.223827507003409504e-01 1.223856941525475750e-01 1.223775175179522973e-01 1.223717429885579078e-01
1.223575512997240461e-01 1.223622100295903847e-01 1.223370815033184705e-01 1.223307757013065572e-01
1.981764063811858323e-01 1.981743529936111359e-01 1.981614647864333445e-01 1.981655778495155507e-01
2.118002056180867121e-01 2.117975884479453563e-01 2.117972000731173920e-01 2.118019108528769179e-01
2.025218029019456856e-01 2.025261819598692670e-01 2.025300046525182751e-01 2.025325506694945210e-01
1.660454015543663953e-01 1.660444313101238079e-01 1.660482589610184634e-01 1.660539076429342065e-01
1.657142920355606230e-01 1.657191069066051015e-01 1.657242193774969286e-01 1.657233285091521402e-01
2.022501726946197564e-01 2.022493041693728955e-01 2.022523830944411016e-01 2.022506020344946309e-01
2.112273120474197630e-01 2.112269231691170923e-01 2.112269181684395258e-01 2.112242289197237832e-01
1.928453283288362741e-01 1.928450459603610889e-01 1.928443670120233988e-01 1.928427750483751590e-01
8.509322244683363567e-02 8.509465326970695742e-02 8.508794107876037349e-02 8.508624611786852476e-02
8.521139382499225146e-02 8.521153557439745119e-02 8.520851779506434520e-02 8.520839497545872054e-02
1.928700568437850815e-01 1.928699809654067232e-01 1.928692766553317672e-01 1.928694249030111774e-01
2.111698772835815530e-01 2.111698767828677770e-01 2.111699299634176852e-01 2.111700110894921267e-01
2.041134233631530237e-01 2.041131561242206793e-01 2.041135412805301363e-01 2.041131007750476012e-01
1.840911744766415559e-01 1.840908649531949881e-01 1.840905751959316661e-01 1.840901133574728010e-01
1.837797338991305485e-01 1.837796696789723572e-01 1.837789761925315846e-01 1.837788471667644585e-01
1.659849645926381456e-01 1.659849477933505735e-01 1.659846653094545210e-01 1.659846341485523014e-01
1.883550008545911356e-02 1.883549578607395664e-02 1.883547847161648123e-02 1.883547203981005697e-02
