1.808159854325843419e-01 1.791364619504514644e-01 1.801738359886062568e-01 1.801737959211477946e-01 1.791364987893756533e-01
2.233152757521812692e-01 2.227948741217504747e-01 2.231164736200787202e-01 2.231164518204831193e-01 2.227949052783828321e-01
2.047422765494902874e-01 2.060869735761002297e-01 2.052562499517609218e-01 2.052562873807756150e-01 2.060870012048390265e-01
2.044190271751312460e-01 2.066685890583388197e-01 2.052787522352981509e-01 2.052788384841804925e-01 2.066685353048617058e-01
2.002343590323186762e-01 2.002098451463523998e-01 2.002234069779211256e-01 2.002234162987789334e-01 2.002098313585168321e-01
2.109195414922271083e-01 2.024144064193143522e-01 2.076675897326913378e-01 2.076674266931611001e-01 2.024145394838220702e-01
2.018425878642226279e-01 2.013553274945371618e-01 2.016579476687435368e-01 2.016579134679115093e-01 2.013553920463555802e-01
2.000090035370981623e-01 2.049183313404830675e-01 2.018845268608641108e-01 2.018845999266751512e-01 2.049183863936624994e-01
2.019306695462910195e-01 2.075613965728298482e-01 2.040790036458608459e-01 2.040791823013652917e-01 2.075612656564749525e-01
2.008986060864460799e-01 2.008012478874380002e-01 2.008530058785742145e-01 2.008530437503802391e-01 2.008012128619037495e-01
2.154467991232578705e-01 2.015436087790506703e-01 2.101161738496415687e-01 2.101159415595685864e-01 2.015437685889826525e-01
2.015795611055012648e-01 2.011687965901147179e-01 2.013834280301473045e-01 2.013833948519538897e-01 2.011688893742376305e-01
2.006964063206196913e-01 2.082268309330766731e-01 2.035501384580475082e-01 2.035502044610177919e-01 2.082269354391585725e-01
2.007176479226408516e-01 2.083872378907240253e-01 2.036201581914856007e-01 2.036203729850186439e-01 2.083870694936296175e-01
2.042132345397975612e-01 2.017636839780209690e-01 2.017949505701313595e-01 2.017950213941435145e-01 2.017636338239232330e-01
2.268904976341566404e-01 2.058072318734236739e-01 2.126665704764288678e-01 2.126663245873551544e-01 2.058073631814214266e-01
2.163495563794990140e-01 2.252611641405107001e-01 2.038126901408541802e-01 2.038126637592291845e-01 2.252612590229863820e-01
1.656027024387641822e-01 2.397073603940989006e-01 2.160969843602942586e-01 2.160970240978341006e-01 2.397075018309725858e-01
8.971201810058406778e-01 1.804639224867166380e-01 2.552765567289665416e-01 2.552767484492237116e-01 1.804637492610341454e-01
1.656591875056662999e-01 2.309822962700245896e-01 2.127863697385109776e-01 2.127864558939539519e-01 2.309822475264400043e-01
2.364883507241968552e-01 2.288581377761372548e-01 2.176148055556821059e-01 2.176145874204847286e-01 2.288582303692418829e-01
2.084923166681438567e-01 2.040733839014715889e-01 2.006506298142483879e-01 2.006506238657146113e-01 2.040734478308153799e-01
2.085746813074721984e-01 2.141452563520285790e-01 2.092254607678130929e-01 2.092254941552283976e-01 2.141453595127347509e-01
2.007148889781778245e-01 2.079821616935521034e-01 2.034551462252101317e-01 2.034552975372885542e-01 2.079820121723792437e-01
2.039763918535724418e-01 2.036571623514067952e-01 2.038181106799663023e-01 2.038181975780734012e-01 2.036571181055902291e-01
2.215819842245096982e-01 2.076982228363110639e-01 2.162241795531196220e-01 2.162239905013551566e-01 2.076983097394456135e-01
2.003603512728875102e-01 2.002574879580004130e-01 2.003106722599505285e-01 2.003106720874347768e-01 2.002575184947489595e-01
2.100606552961007678e-01 2.156698763525198292e-01 2.121947465775022024e-01 2.121947554400589464e-01 2.156699371708204471e-01
2.019217091975973044e-01 2.068281019459219106e-01 2.037818466443361842e-01 2.037819458198220635e-01 2.068279868076089434e-01
2.047413281122538453e-01 2.042573062692968067e-01 2.045464014853510815e-01 2.045464574725160412e-01 2.042572566785429977e-01
2.198470130892939689e-01 2.113483153831327566e-01 2.165931237605812909e-01 2.165929850455391714e-01 2.113484274009294339e-01
2.000904295491491847e-01 2.000658073604429932e-01 2.000814008430301383e-01 2.000814022408433368e-01 2.000658118884585668e-01
2.141074522003725833e-01 2.163471521403210751e-01 2.149588791464497606e-01 2.149588806601304969e-01 2.163471581545031996e-01
2.077572961676436014e-01 2.090996174934333096e-01 2.082630640725955939e-01 2.082630991236401607e-01 2.090995931135846697e-01
2.264342536013656537e-01 2.259161285100372007e-01 2.262333324842137894e-01 2.262333468631822775e-01 2.259161201432293431e-01
1.909325850014831905e-01 1.892556828465944696e-01 1.902912081117862086e-01 1.902911852719388897e-01 1.892556944801023211e-01
