5.050222039898571991e-01 5.049745353157757410e-01 5.050089148381369242e-01 5.050266299910791679e-01 5.049879395494299983e-01
4.885475330662852889e-01 4.885855766395664213e-01 4.885924643933727829e-01 4.886081531120686217e-01 4.886292938465897628e-01
4.867241501196999942e-01 4.866586192717971548e-01 4.867817758242053428e-01 4.868001734928104618e-01 4.867261594054076435e-01
5.327993625620416340e-01 5.328904790467672292e-01 5.327499294769226790e-01 5.329785801804961531e-01 5.328123851245255560e-01
5.484755429763699119e-01 5.482660016755273036e-01 5.489004712263274577e-01 5.479903492958839717e-01 5.486698180109050860e-01
5.295359269738053598e-01 5.304683251128941013e-01 5.281165184359736253e-01 5.306684764129467879e-01 5.285011641040187058e-01
5.122865756660101022e-01 5.108007775908010029e-01 5.146587285938121203e-01 5.094726437957483034e-01 5.134611533499964242e-01
4.961602657781051251e-01 4.979727278096186538e-01 4.934454217269125809e-01 4.985430197582489398e-01 4.943309031932734965e-01
4.723722556074190781e-01 4.714223210904280870e-01 4.738821843210734852e-01 4.706132167041149894e-01 4.731452206845321307e-01
4.499610466512410367e-01 4.503856215982426359e-01 4.493768522212158167e-01 4.504571131077350632e-01 4.495659787933282692e-01
4.775785435017746994e-01 4.775009227425022207e-01 4.776926074832180680e-01 4.774144160051482788e-01 4.776207156113131402e-01
5.008769206708124644e-01 5.009110923694054529e-01 5.008389784365061548e-01 5.009032884448113565e-01 5.008510332211676408e-01
