2.030541813691548946e-05 2.030511935454739028e-05 2.030541814883176581e-05 2.030511925935648936e-05
2.811685595474016199e-04 2.811661933480319323e-04 2.811685595405454506e-04 2.811661917031517909e-04
2.351697088073461100e-03 2.351686710590537334e-03 2.351697087489664200e-03 2.351686704080879070e-03
1.241253494129847777e-02 1.241250482535301812e-02 1.241253493822493982e-02 1.241250481412474807e-02
3.922752342245652141e-02 3.922746304539356105e-02 3.922752341314068164e-02 3.922746303587823502e-02
7.075732885742951062e-02 7.075724370181163403e-02 7.075732884374086318e-02 7.075724369701494321e-02
7.128586961607566441e-02 7.128578450262487709e-02 7.128586965556250876e-02 7.128578449800621053e-02
4.400568055128317030e-02 4.400562041799113006e-02 4.400568077113164306e-02 4.400562044701585018e-02
3.715257202023029143e-02 3.715254250024437044e-02 3.715257306791017872e-02 3.715254273668784635e-02
7.413099859861395358e-02 7.413098871619260011e-02 7.413099946939002982e-02 7.413098884831098578e-02
1.007452528562902266e-01 1.007452502292437158e-01 1.007452525347833361e-01 1.007452497773423106e-01
4.762925582187480661e-02 4.762925549555342697e-02 4.762925575785099952e-02 4.762925540465100249e-02
