1.470381509666387476e-01 1.470381219845033616e-01 1.470380825140044090e-01 1.470380851047448645e-01
2.630583562071697190e-01 2.630582703161944980e-01 2.630582844005590060e-01 2.630582871908724307e-01
2.702708336020601676e-01 2.702707399257990861e-01 2.702707400588876263e-01 2.702707369815042782e-01
2.694566310122497588e-01 2.694565486513539332e-01 2.694565133325809159e-01 2.694564596041005289e-01
2.678995968167276476e-01 2.678999822012137488e-01 2.678998672382980617e-01 2.678998005103702118e-01
2.822082264520369144e-01 2.822087838851722319e-01 2.822086729030541252e-01 2.822086346835706028e-01
2.822089702063177996e-01 2.822093697223403974e-01 2.822093267325131993e-01 2.822093613636189602e-01
2.679080865739628114e-01 2.679082175604913241e-01 2.679082516880469944e-01 2.679083449268290784e-01
2.694589850519785168e-01 2.694589984558077300e-01 2.694590555759052708e-01 2.694591399128842824e-01
2.702716424861426603e-01 2.702716594424751095e-01 2.702716912018760520e-01 2.702717341826875175e-01
2.630751328498653341e-01 2.630751712649218588e-01 2.630751826261839010e-01 2.630751875041689725e-01
1.471444949707617078e-01 1.471445201369185884e-01 1.471445379131947895e-01 1.471445311065646688e-01
