8.542126096002707059e-02 8.542116981082774341e-02 8.543600075218159284e-02 8.544525596501156839e-02 8.543615166252495341e-02
3.000142191627274690e-01 3.000141728449968181e-01 3.000230322200769795e-01 3.000285363017325957e-01 3.000230956479738031e-01
2.814564785352405285e-01 2.814564693563733067e-01 2.814564473928969357e-01 2.814564039045770460e-01 2.814564194816775444e-01
2.770026295037139041e-01 2.770025764272363578e-01 2.770094742420329270e-01 2.770137801357351881e-01 2.770095557819792220e-01
2.665542210211817031e-01 2.665540668616002140e-01 2.665756682733232408e-01 2.665891957291078307e-01 2.665759614621324713e-01
2.918207248798539433e-01 2.918207299448732361e-01 2.918212410274101942e-01 2.918215540437310573e-01 2.918212491081365045e-01
2.927621338668133788e-01 2.927621275293518788e-01 2.927626395477230248e-01 2.927629623957678784e-01 2.927626481132709069e-01
2.834642931631869422e-01 2.834641097854670444e-01 2.834857175449398969e-01 2.834992561489260710e-01 2.834860121931870314e-01
2.988185028475238147e-01 2.988184460967284184e-01 2.988253390424123190e-01 2.988296561558613784e-01 2.988254322379704231e-01
2.814757816609720908e-01 2.814757814601553942e-01 2.814757552420251163e-01 2.814757381339531572e-01 2.814757540616389941e-01
3.163822917007816371e-01 3.163822170312117210e-01 3.163911040024915411e-01 3.163966725740231523e-01 3.163912257868914946e-01
2.247514147508828386e-01 2.247512899093570549e-01 2.247661490516803251e-01 2.247754566386256370e-01 2.247663488853666458e-01
