4.437025820591339320e-01 4.436462004615240873e-01 4.437003016220598672e-01 4.437844174098125594e-01 4.436896280959263805e-01
5.062213033600654333e-01 5.060959856853103345e-01 5.059110096415793123e-01 5.058012175408165279e-01 5.056471598806197010e-01
5.252501555094073460e-01 5.251668821870475456e-01 5.246835657213598791e-01 5.245602267104604310e-01 5.243810234131869308e-01
5.160972924400080153e-01 5.159645557223572210e-01 5.159407839013502306e-01 5.163178133970380834e-01 5.159545680673791601e-01
5.133038363955428895e-01 5.130921072715374232e-01 5.128242155890659904e-01 5.133346176775748226e-01 5.126348813071662791e-01
5.205483894618675444e-01 5.204309572999659128e-01 5.201023708806035151e-01 5.206312293967900739e-01 5.200990058126288007e-01
5.193180213203021367e-01 5.197857589534332634e-01 5.187299370280312738e-01 5.185869470082868915e-01 5.187509808171071324e-01
4.968113985583522685e-01 4.969975311704462606e-01 4.966235552293850608e-01 4.972357223645154645e-01 4.969365833137300292e-01
4.971944697992021212e-01 4.976341763016676745e-01 4.978412164752875624e-01 4.987814374593274591e-01 4.984919369790604127e-01
5.164539032496281434e-01 5.166914793560074548e-01 5.171716458582292786e-01 5.179171674506016787e-01 5.178325353270050169e-01
5.026675261015369767e-01 5.028625961985440096e-01 5.030891798897234590e-01 5.033470815370054696e-01 5.034759895612979097e-01
4.419032202025940936e-01 4.419565054141355032e-01 4.418479160421913687e-01 4.417626552436811349e-01 4.417826418704869362e-01
