6.568080399255171904e-03 6.568079750725389944e-03 6.568074230728011484e-03 6.568075320599942903e-03
6.870295543524769510e-02 6.870295652179683743e-02 6.870296040633637469e-02 6.870296109137316587e-02
1.461581775095803781e-01 1.461581908075602620e-01 1.461582753249775768e-01 1.461582644416378474e-01
1.277887606552588762e-01 1.277887962936083144e-01 1.277890416764040082e-01 1.277890081406901079e-01
1.434325914090642806e-01 1.434328741128168550e-01 1.434350391427726967e-01 1.434347634251480208e-01
1.367038923771684011e-01 1.367042286949254892e-01 1.367067213572346618e-01 1.367063859448308383e-01
1.294947013275658254e-01 1.294947811261571990e-01 1.294950039420296739e-01 1.294949242356382979e-01
1.400282446934006109e-01 1.400289944332861469e-01 1.400355720233396051e-01 1.400347601611959536e-01
1.288768037808750710e-01 1.288782305778126414e-01 1.288889984284024570e-01 1.288876783581173746e-01
1.581801635232804037e-01 1.581816413367724827e-01 1.581925395815715618e-01 1.581912709442949150e-01
1.680931378043021285e-01 1.680941861678672267e-01 1.681022387116772043e-01 1.681012367254069440e-01
1.459470265316753224e-01 1.459474587273694168e-01 1.459508392862154391e-01 1.459504131020307460e-01
