2.554963127133375589e-01 2.555251681311309087e-01 2.553853788219904164e-01 2.552382681298898670e-01 2.552434759487891003e-01
3.677063660229092923e-01 3.676677664680969015e-01 3.676318757365427681e-01 3.676148663469736011e-01 3.676008208501717056e-01
3.605770777576525754e-01 3.604961845286653865e-01 3.605979979961311255e-01 3.607064155076412648e-01 3.606848647645189421e-01
3.395851778957601486e-01 3.394595602759200581e-01 3.387580818370639624e-01 3.380989436329998599e-01 3.377132797189189573e-01
3.656270594269425134e-01 3.655391131572708341e-01 3.655063714602788671e-01 3.655484598246318551e-01 3.656702428062339472e-01
3.115187294888621117e-01 3.117110547992399394e-01 3.118919961544568409e-01 3.121145510499709896e-01 3.121455832540724895e-01
3.121036850162786647e-01 3.120869876793679332e-01 3.120025654758157296e-01 3.119369667679292579e-01 3.118357927394805329e-01
3.661918447900111562e-01 3.662262070184631457e-01 3.662137893915215492e-01 3.662280413984858041e-01 3.662594727356063284e-01
3.384460387963147410e-01 3.384402744496450288e-01 3.386043183181243199e-01 3.387713469236308672e-01 3.387781031514021102e-01
3.603280389913067761e-01 3.603286064822775470e-01 3.603261994060379947e-01 3.603349633119347639e-01 3.603382934964597939e-01
3.677131609051474959e-01 3.677366055587688587e-01 3.677495741907212956e-01 3.677559850300254896e-01 3.677615991988127941e-01
2.552597592181048425e-01 2.552708763041943163e-01 2.552935989470069278e-01 2.553074702569285703e-01 2.553087895431476184e-01
