7.542124272858164759e-03 7.542124179927658587e-03 7.542124226603999330e-03 7.542124138409395800e-03 7.542124248574102151e-03
5.742909125934426984e-02 5.742909079108775988e-02 5.742909099200495249e-02 5.742909073941193654e-02 5.742909094308120549e-02
1.124417440415400177e-01 1.124417439142785385e-01 1.124417439330233637e-01 1.124417447307036189e-01 1.124417434942214800e-01
1.161017546103164932e-01 1.161017545102091403e-01 1.161017528897985290e-01 1.161017569862101001e-01 1.161017530496945838e-01
1.329530492052534152e-01 1.329530491600677822e-01 1.329530473040430316e-01 1.329530525929754348e-01 1.329530484945571911e-01
1.735322309014191711e-01 1.735322313919515080e-01 1.735322308769706445e-01 1.735322329765787985e-01 1.735322324341447564e-01
1.735322322119485228e-01 1.735322331140881080e-01 1.735322330442783667e-01 1.735322323979374970e-01 1.735322336063467863e-01
1.329530511336288190e-01 1.329530515712206151e-01 1.329530515050477979e-01 1.329530509579068542e-01 1.329530515813942826e-01
1.161017567011284335e-01 1.161017567878154799e-01 1.161017567725543265e-01 1.161017566520360644e-01 1.161017567527222738e-01
1.124417458579080320e-01 1.124417459051837986e-01 1.124417458951981613e-01 1.124417458492096428e-01 1.124417458395062380e-01
5.742909310147217838e-02 5.742909311805036859e-02 5.742909311908814957e-02 5.742909311158041902e-02 5.742909309877523849e-02
7.542125403149409039e-03 7.542125405801333726e-03 7.542125406476811629e-03 7.542125406361625990e-03 7.542125402929657739e-03
