2.448303971410136295e-02 2.448308052561133999e-02 2.448304062565670458e-02 2.448308126514625246e-02
2.026832250049059037e-01 2.026833175755856087e-01 2.026832262193291045e-01 2.026833184321764902e-01
2.313200379455088163e-01 2.313200940629649427e-01 2.313200389833585668e-01 2.313200938566268294e-01
2.270427404943956007e-01 2.270427417415488980e-01 2.270427407531390995e-01 2.270427420336462165e-01
2.213666008156205400e-01 2.213666178862514766e-01 2.213665988006540686e-01 2.213666187290442566e-01
2.181859997980271082e-01 2.181860934445806199e-01 2.181859991698355539e-01 2.181860940642013635e-01
2.190089724058995324e-01 2.190090671269428468e-01 2.190089707795923879e-01 2.190090674371097668e-01
2.221107586749679619e-01 2.221107795528459161e-01 2.221107595889357245e-01 2.221107796037132265e-01
2.270974552487957654e-01 2.270974560030664113e-01 2.270974531707491417e-01 2.270974557116169634e-01
2.340241663892371204e-01 2.340242237011075366e-01 2.340241691603088536e-01 2.340242246515768509e-01
2.523620736648299334e-01 2.523621675628399119e-01 2.523620748552773407e-01 2.523621684531344167e-01
2.203146208656157345e-01 2.203146642406295375e-01 2.203146236899770627e-01 2.203146655193452819e-01
