1.835476834606896237e-04 1.835476916840911841e-04 1.835476887209411137e-04 1.835476736052589974e-04 1.835476758007556031e-04
1.695601761627355724e-03 1.695601827407842901e-03 1.695601817630834921e-03 1.695601707935929636e-03 1.695601731525673075e-03
8.958035695414503369e-03 8.958036055767259684e-03 8.958035810092680046e-03 8.958035239118469426e-03 8.958035618714626017e-03
3.032958339659674180e-02 3.032958387326761471e-02 3.032958368369332788e-02 3.032958340581215842e-02 3.032958332077393890e-02
6.555728736944080315e-02 6.555728733292973121e-02 6.555728735620479364e-02 6.555728715197145506e-02 6.555728717833560204e-02
9.327594396349768446e-02 9.327594409420646160e-02 9.327594408898311207e-02 9.327594392442928317e-02 9.327594388769482048e-02
9.327594386475304700e-02 9.327594433737114443e-02 9.327594428669146176e-02 9.327594390521470880e-02 9.327594368965479166e-02
6.555728699341624444e-02 6.555728776620324549e-02 6.555728782334052651e-02 6.555728703024918391e-02 6.555728665836070557e-02
3.032958317163221562e-02 3.032958417345992669e-02 3.032958431809180608e-02 3.032958312184287977e-02 3.032958298989066326e-02
8.958035691974513756e-03 8.958036159614636562e-03 8.958036274226525986e-03 8.958035604124890347e-03 8.958035346533195845e-03
1.695601664137992353e-03 1.695601850299816591e-03 1.695601916319812484e-03 1.695601711378625850e-03 1.695601591569982376e-03
1.835476559852949430e-04 1.835476912660986663e-04 1.835477017471681292e-04 1.835476648372458806e-04 1.835476394685650917e-04
