2.281889688050100506e-01 2.281622942425523548e-01 2.281761921233163570e-01 2.281962509987325305e-01 2.281527697579457392e-01
3.936786591603029795e-01 3.936488627043019384e-01 3.936119714279124326e-01 3.936008187384367196e-01 3.935196073750114598e-01
3.920967463947127030e-01 3.920699443324409117e-01 3.919592162133583302e-01 3.918947328567771726e-01 3.918296748898787429e-01
3.914844406916150876e-01 3.914457377421736162e-01 3.913445530094501468e-01 3.912924200017437459e-01 3.912855902651322659e-01
3.977066221052797390e-01 3.977056245492092135e-01 3.976716249130690106e-01 3.976523171993111561e-01 3.976583379355739245e-01
3.975895356407861403e-01 3.975850951154439872e-01 3.975602559111824919e-01 3.975148196309423176e-01 3.974978053427165592e-01
3.975105264118228843e-01 3.974866492405698115e-01 3.974717652221151365e-01 3.974354707187290892e-01 3.974189258843856543e-01
3.976253249025774039e-01 3.976613066164864652e-01 3.976596354251099585e-01 3.976618286156586302e-01 3.976902278025027937e-01
3.913521584665524133e-01 3.913855340744434863e-01 3.913969527428503015e-01 3.914148977829254306e-01 3.914456317246896022e-01
3.917783539672269333e-01 3.917789567046074395e-01 3.918083342148514503e-01 3.918256467393471665e-01 3.918366863762342556e-01
3.932534724784640390e-01 3.932631634235076445e-01 3.932738813473684036e-01 3.932800794552319679e-01 3.932872282902352135e-01
2.280357073715554850e-01 2.280407858027769796e-01 2.280433113822762370e-01 2.280464089790862625e-01 2.280496577615538367e-01
