6.985850093620996071e-02 6.985865001711567823e-02 6.985848273710845713e-02 6.985863768719532962e-02 6.985858928038080062e-02
1.709920811975526034e-01 1.709918889200822689e-01 1.709919522630435895e-01 1.709918286608017313e-01 1.709921072540204756e-01
1.856470841975829678e-01 1.856466036761354188e-01 1.856464854626811434e-01 1.856468295943604352e-01 1.856467897864758909e-01
1.828582652743198089e-01 1.828580417485794196e-01 1.828582200588098894e-01 1.828588319334463197e-01 1.828581773098734986e-01
1.808929294399116150e-01 1.808952846449231600e-01 1.808950308330635748e-01 1.808930595644903661e-01 1.809135759063298099e-01
1.784082929022396680e-01 1.784170423413852513e-01 1.784179322204693108e-01 1.784132195934833576e-01 1.784447450972789229e-01
1.773715471618969586e-01 1.773809084641494171e-01 1.773815864572873546e-01 1.773793908427950261e-01 1.774107780114762556e-01
1.804329932480538967e-01 1.804389759965323858e-01 1.804402275328557681e-01 1.804384538652757108e-01 1.804567694179551873e-01
1.829710724312729186e-01 1.829741401528578171e-01 1.829750554342663149e-01 1.829745963760442407e-01 1.829828251762760649e-01
1.871276965068882359e-01 1.871274953207843761e-01 1.871277820081027055e-01 1.871281938330869032e-01 1.871314784386035601e-01
1.894927410347075070e-01 1.894901690758472035e-01 1.894901696446759654e-01 1.894894832583412791e-01 1.894901136949154463e-01
1.139065647453213620e-01 1.139055186580229390e-01 1.139049046560133005e-01 1.139043906208448836e-01 1.139048173955400645e-01
