3.229276491619779144e-01 3.229225201426477732e-01 3.229238640438082397e-01 3.229274068114166840e-01 3.229212420066148725e-01
4.501151268000926353e-01 4.501016468727043196e-01 4.501045486981481436e-01 4.501131437506192268e-01 4.500960550782208691e-01
4.196203654963033824e-01 4.196205994982922793e-01 4.196210511334776405e-01 4.196215178405081070e-01 4.196213674338249433e-01
4.287596223975536636e-01 4.287534661801536973e-01 4.287548230819734352e-01 4.287585937823738536e-01 4.287505153874167085e-01
4.325913423906168065e-01 4.325891305847123780e-01 4.325896351377851445e-01 4.325908460714230630e-01 4.325855182271362009e-01
4.443368651454663310e-01 4.443360017866188061e-01 4.443362527876092982e-01 4.443366963550005044e-01 4.443345662209546854e-01
4.416447863814923491e-01 4.416450961387631269e-01 4.416447646524220838e-01 4.416436582771193775e-01 4.416421496732570451e-01
4.325357136654049972e-01 4.325325499948953767e-01 4.325334090294057354e-01 4.325356093986583716e-01 4.325325777192212673e-01
4.023384731097298661e-01 4.023326943796153854e-01 4.023335313087540444e-01 4.023362092900205078e-01 4.023283178277590744e-01
4.177865333142485316e-01 4.177858585036449135e-01 4.177859707355977004e-01 4.177865277906004926e-01 4.177863477796453506e-01
3.792073306253752052e-01 3.791934359553670864e-01 3.791965425707644610e-01 3.792049784119794764e-01 3.791881329961778180e-01
2.281746984350937202e-01 2.281706531503008006e-01 2.281715424688729732e-01 2.281732216607303132e-01 2.281667044497830144e-01
