8.540238411796588491e-02 8.540049690263244730e-02 8.541440128230624873e-02 8.542306562360985067e-02 8.541482482812186305e-02
3.000175201674474823e-01 3.000135173398191246e-01 3.000217012054234300e-01 3.000268388560893840e-01 3.000220823202244813e-01
2.814593126996536299e-01 2.814556638683094469e-01 2.814561131809210637e-01 2.814561624776877324e-01 2.814554680172015044e-01
2.770044475770591652e-01 2.770021116979750619e-01 2.770098041636602226e-01 2.770139118374183029e-01 2.770086821569024971e-01
2.665501543238228965e-01 2.665532266934548256e-01 2.665761188578836260e-01 2.665882439412129434e-01 2.665737828793831588e-01
2.918194963687686938e-01 2.918190705620065661e-01 2.918196782128147371e-01 2.918196115600735774e-01 2.918197799277583160e-01
2.927615099900117146e-01 2.927611439729947973e-01 2.927620447242686996e-01 2.927622469781330783e-01 2.927623157140791244e-01
2.834675505919012073e-01 2.834704298759764818e-01 2.834944135779813301e-01 2.835065082450038965e-01 2.834916629663068455e-01
2.988176080580570715e-01 2.988190124832457717e-01 2.988268463826930232e-01 2.988305126167909442e-01 2.988263174252319687e-01
2.814766797671510723e-01 2.814767945453311437e-01 2.814769426024166799e-01 2.814768092407515798e-01 2.814768310374450855e-01
3.163947045784813450e-01 3.163953895565499996e-01 3.164047994405753683e-01 3.164098623221877626e-01 3.164033195799325626e-01
2.247543834300056720e-01 2.247556888384594498e-01 2.247712976420015718e-01 2.247796420668836392e-01 2.247690581016712763e-01
