6.539402961835907510e-03 6.539404058721862839e-03 6.539402962026657704e-03 6.539404058823227936e-03
6.847775575329703712e-02 6.847776022745440117e-02 6.847775575358364120e-02 6.847776022756028869e-02
1.458929956789161431e-01 1.458930017776246257e-01 1.458929956788151960e-01 1.458930017767665344e-01
1.268125631260124120e-01 1.268125663924296320e-01 1.268125631255277441e-01 1.268125663914851098e-01
1.429268677068678273e-01 1.429268682359846332e-01 1.429268677058306014e-01 1.429268682343705632e-01
1.343529736570915345e-01 1.343529735854153695e-01 1.343529736560553633e-01 1.343529735839588957e-01
1.343555183903360484e-01 1.343555183191005864e-01 1.343555183897666427e-01 1.343555183192291225e-01
1.429579652262957801e-01 1.429579657568082196e-01 1.429579652264185430e-01 1.429579657578346763e-01
1.274473154858129231e-01 1.274473187536807328e-01 1.274473154869867342e-01 1.274473187549269859e-01
1.576615005869058117e-01 1.576615066859799186e-01 1.576615005879790643e-01 1.576615066869218040e-01
1.670772462610994324e-01 1.670772507354069958e-01 1.670772462621238907e-01 1.670772507361588111e-01
1.454978797698093795e-01 1.454978808667304890e-01 1.454978797702256854e-01 1.454978808670036317e-01
