5.565819391353109432e-05 5.564685339080774974e-05 5.565263962980399206e-05 5.565461706155189940e-05 5.564563097904752818e-05
5.548864501815285429e-04 5.547963971238958122e-04 5.548423457512386726e-04 5.548580484630199258e-04 5.547866907137689874e-04
3.271294993663219526e-03 3.270900034871236737e-03 3.271101562087801867e-03 3.271170432355351935e-03 3.270857466144490040e-03
1.272323348809301612e-02 1.272208422637267390e-02 1.272267064139939209e-02 1.272287104063033088e-02 1.272196036482647723e-02
3.210698935788060260e-02 3.210467559896119233e-02 3.210585620766886333e-02 3.210625964894004564e-02 3.210442624557459379e-02
5.148999944763323761e-02 5.148672612588009456e-02 5.148839638171917588e-02 5.148896711200106474e-02 5.148637336979352414e-02
5.276291553197336864e-02 5.275964228415631202e-02 5.276131262628731139e-02 5.276188332383864588e-02 5.275928954946128291e-02
4.016121096384497186e-02 4.015889729008587095e-02 4.016007833193036003e-02 4.016048159571294213e-02 4.015864810938880175e-02
4.167426819339598021e-02 4.167311883774181547e-02 4.167370614043911653e-02 4.167390646484549904e-02 4.167299553109499177e-02
6.527099982016648649e-02 6.527060491066891124e-02 6.527080802419309158e-02 6.527087628602488978e-02 6.527056327092972676e-02
7.041140652255059584e-02 7.041131662388525059e-02 7.041136326486063801e-02 7.041137848671395749e-02 7.041130777813615904e-02
2.952556197053294793e-02 2.952555099095761568e-02 2.952555715454462104e-02 2.952555853702884189e-02 2.952554997090331423e-02
