7.810700592732709984e-05 7.810700607882398400e-05 7.810700731389460996e-05 7.810700410841336005e-05
9.851884722151833113e-04 9.851884761418708454e-04 9.851884769384959811e-04 9.851884715407475436e-04
7.230305096446117824e-03 7.230305106616216962e-03 7.230305105734185535e-03 7.230305091824605450e-03
3.223348148583901618e-02 3.223348149460607270e-02 3.223348149744770935e-02 3.223348147443990536e-02
8.314065312183924195e-02 8.314065313539817370e-02 8.314065313693851100e-02 8.314065312626420234e-02
1.263322648110226654e-01 1.263322648194934450e-01 1.263322648219477318e-01 1.263322648217220512e-01
1.263322648041620977e-01 1.263322648148866578e-01 1.263322648172978402e-01 1.263322648167785889e-01
8.314065311046529849e-02 8.314065310769942763e-02 8.314065311831135563e-02 8.314065311881695119e-02
3.223348147870673530e-02 3.223348147507668765e-02 3.223348148213248110e-02 3.223348148339964803e-02
7.230305096722668308e-03 7.230305094135596258e-03 7.230305098725355387e-03 7.230305100190077827e-03
9.851884729436197197e-04 9.851884717228789803e-04 9.851884735377072159e-04 9.851884742685056671e-04
7.810700546970146324e-05 7.810700532917064709e-05 7.810700551706888735e-05 7.810700585722189619e-05
