4.124484948856804722e-02 4.124483730586188390e-02 4.124485077600228283e-02 4.124487155667907329e-02 4.124487100231215980e-02
2.377038944658996511e-01 2.377038843373210919e-01 2.377038947158649773e-01 2.377039112669292187e-01 2.377039111143702255e-01
2.664735060149133750e-01 2.664734965339275452e-01 2.664735061504106550e-01 2.664735199314005598e-01 2.664735189392651860e-01
2.497425221614904822e-01 2.497425220566744097e-01 2.497425207708915129e-01 2.497425183080519417e-01 2.497425179239096127e-01
2.435795809681939872e-01 2.435795838061274032e-01 2.435795806991384593e-01 2.435795760255319298e-01 2.435795760026669421e-01
2.613027984395170922e-01 2.613027920014819316e-01 2.613028001758189167e-01 2.613028133781884477e-01 2.613028131553413735e-01
2.616113555326529672e-01 2.616113472594154277e-01 2.616113562307441631e-01 2.616113692192166829e-01 2.616113682683965935e-01
2.456134866100893599e-01 2.456134887911364528e-01 2.456134853847038724e-01 2.456134804131348270e-01 2.456134806212445509e-01
2.497212118770624767e-01 2.497212127854929187e-01 2.497212114539835159e-01 2.497212096272663773e-01 2.497212100180462857e-01
2.680396631379712846e-01 2.680396543512377772e-01 2.680396635006930817e-01 2.680396777048044132e-01 2.680396777142022846e-01
2.694576450963293568e-01 2.694576360746010479e-01 2.694576472856438087e-01 2.694576640077892549e-01 2.694576632605439337e-01
2.055094520516065337e-01 2.055094398622347163e-01 2.055094539852586333e-01 2.055094748241561020e-01 2.055094735775572223e-01
