2.437803154367146896e-01 2.437808359863490593e-01 2.437802803088388037e-01 2.437792153079761936e-01 2.437792190234732426e-01
3.480966049375667226e-01 3.480966781633177409e-01 3.480965498934056046e-01 3.480957595040509722e-01 3.480957072863106183e-01
2.990976353272244426e-01 2.990975998237845879e-01 2.990976130087335538e-01 2.990971234616128238e-01 2.990970960289650593e-01
2.975364537251108943e-01 2.975362007867989322e-01 2.975365415321670204e-01 2.975370682595344096e-01 2.975370934503402398e-01
3.415462059518188376e-01 3.415461880329461186e-01 3.415462217972707881e-01 3.415461671607527561e-01 3.415461595440018039e-01
2.699436081007113297e-01 2.699435495690055142e-01 2.699436119249268295e-01 2.699435297185889815e-01 2.699434825465350518e-01
2.699434718859398674e-01 2.699433750962833556e-01 2.699435044883247148e-01 2.699437232666735409e-01 2.699437515325716630e-01
3.415461660816045408e-01 3.415461804634233323e-01 3.415461635565932852e-01 3.415461772216481506e-01 3.415461929831606902e-01
2.975368018369536349e-01 2.975367367288584974e-01 2.975367682517385814e-01 2.975367350051352222e-01 2.975367081606754560e-01
2.990974654390863852e-01 2.990974694473742534e-01 2.990974813423449841e-01 2.990975226771847018e-01 2.990975571489508655e-01
3.480960897630254736e-01 3.480961564608699432e-01 3.480961214732932185e-01 3.480961382737927656e-01 3.480961830144281288e-01
2.437797949875981085e-01 2.437798047600791551e-01 2.437797974007848145e-01 2.437798174231647630e-01 2.437798282296962937e-01
