2.247058536707787768e-01 2.247052874964313995e-01 2.247058406775412909e-01 2.247053973477038669e-01 2.247053223697254021e-01
3.160854549133825242e-01 3.160842503638169321e-01 3.160849034268555791e-01 3.160847787590144176e-01 3.160837630633597239e-01
2.774619302959301925e-01 2.774599795771326982e-01 2.774543553149140251e-01 2.774530088840811981e-01 2.774548504232571822e-01
2.953750155893550833e-01 2.953768805496538863e-01 2.953764883462561830e-01 2.953730506595603211e-01 2.953728143661184524e-01
2.795820838323000990e-01 2.795814242693281382e-01 2.795800880234322050e-01 2.795738431051322248e-01 2.795742303195065115e-01
2.068429423959680380e-01 2.068404868737916125e-01 2.068376872710173398e-01 2.068312945059424812e-01 2.068329319729916294e-01
2.068389554631887839e-01 2.068348641072979555e-01 2.068376239729819432e-01 2.068310570894386080e-01 2.068410180900833173e-01
2.795698047460634661e-01 2.795660115991636663e-01 2.795702822682228361e-01 2.795660624859305776e-01 2.795700881472191202e-01
2.953472841266235882e-01 2.953473214481296960e-01 2.953486811627582531e-01 2.953494303349066818e-01 2.953495152994093376e-01
2.774221227411221014e-01 2.774233547434832303e-01 2.774246946071549091e-01 2.774254497100882011e-01 2.774257208492339477e-01
3.160791217839115652e-01 3.160789359734202941e-01 3.160816860493739777e-01 3.160801156834043280e-01 3.160817083095516233e-01
2.247044414298364490e-01 2.247037979338479541e-01 2.247054015986223729e-01 2.247042419608303032e-01 2.247049676203941027e-01
