9.851576118765315027e-02 9.851528190246065797e-02 9.851586642996651433e-02 9.851622583158665958e-02
1.728042186405889524e-01 1.728037210638267429e-01 1.728044238586332604e-01 1.728048527574751747e-01
1.703744047811888707e-01 1.703744942962804598e-01 1.703742806357192718e-01 1.703745135140124767e-01
1.884692731451358128e-01 1.884693007774934370e-01 1.884692705626161147e-01 1.884692275156297225e-01
1.931657478266823047e-01 1.931657401480664227e-01 1.931657906815451575e-01 1.931657711402902100e-01
1.728107086252436420e-01 1.728107126945401528e-01 1.728107092541576462e-01 1.728106767757441875e-01
1.728090547904331531e-01 1.728090402063700848e-01 1.728090836323614710e-01 1.728090834968013245e-01
1.931659358917252878e-01 1.931658980692818883e-01 1.931659792948625665e-01 1.931658919469927682e-01
1.884781824095244362e-01 1.884781939699305409e-01 1.884781067363724139e-01 1.884780450096718851e-01
1.705348265069617786e-01 1.705353238557192064e-01 1.705350095966001456e-01 1.705352086805979883e-01
1.750295739543055729e-01 1.750302156085259409e-01 1.750298997415812574e-01 1.750300923791220931e-01
1.038414273379566349e-01 1.038416981646995418e-01 1.038416247966294642e-01 1.038416298764367751e-01
