7.542125263954011644e-03 7.542125264939672849e-03 7.542125265237696607e-03 7.542125267401854349e-03 7.542125263567617602e-03
5.742909276984893563e-02 5.742909277321765760e-02 5.742909276725847306e-02 5.742909277352159503e-02 5.742909275989697970e-02
1.124417454385149562e-01 1.124417454424365831e-01 1.124417454332340277e-01 1.124417454322411969e-01 1.124417454238992864e-01
1.161017557277056467e-01 1.161017557284233226e-01 1.161017557645762088e-01 1.161017557468728562e-01 1.161017557609863166e-01
1.329530498571571961e-01 1.329530498555131501e-01 1.329530499278629430e-01 1.329530499366652074e-01 1.329530499372779950e-01
1.735322302630039892e-01 1.735322302642095249e-01 1.735322303126429488e-01 1.735322303563967827e-01 1.735322303270051547e-01
1.735322304013262873e-01 1.735322304083209144e-01 1.735322304082716205e-01 1.735322304305708108e-01 1.735322304200282995e-01
1.329530500481997390e-01 1.329530500572615459e-01 1.329530500554718664e-01 1.329530500552139893e-01 1.329530500657968295e-01
1.161017559329477755e-01 1.161017559303712671e-01 1.161017559507503683e-01 1.161017559370859931e-01 1.161017559507564884e-01
1.124417456595192266e-01 1.124417456561522394e-01 1.124417456801603127e-01 1.124417456812711602e-01 1.124417456735059412e-01
5.742909308317592498e-02 5.742909307098867377e-02 5.742909308895624565e-02 5.742909308067695867e-02 5.742909308031328430e-02
7.542125423987684589e-03 7.542125421115193282e-03 7.542125417126618186e-03 7.542125411511921979e-03 7.542125413721324778e-03
