3.992649892001410850e-01 4.003578556774894937e-01 3.993953632249397367e-01 4.004952146953669190e-01
4.086129992740782368e-01 4.091423583005383557e-01 4.085276836787110621e-01 4.089027048421603472e-01
4.127804071704213040e-01 4.126285148198174380e-01 4.109526245227981267e-01 4.103657113676262291e-01
4.180779399848246758e-01 4.180294548318852499e-01 4.180218898092785684e-01 4.182184075795554179e-01
4.120295468035180542e-01 4.118614351913251204e-01 4.092832972654173451e-01 4.089393321301049156e-01
4.505418727981227445e-01 4.514217756050447616e-01 4.520836251491907598e-01 4.525392178292269585e-01
4.541243042436163835e-01 4.525066326459351584e-01 4.523867146698269393e-01 4.514353127335993254e-01
4.085135310498535510e-01 4.085136775358763073e-01 4.123899620681161782e-01 4.121087045236644375e-01
4.174313133225632244e-01 4.182959227395692814e-01 4.157969711167155968e-01 4.149511734420224807e-01
4.083140428304486425e-01 4.082881036449772516e-01 4.113074312229098584e-01 4.109594835923378042e-01
4.080747268844327480e-01 4.079875855628423698e-01 4.083913548054771137e-01 4.082645047594892773e-01
4.020960586854206431e-01 4.017126278083353874e-01 4.020318358180075546e-01 4.016438025423892388e-01
