3.877618099688387443e-01 3.875904147729868354e-01 3.876326457900449718e-01 3.877206222199468533e-01 3.875140153984119040e-01
4.056379863631306426e-01 4.055386509405022877e-01 4.055301570058625349e-01 4.055792766886914813e-01 4.054633052600408183e-01
4.006146256385285653e-01 4.011499145323717541e-01 4.008847488119585689e-01 4.005276556030927249e-01 4.011289712702334476e-01
4.076309386310861260e-01 4.078878900340962566e-01 4.081811236436286294e-01 4.084024207475016044e-01 4.088039705720017958e-01
3.965197708588090175e-01 3.964706909322421868e-01 3.967865536112285541e-01 3.968710420089467950e-01 3.969879351238354559e-01
4.008178092212141830e-01 4.006447653412384957e-01 4.007079272596101305e-01 4.007137560867662929e-01 4.006712676135193996e-01
4.008408921921193802e-01 4.008710077286261608e-01 4.010065913252525149e-01 4.011816712755010839e-01 4.012121053612289212e-01
3.968156168863518074e-01 3.970233822352011166e-01 3.969050441655884165e-01 3.967602264897782671e-01 3.969050304981899258e-01
4.084920489378337516e-01 4.083683356397721509e-01 4.082989844496749954e-01 4.082352667794970080e-01 4.081546948422304921e-01
4.013338542008676457e-01 4.010875414604007649e-01 4.012391273856752982e-01 4.013956491307423824e-01 4.011450523021333758e-01
4.051682892228585797e-01 4.052346112284028190e-01 4.052430283430597524e-01 4.052365791389249683e-01 4.052950901165843223e-01
3.875862575496888951e-01 3.876647483092143798e-01 3.876377562500348817e-01 3.876080038918171544e-01 3.876808507125006353e-01
