5.000012205462650572e-01 5.000012693188723434e-01 5.000010205091033333e-01 5.000005141819691135e-01
5.000001866522438831e-01 4.999998548332438841e-01 5.000002343996373666e-01 5.000003652889675188e-01
5.000023933943182897e-01 5.000035570555839692e-01 5.000011519119783587e-01 5.000002319519335492e-01
5.000019978755144701e-01 4.999985666082694680e-01 5.000021770223346262e-01 4.999985690523861548e-01
4.999994165281441694e-01 5.000078116308257492e-01 4.999972661690328946e-01 5.000044616756632587e-01
5.000074989236402700e-01 4.999895817373671281e-01 5.000072206826675636e-01 4.999900492420314424e-01
4.999930480314673242e-01 5.000087515381168579e-01 4.999922238234584815e-01 5.000077151581227008e-01
5.000016882138798024e-01 4.999932659050470574e-01 5.000017230320675798e-01 4.999921897679612259e-01
4.999983970204218142e-01 5.000006899725465415e-01 4.999983365278919401e-01 5.000005525433468545e-01
4.999994644548587108e-01 4.999990966778542489e-01 4.999993601562000012e-01 4.999985741348949020e-01
4.999998833894576666e-01 4.999999527683059997e-01 4.999998936682973349e-01 4.999999078175745848e-01
4.999996829595865777e-01 4.999996792133818424e-01 4.999996588148706289e-01 4.999996472184230489e-01
