2.051475790119624831e-01 2.051473306848912714e-01 2.051445276666022388e-01 2.051429244076046210e-01 2.051410802493510988e-01
2.695714792418791861e-01 2.695691124994465948e-01 2.695661946337030157e-01 2.695657326508556495e-01 2.695603441665198607e-01
2.688784313631004674e-01 2.688781105017505335e-01 2.688739340563057745e-01 2.688706655535172407e-01 2.688649244510907810e-01
2.498727164551881319e-01 2.498711917277041672e-01 2.498633313513353160e-01 2.498566658771046445e-01 2.498573935856676365e-01
2.443112163837533324e-01 2.443103973690768926e-01 2.443035093896767374e-01 2.443051245493618184e-01 2.443029905377972488e-01
2.614242407277589386e-01 2.614200948046020434e-01 2.614238911659412801e-01 2.614293266039681152e-01 2.614267483494883693e-01
2.617406548435304847e-01 2.617479095524820054e-01 2.617499967000253558e-01 2.617565316023609534e-01 2.617532132131983325e-01
2.427493136801840978e-01 2.427614702957867077e-01 2.427582528177678056e-01 2.427624736669936889e-01 2.427635672951851675e-01
2.498678109989794227e-01 2.498731732751760526e-01 2.498756447879342257e-01 2.498794323610884771e-01 2.498821982362915417e-01
2.668571576444860871e-01 2.668571635625616723e-01 2.668592186696375768e-01 2.668632434808220766e-01 2.668637802300218298e-01
2.378917182142455955e-01 2.378915704104089257e-01 2.378866272760207790e-01 2.378934264649019692e-01 2.378888763822398777e-01
4.168681365203265321e-02 4.168622921169441720e-02 4.168198193761342429e-02 4.168559321632435422e-02 4.168374630300403921e-02
