2.448306014934475972e-02 2.448309276839255588e-02 2.448306013418014015e-02 2.448309276240520985e-02
2.026832365777261613e-01 2.026833105658689960e-01 2.026832365598627839e-01 2.026833105529943224e-01
2.313200354184559160e-01 2.313200799948583464e-01 2.313200358855646566e-01 2.313200799366839922e-01
2.270427355748573239e-01 2.270427367355888071e-01 2.270427355923581858e-01 2.270427365667198605e-01
2.213665986004971220e-01 2.213666133759995824e-01 2.213665972270835447e-01 2.213666131587841979e-01
2.181860185406964414e-01 2.181860945769841520e-01 2.181860177277619717e-01 2.181860945166877730e-01
2.190089966278258304e-01 2.190090730638313832e-01 2.190089956945685812e-01 2.190090730937312713e-01
2.221107678430561394e-01 2.221107842330273252e-01 2.221107685786516128e-01 2.221107842564704615e-01
2.270974517979178764e-01 2.270974522403430285e-01 2.270974506170227170e-01 2.270974522888545843e-01
2.340241531233150651e-01 2.340241990776073255e-01 2.340241548428151352e-01 2.340241994237151346e-01
2.523620772454270300e-01 2.523621522605168366e-01 2.523620778272608334e-01 2.523621524824587459e-01
2.203146223093533362e-01 2.203146567099188713e-01 2.203146240505592379e-01 2.203146568113953652e-01
