5.565819390542246824e-05 5.564685338375900583e-05 5.565263962871184133e-05 5.565461705409136873e-05 5.564563097090234416e-05
5.548864501347223425e-04 5.547963970888424717e-04 5.548423457614919726e-04 5.548580484474810318e-04 5.547866906838337317e-04
3.271294993547502195e-03 3.270900034772775133e-03 3.271101562136245321e-03 3.271170432433383700e-03 3.270857466148383626e-03
1.272323348795604755e-02 1.272208422640352769e-02 1.272267064147928652e-02 1.272287104124465197e-02 1.272196036493277067e-02
3.210698935779298518e-02 3.210467559971211943e-02 3.210585620743122010e-02 3.210625965105207147e-02 3.210442624549304097e-02
5.148999944694668957e-02 5.148672612615307065e-02 5.148839637920021861e-02 5.148896711396764442e-02 5.148637336910633772e-02
5.276291553354942043e-02 5.275964228406362228e-02 5.276131262400308997e-02 5.276188332524711644e-02 5.275928954794394110e-02
4.016121096264652079e-02 4.015889729285015280e-02 4.016007833168857427e-02 4.016048160010161905e-02 4.015864810538470608e-02
4.167426819133815408e-02 4.167311884405261457e-02 4.167370614542295626e-02 4.167390646846536040e-02 4.167299552824325209e-02
6.527099981924433525e-02 6.527060491924277508e-02 6.527080802919060787e-02 6.527087628790512186e-02 6.527056326941027553e-02
7.041140652335378669e-02 7.041131662248993617e-02 7.041136325051249034e-02 7.041137844600967033e-02 7.041130783727349296e-02
2.952556195404940770e-02 2.952555098870784239e-02 2.952555715038872666e-02 2.952555852622539001e-02 2.952554997603288461e-02
