2.775391393654721983e-01 2.775391211282646764e-01 2.775389168253852290e-01 2.775389429689879561e-01
4.082907344423322149e-01 4.082907393602844826e-01 4.082907593814620872e-01 4.082907536511033442e-01
3.264094948347051606e-01 3.264094803835144720e-01 3.264094743189662196e-01 3.264094678205848865e-01
3.584574620544373480e-01 3.584573173281065395e-01 3.584560294367107325e-01 3.584561630523344644e-01
3.478363100252842011e-01 3.478363297602606874e-01 3.478365496919827438e-01 3.478365245275245599e-01
2.814677963003920924e-01 2.814678066719157323e-01 2.814683302604287785e-01 2.814683069609776322e-01
2.814686867076650612e-01 2.814685948259187387e-01 2.814676693987792633e-01 2.814677582615549567e-01
3.478366159119422596e-01 3.478366135433736406e-01 3.478365126042842204e-01 3.478365157114856054e-01
3.584561793317001532e-01 3.584561666903249844e-01 3.584565886393829004e-01 3.584565998429666278e-01
3.264095371082003649e-01 3.264095310049459076e-01 3.264094974443522701e-01 3.264095026598660687e-01
4.082905530403297956e-01 4.082905533573781831e-01 4.082905467374986497e-01 4.082905465539793943e-01
2.775382889024273214e-01 2.775382866056160247e-01 2.775383514211007818e-01 2.775383531435175466e-01
