3.991116722092596936e-01 4.002485494091344576e-01 3.992326591125246460e-01 4.003838564630519681e-01
4.086920810461839304e-01 4.092424502795271590e-01 4.085869421350014630e-01 4.089974557645657538e-01
4.127640473984833802e-01 4.126007409331852172e-01 4.109725365191067015e-01 4.103494273641954959e-01
4.180676013833741211e-01 4.180773056475882155e-01 4.180931334924108400e-01 4.183017374091502205e-01
4.120252118312888734e-01 4.118895589217566600e-01 4.093009538552150328e-01 4.089743582779511444e-01
4.505715490968495995e-01 4.514043629648588629e-01 4.520253582243485835e-01 4.524829720766607721e-01
4.539931958016270030e-01 4.524489836593773573e-01 4.523798814101019361e-01 4.514222443499592008e-01
4.084484457436234894e-01 4.084539240564177831e-01 4.125088974464630187e-01 4.122072918901006355e-01
4.176266747349189901e-01 4.183456281565876012e-01 4.157243913665578661e-01 4.150287243086994704e-01
4.082815129919506458e-01 4.082651694179783020e-01 4.113759918777449287e-01 4.110143863794237795e-01
4.081842491581586518e-01 4.081237378300393570e-01 4.085066703890994910e-01 4.083949292932849140e-01
4.019196985615073325e-01 4.015800357347044658e-01 4.018597891445764292e-01 4.015090244814543130e-01
