4.114975957166427945e-01 4.114771334263816471e-01 4.114970857276622485e-01 4.115062214911060501e-01 4.114575678037829531e-01
4.432204961933073895e-01 4.432370771367277751e-01 4.432866129108272157e-01 4.433039066911412251e-01 4.432167663065335050e-01
4.569095298791682747e-01 4.568178236239167078e-01 4.568798450373751652e-01 4.569284706788188100e-01 4.567747808931789111e-01
4.334944604314802108e-01 4.334756326665603066e-01 4.332316398324220774e-01 4.330164350286569985e-01 4.330607276081403501e-01
4.338001750684420399e-01 4.337790904361823463e-01 4.337074566699993805e-01 4.336876051491080353e-01 4.336979933131364651e-01
4.225105996660683538e-01 4.224416970001473870e-01 4.224529625291796875e-01 4.225111772782660369e-01 4.224305360152717514e-01
4.225093353007923214e-01 4.225154816929626578e-01 4.224462980798739387e-01 4.224379276799919425e-01 4.224692715093531503e-01
4.336633992260836568e-01 4.335786427377371077e-01 4.336060479252533129e-01 4.336846245638386610e-01 4.336464813635791948e-01
4.326972831577972634e-01 4.326700007696092642e-01 4.328963126923510707e-01 4.330934723532759989e-01 4.330315664177518120e-01
4.562452426996575494e-01 4.563612648819301842e-01 4.562845367004689234e-01 4.561910419749781176e-01 4.562955693633995446e-01
4.425628483528791235e-01 4.425838875491587276e-01 4.424860322151550895e-01 4.424098674839238576e-01 4.424736904033290674e-01
4.111621315256015485e-01 4.111957243047177912e-01 4.111676985166108356e-01 4.111436869737769562e-01 4.111815293746141076e-01
