3.359969698485626988e-01 3.359954775298254481e-01 3.359951175274055735e-01 3.359953916162480847e-01
4.577500599765005895e-01 4.577460310174600311e-01 4.577411896162500438e-01 4.577457124427473656e-01
4.552924059212779540e-01 4.552906085204870834e-01 4.552936658243781909e-01 4.552906397059988675e-01
4.396174827496470705e-01 4.396129759707236295e-01 4.396005117893085901e-01 4.396122014901323594e-01
4.595566052263807544e-01 4.595537079491539001e-01 4.595568458576354542e-01 4.595537235180796598e-01
3.518100819430812209e-01 3.517966076142962639e-01 3.518039865748538997e-01 3.517967945223208215e-01
3.517974983212240891e-01 3.518059266140385888e-01 3.517971649928010591e-01 3.518079613637959957e-01
4.595535537500310408e-01 4.595566266859663629e-01 4.595534830996022557e-01 4.595562424126344303e-01
4.396099251642477945e-01 4.396046594759176473e-01 4.396133304714022749e-01 4.396105074709860117e-01
4.552907445320885649e-01 4.552929613248641316e-01 4.552904579135622631e-01 4.552924278739158837e-01
4.577442648613981313e-01 4.577431789252430216e-01 4.577459990060832595e-01 4.577461431983191886e-01
3.359952273945346901e-01 3.359954092750620513e-01 3.359955252409919657e-01 3.359959858786372155e-01
