5.049824898393152628e-01 5.049960337045026337e-01 5.050148731604591212e-01 5.049896459028181406e-01 5.050278809283647030e-01
4.884618565969641724e-01 4.884080453327231397e-01 4.883772089686449491e-01 4.884954163300807561e-01 4.883420576328550422e-01
4.854693503234553398e-01 4.856722636965958295e-01 4.859456907268702719e-01 4.853206933278556567e-01 4.860393425224146524e-01
5.285084727169581109e-01 5.280041687279175555e-01 5.262746037494856477e-01 5.295564201629022749e-01 5.258290113791880271e-01
5.302568765776098925e-01 5.310675143446252910e-01 5.377187618316573436e-01 5.259686116740120987e-01 5.378789367647474062e-01
5.069381195586313282e-01 5.066070379135925172e-01 4.828149989434005196e-01 5.214307180483171988e-01 4.822003696605054457e-01
4.815004385636095785e-01 4.814270996941297787e-01 5.224360631601059346e-01 4.561203534378512892e-01 5.222678208391035026e-01
5.219183613548772360e-01 5.223129751914076246e-01 4.766162535279679369e-01 5.497511704701968371e-01 4.769939669014024441e-01
4.946776490181175601e-01 4.943699256815168863e-01 5.209506393813988501e-01 4.781172876363539159e-01 5.206611490591713798e-01
4.724560394146798958e-01 4.725602995361657954e-01 4.626163055620001185e-01 4.785707218553316711e-01 4.626906014505612341e-01
4.830867756119321954e-01 4.830659441531452991e-01 4.852905512556113798e-01 4.817042131951614903e-01 4.852731110813969240e-01
5.033808388292492220e-01 5.033775940689567685e-01 5.027031776979942190e-01 5.037968164692689932e-01 5.027083848538711486e-01
