5.680325160543360681e-03 5.680155250998010670e-03 5.680005139723520204e-03 5.679874581708654023e-03
2.260118085531169149e-02 2.260070054516045632e-02 2.260029862410680573e-02 2.260054507961741996e-02
7.836265688984754563e-02 7.836185469759607281e-02 7.836202402049648186e-02 7.836213506570320619e-02
1.088028178721582306e-01 1.088025941431117610e-01 1.088028539275477935e-01 1.088030797710350661e-01
7.059758952638348073e-02 7.059782567434677580e-02 7.059752067709490486e-02 7.059778170169102307e-02
9.981147418590224918e-02 9.981019108207787871e-02 9.981067620027020415e-02 9.981068861955384730e-02
9.981785080239156949e-02 9.981762423849122046e-02 9.981766514894853393e-02 9.981823576269839571e-02
7.075962212128820983e-02 7.076023699855721327e-02 7.076001815439705855e-02 7.075992616363550869e-02
1.116590487044053503e-01 1.116585577495021464e-01 1.116589067955918863e-01 1.116581486841068394e-01
1.066677353460474126e-01 1.066670025235097047e-01 1.066665161548000090e-01 1.066659677463096950e-01
1.306111408265822893e-01 1.306107003008167566e-01 1.306098164738647149e-01 1.306096903946057930e-01
9.463240538849491956e-02 9.463230709892925252e-02 9.463201517769699589e-02 9.463201195233932050e-02
