7.810700643074035602e-05 7.810700591665552825e-05 7.810700715868708452e-05 7.810700376459786206e-05
9.851884752904566372e-04 9.851884750808333029e-04 9.851884768738189847e-04 9.851884708194601475e-04
7.230305095879808672e-03 7.230305106304327559e-03 7.230305103579934799e-03 7.230305089112434684e-03
3.223348148788858503e-02 3.223348149429475923e-02 3.223348149517008682e-02 3.223348147335288599e-02
8.314065312427267040e-02 8.314065313617470532e-02 8.314065313607268970e-02 8.314065312717311418e-02
1.263322648127750414e-01 1.263322648194022957e-01 1.263322648207281240e-01 1.263322648215699229e-01
1.263322648076733445e-01 1.263322648136958604e-01 1.263322648179980301e-01 1.263322648162386042e-01
8.314065310990043089e-02 8.314065310491704219e-02 8.314065311987069162e-02 8.314065312380729267e-02
3.223348147503089095e-02 3.223348146432004208e-02 3.223348148543934283e-02 3.223348149198630025e-02
7.230305093245041267e-03 7.230305083943532052e-03 7.230305103868222422e-03 7.230305108462310552e-03
9.851884712028314336e-04 9.851884662165357690e-04 9.851884764104344456e-04 9.851884785457428687e-04
7.810700506184394540e-05 7.810700418022843185e-05 7.810700608704528578e-05 7.810700681100128293e-05
