2.668363145497054667e-01 2.668327673717163506e-01 2.668255659930169887e-01 2.668290432726840855e-01 2.668260638931536088e-01
3.738218093278994347e-01 3.738119192643657995e-01 3.738052108382183270e-01 3.738011915333269153e-01 3.737855082675076712e-01
3.663379593754912400e-01 3.663298272139420275e-01 3.663174275029889015e-01 3.663095724226418382e-01 3.663084556634312872e-01
3.725763100872222511e-01 3.725921208784471750e-01 3.725756596475205407e-01 3.725851954675711841e-01 3.725903083133755844e-01
3.657917817374558012e-01 3.658259197248797112e-01 3.658184530134178658e-01 3.657981884879706880e-01 3.658146225257588036e-01
3.524137478644563948e-01 3.524715502637413289e-01 3.524264119917101534e-01 3.524068619196501495e-01 3.524483240838741649e-01
3.538421595514531504e-01 3.538705503430186194e-01 3.538970684852874582e-01 3.539644053442245752e-01 3.539801349103910422e-01
3.562651472794958196e-01 3.563006102284306253e-01 3.562808333705739239e-01 3.562749443037056540e-01 3.563088419674897422e-01
3.407198647165793903e-01 3.407680491960380365e-01 3.406758788244390601e-01 3.405761500853653478e-01 3.406436295947690152e-01
3.652932903099923578e-01 3.653017726693624789e-01 3.653068249028536552e-01 3.653030645619085859e-01 3.653122161032139603e-01
2.769275388219707423e-01 2.769371065599348647e-01 2.769198040228455504e-01 2.769097482666352250e-01 2.769115951059736291e-01
2.091451839106467370e-01 2.091591662230731785e-01 2.091167060579035286e-01 2.090793380261162515e-01 2.090942837592530412e-01
