2.935785999936583179e-01 2.936008019071250086e-01 2.935917155462453576e-01 2.935689269330301054e-01 2.935792740140196755e-01
4.141392326244676125e-01 4.141434267911855427e-01 4.141858279136104160e-01 4.141736815891567391e-01 4.141536790115627475e-01
3.922395532377316307e-01 3.922099607567052226e-01 3.921146327754581051e-01 3.920895517950120923e-01 3.920328135920484458e-01
3.987160584935038332e-01 3.987921558182911386e-01 3.986314433471526142e-01 3.983943998733501801e-01 3.982826524421983483e-01
3.992988910710392192e-01 3.992363716294993758e-01 3.992721114643409397e-01 3.992926513515015485e-01 3.992318509111197344e-01
3.825465018034097664e-01 3.824226612692708249e-01 3.825291351508457449e-01 3.822990610754181673e-01 3.822255017296333768e-01
3.862234083082700109e-01 3.861174963364401025e-01 3.861713943033007190e-01 3.859746315613392653e-01 3.858736018309981142e-01
3.998754416419718072e-01 3.998987762300168503e-01 3.999069592185479083e-01 3.999187337708949852e-01 3.999131513168459606e-01
3.830359864641329493e-01 3.833079237671144779e-01 3.831053743589955540e-01 3.827989087664420143e-01 3.828367044097244487e-01
3.900934367733994712e-01 3.900742749200162285e-01 3.901154778688503133e-01 3.901783173154275142e-01 3.901936027575591548e-01
3.346876344524205016e-01 3.347134197868080752e-01 3.347853752481072531e-01 3.346604251057709312e-01 3.347095981002041754e-01
2.261035839894098565e-01 2.262615018292091773e-01 2.261042718882651514e-01 2.258628605526002975e-01 2.259246012154496053e-01
