1.835476835947416542e-04 1.835476915937004358e-04 1.835476886554788297e-04 1.835476737791366469e-04 1.835476760971075489e-04
1.695601762517205116e-03 1.695601827326030956e-03 1.695601817632540155e-03 1.695601708955018095e-03 1.695601733081412120e-03
8.958035698527478524e-03 8.958036057148857645e-03 8.958035811438107288e-03 8.958035242115861690e-03 8.958035622695599554e-03
3.032958340270991773e-02 3.032958387689255880e-02 3.032958368645414376e-02 3.032958341018160767e-02 3.032958332636928947e-02
6.555728737568275455e-02 6.555728732809242010e-02 6.555728734865876040e-02 6.555728715274687646e-02 6.555728718310875613e-02
9.327594397556035477e-02 9.327594405892920826e-02 9.327594404861286326e-02 9.327594392731065887e-02 9.327594390816042191e-02
9.327594391217661207e-02 9.327594425467727879e-02 9.327594420010483500e-02 9.327594394846078218e-02 9.327594378875546377e-02
6.555728709650877895e-02 6.555728759618729973e-02 6.555728765776529243e-02 6.555728714273099944e-02 6.555728693325292566e-02
3.032958332367683557e-02 3.032958383508723918e-02 3.032958398553731519e-02 3.032958329180956633e-02 3.032958324148020413e-02
8.958035719238893746e-03 8.958035976986238047e-03 8.958036147550394596e-03 8.958035630155528062e-03 8.958035535378713193e-03
1.695601676401623436e-03 1.695601790826611150e-03 1.695601865864513691e-03 1.695601728236077266e-03 1.695601664255176610e-03
1.835476587121648068e-04 1.835476794646852500e-04 1.835476914876353225e-04 1.835476688341168029e-04 1.835476537705513906e-04
