4.241977563251924099e-01 4.241987363708632497e-01 4.241969007319369434e-01 4.241982481190371690e-01
4.956076921104629052e-01 4.956103242450247137e-01 4.956073860960722444e-01 4.956092791925378327e-01
4.327392673523040023e-01 4.327397175857852774e-01 4.327384408511476543e-01 4.327378975118042481e-01
4.834050977507831637e-01 4.834062345185334286e-01 4.834052943563073024e-01 4.834045611304051970e-01
4.478902356457098444e-01 4.478906221247676012e-01 4.478887950555872632e-01 4.478872205028122111e-01
4.661771578121162163e-01 4.661767374959818744e-01 4.661767255726435022e-01 4.661760078747141933e-01
4.661741914441289714e-01 4.661726343212372892e-01 4.661743474242567853e-01 4.661731488649860089e-01
4.478882894606467935e-01 4.478872159709130774e-01 4.478884103629325319e-01 4.478880417814334325e-01
4.833977398640982304e-01 4.833971592392376504e-01 4.833989065600385326e-01 4.833977887469254608e-01
4.327345745744288208e-01 4.327346986548347152e-01 4.327346699444142297e-01 4.327348544424593491e-01
4.956013027895496137e-01 4.956008175236656932e-01 4.956015118290637567e-01 4.956010091987817501e-01
4.241883689885538877e-01 4.241878006384712241e-01 4.241883177369797919e-01 4.241878633054487202e-01
