2.635418835031266283e-01 2.635470724962197808e-01 2.635157174581082007e-01 2.634916605209343121e-01 2.635018574998041485e-01
3.798142071901530747e-01 3.798015396642654418e-01 3.798029172106149320e-01 3.797968298958638855e-01 3.797798675910694643e-01
3.916303806921503927e-01 3.916104507462120354e-01 3.916210325812911619e-01 3.916237401460367917e-01 3.916158613941688182e-01
3.891844271409508060e-01 3.891755278287687414e-01 3.891289638056371070e-01 3.890915311215836780e-01 3.890511293470145238e-01
3.999394379485621820e-01 3.999257465389370880e-01 3.998971070861654931e-01 3.998816754467079404e-01 3.997970535242210688e-01
3.795179909718582878e-01 3.794929890396660510e-01 3.794743404168370859e-01 3.794574525964998779e-01 3.794419826526174155e-01
3.795867261047484176e-01 3.795722144733464365e-01 3.795873501210034751e-01 3.795799730697647090e-01 3.795844923373555280e-01
3.998250023734551406e-01 3.998205501893477565e-01 3.998370254735625906e-01 3.998513934392203262e-01 3.998491521635327839e-01
3.884672012030643828e-01 3.884753041668507767e-01 3.884816240432584777e-01 3.884881708135377587e-01 3.884955939647788403e-01
3.914719781264655030e-01 3.914759986547373671e-01 3.914733418090732830e-01 3.914687874973602488e-01 3.914710086366113839e-01
3.764564154746471436e-01 3.764574540720665996e-01 3.764593612077499207e-01 3.764527072954699238e-01 3.764649908261662459e-01
2.607339969482141973e-01 2.607373494774196665e-01 2.607394541903499396e-01 2.607400834373446719e-01 2.607429243535415719e-01
