4.244247487601085500e-01 4.244176463075386985e-01 4.244108047562196173e-01 4.244021591392643233e-01
4.958980526533541267e-01 4.959196140377929996e-01 4.958907975922812184e-01 4.959040203868901320e-01
4.325952731134037887e-01 4.325771287357599859e-01 4.325792534229038200e-01 4.325539250589545137e-01
4.837249219277914292e-01 4.837079506447708455e-01 4.837030462467438729e-01 4.836778404960262456e-01
4.476440161788889371e-01 4.476329810809264176e-01 4.476238951163524771e-01 4.476331992503082557e-01
4.662439596141454423e-01 4.662250373072313603e-01 4.662367453845330800e-01 4.662253388387891384e-01
4.660921418863388510e-01 4.661017241381505416e-01 4.661035501194811248e-01 4.661086127109074218e-01
4.477103709924590835e-01 4.477313893605303075e-01 4.477261546456227648e-01 4.477403643853032911e-01
4.834808240602572194e-01 4.834868208705326853e-01 4.834983635347764319e-01 4.835002457431140099e-01
4.324874456898317732e-01 4.325016866727872111e-01 4.324924922728108911e-01 4.325104319271326769e-01
4.956818426579899795e-01 4.956729321517631126e-01 4.956846997678559519e-01 4.956750805974107221e-01
4.240349822600570917e-01 4.240429738207142085e-01 4.240360523712874974e-01 4.240464613118186121e-01
