5.565819391957705964e-05 5.564685339833183499e-05 5.565263962913502576e-05 5.565461707008722002e-05 5.564563098430549536e-05
5.548864502298467716e-04 5.547963971648633670e-04 5.548423457420584076e-04 5.548580484901817923e-04 5.547866907467864130e-04
3.271294993780486833e-03 3.270900034983589572e-03 3.271101562048434920e-03 3.271170432297461177e-03 3.270857466145613273e-03
1.272323348823150430e-02 1.272208422636423968e-02 1.272267064133262779e-02 1.272287103996460299e-02 1.272196036469124686e-02
3.210698935790160663e-02 3.210467559807687887e-02 3.210585620790293998e-02 3.210625964658282705e-02 3.210442624551307356e-02
5.148999944847572341e-02 5.148672612574700658e-02 5.148839638450906919e-02 5.148896710998878551e-02 5.148637337022270860e-02
5.276291552988753020e-02 5.275964228439896514e-02 5.276131262872241212e-02 5.276188332263849479e-02 5.275928955080913529e-02
4.016121096412249292e-02 4.015889728619471966e-02 4.016007833186831244e-02 4.016048159129033401e-02 4.015864811273175961e-02
4.167426819176050373e-02 4.167311882985556132e-02 4.167370613413787922e-02 4.167390646016378569e-02 4.167299553121271705e-02
6.527099981553151353e-02 6.527060489788263919e-02 6.527080801469734017e-02 6.527087628075517456e-02 6.527056326726433932e-02
7.041140651577962317e-02 7.041131661568195144e-02 7.041136327569903763e-02 7.041137844391950895e-02 7.041130769281617185e-02
2.952556229666046875e-02 2.952555084421001896e-02 2.952555706162540011e-02 2.952555858178721598e-02 2.952555003376325371e-02
