4.087349071193838168e-01 4.087307540572877596e-01 4.087350672151800479e-01 4.087311801262222266e-01
4.938798809914772270e-01 4.938779563083039448e-01 4.938751747778458157e-01 4.938717315772945260e-01
4.306734897864312739e-01 4.306664470124803579e-01 4.306629901343862477e-01 4.306544188459745515e-01
4.872362580835407075e-01 4.872283640755497025e-01 4.872301398562207675e-01 4.872247728535566424e-01
4.546072118844748378e-01 4.545927010389701484e-01 4.545924565900071324e-01 4.545831565730244495e-01
4.747888944955390711e-01 4.747963730314989639e-01 4.747875419779130635e-01 4.747903852862636054e-01
4.748343175486455237e-01 4.748347035392473381e-01 4.748388280625462921e-01 4.748387249013371059e-01
4.545522588996879776e-01 4.545670707837977664e-01 4.545610397350779430e-01 4.545711617388459858e-01
4.872635334474765822e-01 4.872746788004061469e-01 4.872709514296309496e-01 4.872882637830938113e-01
4.306854208512320703e-01 4.306980011344601067e-01 4.306923915939150360e-01 4.306987153687514835e-01
4.938917903084327765e-01 4.938979085686955317e-01 4.938990097510619348e-01 4.939025269918211891e-01
4.088452791413655363e-01 4.088437801947042982e-01 4.088487430231627640e-01 4.088486467038781047e-01
