2.775393071888904162e-01 2.775392494322285186e-01 2.775387530625129107e-01 2.775388195024359739e-01
4.082907143616678614e-01 4.082907242392413427e-01 4.082907784637417881e-01 4.082907682077924205e-01
3.264095159340753560e-01 3.264094963585565390e-01 3.264094510029980079e-01 3.264094520962260715e-01
3.584585201964280432e-01 3.584581206332765335e-01 3.584549744491968282e-01 3.584553615757239964e-01
3.478361382364812959e-01 3.478361973437298360e-01 3.478367222659358715e-01 3.478366564061465827e-01
2.814675071224464475e-01 2.814675692507485616e-01 2.814686039096450099e-01 2.814685316837676754e-01
2.814693974733463722e-01 2.814691374588946249e-01 2.814669412980130847e-01 2.814671992345877949e-01
3.478366663410832893e-01 3.478366569005119646e-01 3.478364625800055565e-01 3.478364729698178448e-01
3.584560522026101759e-01 3.584560429821458949e-01 3.584567238854433624e-01 3.584567318834190330e-01
3.264095696748218756e-01 3.264095556873754522e-01 3.264094631256597157e-01 3.264094772545117484e-01
4.082905571094240793e-01 4.082905567390741619e-01 4.082905456561157220e-01 4.082905456057244198e-01
2.775382763073447334e-01 2.775382737347951156e-01 2.775383798682517500e-01 2.775383811030978642e-01
