1.428737434636837833e-01 1.428737416900974777e-01 1.428737322827152989e-01 1.428737344134889398e-01
2.620688253257796863e-01 2.620688294098014182e-01 2.620688104075495350e-01 2.620688128606627476e-01
2.699283033480809335e-01 2.699283188633540553e-01 2.699283059646294114e-01 2.699283112226825709e-01
2.706723988603034758e-01 2.706723898635769454e-01 2.706723997559632444e-01 2.706723949806555396e-01
2.715979067841555739e-01 2.715979607387389860e-01 2.715979607310102795e-01 2.715979595028258919e-01
2.828682299825857061e-01 2.828683518865605651e-01 2.828683456186288914e-01 2.828683594525774336e-01
2.828683087752611458e-01 2.828683844038181738e-01 2.828683911117187422e-01 2.828683952794531775e-01
2.715974196765210680e-01 2.715974296777083907e-01 2.715974428900974624e-01 2.715974382178736324e-01
2.706723929877444257e-01 2.706724046186030352e-01 2.706724165332741183e-01 2.706724219525529218e-01
2.699282254287730942e-01 2.699282498677109676e-01 2.699282598872810857e-01 2.699282707094944889e-01
2.620661167802607050e-01 2.620661230495287541e-01 2.620661333783567692e-01 2.620661438857119219e-01
1.428578669999850947e-01 1.428578679324088996e-01 1.428578842549046712e-01 1.428578842908470869e-01
