4.124191920992280602e-01 4.123830828383204250e-01 4.124084348625327578e-01 4.124510611953656203e-01 4.123497285079362751e-01
4.462864635424840243e-01 4.463138524145947583e-01 4.464013574269197204e-01 4.464065168623468915e-01 4.463337260375924709e-01
4.580606733663983299e-01 4.579462497530302212e-01 4.581649602180790648e-01 4.583006034489500169e-01 4.580988325650385828e-01
4.358025366184172245e-01 4.357561100742685101e-01 4.353728529343581788e-01 4.350363798824757877e-01 4.351649336759015885e-01
4.297693907598135743e-01 4.297378050107675818e-01 4.295520780910850878e-01 4.294118748371488770e-01 4.295472466563289293e-01
4.197883157691356670e-01 4.197108583467835108e-01 4.196154547447240035e-01 4.200472553025071387e-01 4.196693514771234756e-01
4.202994263411787279e-01 4.202155307911268900e-01 4.197465660291487266e-01 4.196755909409800589e-01 4.197092572386781906e-01
4.294318761220753955e-01 4.292396117468060823e-01 4.293794352819536586e-01 4.296062498971844890e-01 4.294495237617175221e-01
4.343175343454090953e-01 4.342411546657329313e-01 4.346809915923057765e-01 4.349535383057504534e-01 4.348327853772407936e-01
4.571881644624344876e-01 4.573657570819913976e-01 4.571186860770863891e-01 4.569378078747962091e-01 4.570969781842292301e-01
4.453782519342889268e-01 4.453946547427099500e-01 4.452487334606400893e-01 4.451274891342006379e-01 4.452311714034980494e-01
4.119593572083893873e-01 4.120042173475083058e-01 4.119558032039494222e-01 4.119266307967438534e-01 4.119800453306522448e-01
