2.448306020098878905e-02 2.448309276853050456e-02 2.448306018396691555e-02 2.448309276242222055e-02
2.026832366186403778e-01 2.026833104646285910e-01 2.026832365565212901e-01 2.026833104548884656e-01
2.313200353841418089e-01 2.313200795809206567e-01 2.313200352365864798e-01 2.313200795165498147e-01
2.270427330226122420e-01 2.270427340767206814e-01 2.270427327469070056e-01 2.270427339213137163e-01
2.213665975177946110e-01 2.213666130303143520e-01 2.213665972422167172e-01 2.213666128870137306e-01
2.181860182915787705e-01 2.181860949144178718e-01 2.181860182721324093e-01 2.181860949395008908e-01
2.190089967778488245e-01 2.190090734819994667e-01 2.190089968781657737e-01 2.190090735888365614e-01
2.221107690216275465e-01 2.221107846930437946e-01 2.221107690868738271e-01 2.221107847531234580e-01
2.270974521716695727e-01 2.270974533392075834e-01 2.270974521086557563e-01 2.270974533424688357e-01
2.340241552550390292e-01 2.340241996318443707e-01 2.340241554895456377e-01 2.340241998610396168e-01
2.523620777535547366e-01 2.523621517756557964e-01 2.523620779927777114e-01 2.523621519911044553e-01
2.203146236553067405e-01 2.203146563687279902e-01 2.203146238756058528e-01 2.203146565149512459e-01
