2.936954717159486750e-01 2.936974999920989871e-01 2.936945278918581259e-01 2.936892060488773271e-01 2.936699314610665135e-01
4.143100068871315433e-01 4.143065010909451895e-01 4.142591779445151667e-01 4.142512984062864945e-01 4.141921836156117753e-01
3.922206636899625565e-01 3.921731579390957401e-01 3.920966200601237461e-01 3.920357078686494412e-01 3.919937553114025142e-01
3.989430471736036821e-01 3.990445483819578532e-01 3.988886197998989802e-01 3.986246409992195705e-01 3.985362863797790589e-01
3.993099116464562393e-01 3.992076986714837572e-01 3.992784267494500217e-01 3.993116374780621980e-01 3.992262089365063993e-01
3.831372286488782808e-01 3.829324387516798711e-01 3.829764907627848380e-01 3.828112446787940715e-01 3.826432530649141461e-01
3.867492127151317405e-01 3.867154600119269703e-01 3.866510979860960928e-01 3.865412808082657192e-01 3.864320893019116410e-01
3.998805349236252416e-01 3.998927835227668037e-01 3.998950336751448398e-01 3.999081270360156370e-01 3.999087823661097163e-01
3.831183102936883689e-01 3.833530085551519195e-01 3.831240108698847902e-01 3.827768435180513018e-01 3.828626533730214998e-01
3.900449337057071419e-01 3.900197588183622610e-01 3.900851205661576837e-01 3.901570863295505398e-01 3.901626440799603746e-01
3.339312988527174397e-01 3.339051063631376937e-01 3.339592045250473484e-01 3.338630681720288762e-01 3.338620736237830622e-01
2.254923295321467069e-01 2.256140637174732233e-01 2.254609093102079576e-01 2.252091654457772096e-01 2.252666159541356072e-01
