9.230000213554064026e-02 9.229986974418892542e-02 9.229991789210925668e-02 9.229998224067545443e-02 9.229998540645652227e-02
1.799968160604158429e-01 1.799967229767020782e-01 1.799968162663568294e-01 1.799968443426465670e-01 1.799968129533514039e-01
1.856515046203706942e-01 1.856514942330633744e-01 1.856515301400430418e-01 1.856515071662505900e-01 1.856514985144263608e-01
1.819208820639209856e-01 1.819208837028382930e-01 1.819208822719288465e-01 1.819208687090783927e-01 1.819208757925269704e-01
1.801250011379891269e-01 1.801249977471935659e-01 1.801249924911784983e-01 1.801250014545444922e-01 1.801250048141821436e-01
1.790930088166788059e-01 1.790930116044302245e-01 1.790930079055595980e-01 1.790930103196529954e-01 1.790930041966256603e-01
1.790926244212607543e-01 1.790926220288158455e-01 1.790926277715423065e-01 1.790926250100414729e-01 1.790926225595133592e-01
1.801250268394089527e-01 1.801250347024637710e-01 1.801250372705226477e-01 1.801250376992625246e-01 1.801250329254625027e-01
1.819229188316278112e-01 1.819229334275156706e-01 1.819229146700555855e-01 1.819229214304241560e-01 1.819229246424433899e-01
1.856894981218225604e-01 1.856895634179504539e-01 1.856895409854883439e-01 1.856894531055635622e-01 1.856894577122331080e-01
1.805232058969162279e-01 1.805232087528768625e-01 1.805232068006414337e-01 1.805230992131344192e-01 1.805231014338171680e-01
9.355962814005121253e-02 9.355964829712132280e-02 9.355962851270292757e-02 9.355955837318934154e-02 9.355955928522020904e-02
