1.323406375170529947e-01 1.323406374328975066e-01 1.323406375920545275e-01 1.323406373969714389e-01 1.323406375286805270e-01
1.787042857175397681e-01 1.787042854110469092e-01 1.787042859894906466e-01 1.787042853217247207e-01 1.787042857802787765e-01
1.489711104674510400e-01 1.489711100090202467e-01 1.489711108724915689e-01 1.489711099197729705e-01 1.489711105827142834e-01
1.482147308332439628e-01 1.482147304855114811e-01 1.482147311342550400e-01 1.482147304218297823e-01 1.482147309166786109e-01
1.491092661589108470e-01 1.491092660369702783e-01 1.491092662591912699e-01 1.491092660136949521e-01 1.491092661839499844e-01
1.426550646721106985e-01 1.426550646694627611e-01 1.426550646765554209e-01 1.426550646696380931e-01 1.426550646807526468e-01
1.426529573929103956e-01 1.426529573942985629e-01 1.426529574061830286e-01 1.426529573991565658e-01 1.426529574171121195e-01
1.490898187599986047e-01 1.490898186566604056e-01 1.490898188783095768e-01 1.490898186366437228e-01 1.490898188219295095e-01
1.478106286204205755e-01 1.478106282954049222e-01 1.478106289370183513e-01 1.478106282302122376e-01 1.478106287366508509e-01
1.411032892968624719e-01 1.411032888498953419e-01 1.411032897188735369e-01 1.411032887807919245e-01 1.411032894519496095e-01
1.040741761860515119e-01 1.040741758767633057e-01 1.040741764734456759e-01 1.040741758257318073e-01 1.040741762878777121e-01
1.527403487968800704e-02 1.527403479170990133e-02 1.527403496064695665e-02 1.527403477673584462e-02 1.527403490812173810e-02
