4.124483096907016061e-02 4.124482000328504039e-02 4.124483759548266959e-02 4.124485757305158817e-02 4.124485632554038966e-02
2.377038885396943191e-01 2.377038798567969458e-01 2.377038942912952924e-01 2.377039083049626300e-01 2.377039087326178191e-01
2.664735056199113439e-01 2.664734962787534411e-01 2.664735073002418853e-01 2.664735204514407929e-01 2.664735186544299750e-01
2.497425209620267317e-01 2.497425208812762698e-01 2.497425200184938687e-01 2.497425173345155514e-01 2.497425161187795672e-01
2.435795837408271103e-01 2.435795879939908481e-01 2.435795874923237792e-01 2.435795830473480306e-01 2.435795828208376090e-01
2.613027953770351575e-01 2.613027907894341917e-01 2.613028006237468337e-01 2.613028125694932258e-01 2.613028130079727007e-01
2.616113531350527377e-01 2.616113462547122182e-01 2.616113557335409401e-01 2.616113685601017536e-01 2.616113678475868176e-01
2.456134867283007728e-01 2.456134894566794347e-01 2.456134852095530618e-01 2.456134807627153860e-01 2.456134809130843533e-01
2.497212210054321202e-01 2.497212220127420779e-01 2.497212208039677750e-01 2.497212189624177792e-01 2.497212195880831320e-01
2.680396653810266372e-01 2.680396574664142273e-01 2.680396673035994048e-01 2.680396810516316175e-01 2.680396806246305164e-01
2.694576460409860985e-01 2.694576379847209990e-01 2.694576499327554497e-01 2.694576659999995960e-01 2.694576647299400940e-01
2.055094532338584690e-01 2.055094420412899303e-01 2.055094566843416182e-01 2.055094767837115921e-01 2.055094744924034489e-01
