3.221095750979988126e-02 3.221110770240944582e-02 3.221128930007024355e-02 3.221133370292245807e-02 3.221115431726655209e-02
1.906475815108846228e-01 1.906478618376500622e-01 1.906478765507146067e-01 1.906477753903473848e-01 1.906476193462467161e-01
2.175500698446961589e-01 2.175499075978257757e-01 2.175496843800229785e-01 2.175493867548436433e-01 2.175495258691842460e-01
2.193706888221895746e-01 2.193704546022783863e-01 2.193702794692864999e-01 2.193699330101553380e-01 2.193699405470920794e-01
2.208518652547517558e-01 2.208519800856652837e-01 2.208523980753449023e-01 2.208520446437598483e-01 2.208518219556792617e-01
2.208176512201304731e-01 2.208186180280724276e-01 2.208208000285187544e-01 2.208214610174940584e-01 2.208204982089410351e-01
2.198035831535953000e-01 2.198068572563393608e-01 2.198086988186843116e-01 2.198096107656831166e-01 2.198093962550946023e-01
2.201037212989721548e-01 2.201092711098107946e-01 2.201108290486812613e-01 2.201108376367599817e-01 2.201111855517595139e-01
2.194381752983937950e-01 2.194417517268280604e-01 2.194436337265396886e-01 2.194441154734182997e-01 2.194437648966554300e-01
2.202211969292416638e-01 2.202221172612687794e-01 2.202223423790011236e-01 2.202227626019692130e-01 2.202231193265633269e-01
2.335574742413487614e-01 2.335584596633971111e-01 2.335581093034525269e-01 2.335584080646765648e-01 2.335587888379390409e-01
1.854094784198606904e-01 1.854097858183345326e-01 1.854094863838541551e-01 1.854095925715190385e-01 1.854098795961266199e-01
