2.954823762085608263e-01 2.954824359921539578e-01 2.954822863189711657e-01 2.954821923819992979e-01
4.167940561147792655e-01 4.167940166589131912e-01 4.167940393503934970e-01 4.167941157078805525e-01
4.107323648210113864e-01 4.107323643128819590e-01 4.107324063742261999e-01 4.107324239782792485e-01
3.592975728641785715e-01 3.592977155141209300e-01 3.592974697751987745e-01 3.592973754622485472e-01
4.386102714770075961e-01 4.386102947737025026e-01 4.386102944622649602e-01 4.386103014313518234e-01
3.290832698199654960e-01 3.290834180314740065e-01 3.290832207640093099e-01 3.290830550921416409e-01
3.290831507238317077e-01 3.290831712344599591e-01 3.290832842980016548e-01 3.290832788230274586e-01
4.386101680760722266e-01 4.386101597648655592e-01 4.386102035695199630e-01 4.386101895864624178e-01
3.592975608386811959e-01 3.592975797985741293e-01 3.592976960088947735e-01 3.592976799445874447e-01
4.107324086944972308e-01 4.107324068408393369e-01 4.107323870782665365e-01 4.107323723852131514e-01
4.167942424385665534e-01 4.167942655930521600e-01 4.167942155439406937e-01 4.167941950293672648e-01
2.954824708972162983e-01 2.954824691130966130e-01 2.954825496286364039e-01 2.954825564026337115e-01
