7.542125252352540124e-03 7.542125271939814635e-03 7.542125267440018266e-03 7.542125260291027665e-03 7.542125263919541821e-03
5.742909274800857972e-02 5.742909275739117164e-02 5.742909276400492979e-02 5.742909276056827605e-02 5.742909280821954093e-02
1.124417453637402975e-01 1.124417454096779262e-01 1.124417454187381371e-01 1.124417453969764058e-01 1.124417454652201220e-01
1.161017557104910836e-01 1.161017557400443184e-01 1.161017557630053543e-01 1.161017557391346433e-01 1.161017557543334161e-01
1.329530498400197658e-01 1.329530498475769151e-01 1.329530499225589357e-01 1.329530499115553765e-01 1.329530499062122617e-01
1.735322302755532842e-01 1.735322302841850184e-01 1.735322303323784954e-01 1.735322303672099387e-01 1.735322303232575136e-01
1.735322304260655812e-01 1.735322304269242832e-01 1.735322304253977266e-01 1.735322304553394701e-01 1.735322304311438801e-01
1.329530500502796864e-01 1.329530500485246458e-01 1.329530500526210079e-01 1.329530500608869792e-01 1.329530500590184461e-01
1.161017559370346036e-01 1.161017559344937888e-01 1.161017559434163876e-01 1.161017559418280054e-01 1.161017559464464499e-01
1.124417456735675863e-01 1.124417456765119533e-01 1.124417456789825881e-01 1.124417456766022977e-01 1.124417456784437136e-01
5.742909309103440274e-02 5.742909309310625932e-02 5.742909309233927562e-02 5.742909308944309232e-02 5.742909308994995077e-02
7.542125419396991312e-03 7.542125419725412630e-03 7.542125419113678009e-03 7.542125418108590502e-03 7.542125418253785123e-03
