4.900748307156919670e-01 4.900750513027474220e-01 4.900752334100955121e-01 4.900753398264823812e-01
5.124519937488436483e-01 5.124516113727850541e-01 5.124497994970057535e-01 5.124496130962967744e-01
4.998098102969690815e-01 4.998095308941680748e-01 4.998065153173870123e-01 4.998059212122120121e-01
4.970970422280405754e-01 4.970935156647642850e-01 4.970887419825359421e-01 4.970876259148508947e-01
5.044625325452338771e-01 5.044666535308692801e-01 5.044674499630646958e-01 5.044603542389156647e-01
4.961541707433015369e-01 4.961259113217551531e-01 4.961178636259246932e-01 4.961078770184278453e-01
4.960884208742326607e-01 4.961223283993816402e-01 4.961302198566877042e-01 4.961439987139929508e-01
5.044651352724509596e-01 5.044414749104469964e-01 5.044559927886326234e-01 5.044428671403442532e-01
4.970793939629480906e-01 4.970897850699020903e-01 4.970940427575444298e-01 4.970980538892695311e-01
4.998015768027087025e-01 4.998001862447032928e-01 4.998061890338845736e-01 4.998045100352757619e-01
5.124429371302996472e-01 5.124438926868966071e-01 5.124468764762588613e-01 5.124462251893052711e-01
4.900721189073360962e-01 4.900732895781028664e-01 4.900724521480337437e-01 4.900730426630658387e-01
