2.050988367166980408e-01 2.050987847693420685e-01 2.050986725725596760e-01 2.050986554221267966e-01 2.050986961080275561e-01
2.695424561078611503e-01 2.695423803362896331e-01 2.695424750697673066e-01 2.695424156582468811e-01 2.695423489695943364e-01
2.688625973806674785e-01 2.688625502090957187e-01 2.688626074096451823e-01 2.688626136402945122e-01 2.688627214617138605e-01
2.498868503247484718e-01 2.498868775811039777e-01 2.498868117656891097e-01 2.498868018574945948e-01 2.498868542023874317e-01
2.443613632227194243e-01 2.443614137703453704e-01 2.443613562548889728e-01 2.443613125814952935e-01 2.443612995581388447e-01
2.614568389614999600e-01 2.614568371278843117e-01 2.614567193087778962e-01 2.614567384002879358e-01 2.614568290036703435e-01
2.617524701728890513e-01 2.617526621025342837e-01 2.617523955801491220e-01 2.617523571032770446e-01 2.617524197275166165e-01
2.427362589621132605e-01 2.427364258048114176e-01 2.427360910228257007e-01 2.427360074521111577e-01 2.427360463644060162e-01
2.498559467018634517e-01 2.498559564752189655e-01 2.498558785548035399e-01 2.498559401025229332e-01 2.498559447486914664e-01
2.668383636852174057e-01 2.668384031834581394e-01 2.668384800760948972e-01 2.668385683751359760e-01 2.668385432116264222e-01
2.378858972732475485e-01 2.378860355160858919e-01 2.378859207547990295e-01 2.378859382768510056e-01 2.378859432012238595e-01
4.172231532874468019e-02 4.172240632317111841e-02 4.172227655395641110e-02 4.172218957128443623e-02 4.172220204048028569e-02
