2.619544901049682961e-01 2.619543996208409942e-01 2.619540913479005417e-01 2.619543323478488173e-01 2.619544258664248670e-01
3.778494621051055602e-01 3.778492333850203555e-01 3.778491827269942482e-01 3.778491943394954311e-01 3.778491493503103871e-01
3.914832928398410683e-01 3.914832956022486488e-01 3.914835877820008192e-01 3.914838931157741397e-01 3.914839487038246912e-01
3.888481935733772987e-01 3.888483382249036113e-01 3.888482058390211327e-01 3.888481512700285303e-01 3.888483379812197605e-01
3.998725982118060962e-01 3.998727371486061610e-01 3.998726343331356348e-01 3.998725009482201886e-01 3.998724511453227715e-01
3.799931814412546016e-01 3.799931193154832409e-01 3.799931247616252228e-01 3.799930268903465302e-01 3.799930752290807123e-01
3.799926653413284727e-01 3.799925521963328778e-01 3.799924961419611780e-01 3.799924820255451974e-01 3.799924446137573075e-01
3.998717545224158010e-01 3.998717560522734304e-01 3.998717111128184953e-01 3.998717370059750587e-01 3.998716877862852348e-01
3.888476996866065405e-01 3.888476638279089737e-01 3.888476239782798771e-01 3.888476580036288044e-01 3.888476763556225624e-01
3.914832943106995033e-01 3.914832782468664063e-01 3.914832370378611426e-01 3.914831966089626913e-01 3.914832112893719129e-01
3.778486030413572561e-01 3.778485654711759567e-01 3.778486281716949557e-01 3.778486221913232579e-01 3.778486328053881071e-01
2.619550913518561286e-01 2.619550671988728485e-01 2.619551020473531167e-01 2.619551038250348407e-01 2.619551022000515816e-01
