2.030541824227375037e-05 2.030511951140573549e-05 2.030541824149240991e-05 2.030511928957574839e-05
2.811685597148893883e-04 2.811661933670017840e-04 2.811685596579963130e-04 2.811661918953142661e-04
2.351697088124345743e-03 2.351686709586132875e-03 2.351697087714985264e-03 2.351686705141833346e-03
1.241253494045905376e-02 1.241250482281761915e-02 1.241253493844931936e-02 1.241250481559523847e-02
3.922752342004955095e-02 3.922746304167611803e-02 3.922752341283586991e-02 3.922746303544785013e-02
7.075732885575074238e-02 7.075724369802482983e-02 7.075732884291989488e-02 7.075724369464569952e-02
7.128586962020819207e-02 7.128578450020829627e-02 7.128586965511594931e-02 7.128578449578633347e-02
4.400568055988055005e-02 4.400562041533848112e-02 4.400568077714119702e-02 4.400562044524189420e-02
3.715257201998936609e-02 3.715254250261324637e-02 3.715257306757068639e-02 3.715254273704966803e-02
7.413099859954898341e-02 7.413098870953256647e-02 7.413099946347823099e-02 7.413098885736206511e-02
1.007452528519875157e-01 1.007452502159252028e-01 1.007452525366746010e-01 1.007452497988977069e-01
4.762925582148715836e-02 4.762925549234903189e-02 4.762925575829835001e-02 4.762925540915702305e-02
