2.030541826115517864e-05 2.030511952946469138e-05 2.030541825645488100e-05 2.030511930501434009e-05
2.811685597405528332e-04 2.811661933461768624e-04 2.811685596768690744e-04 2.811661919573004353e-04
2.351697088099765579e-03 2.351686709334439244e-03 2.351697087743364906e-03 2.351686705366926727e-03
1.241253494019066254e-02 1.241250482212660072e-02 1.241253493845718807e-02 1.241250481589958703e-02
3.922752341930627745e-02 3.922746304056132227e-02 3.922752341267090465e-02 3.922746303519312333e-02
7.075732885530386373e-02 7.075724369690239435e-02 7.075732884266754119e-02 7.075724369382677126e-02
7.128586962200525456e-02 7.128578449942019057e-02 7.128586965498870387e-02 7.128578449534817008e-02
4.400568056310889126e-02 4.400562041471206554e-02 4.400568077836204683e-02 4.400562044480368917e-02
3.715257202157897648e-02 3.715254250655908308e-02 3.715257306596290998e-02 3.715254273460766310e-02
7.413099860365139626e-02 7.413098871497379727e-02 7.413099945765080911e-02 7.413098885595446885e-02
1.007452528560075361e-01 1.007452502209555401e-01 1.007452525327460213e-01 1.007452498009873132e-01
4.762925576453588133e-02 4.762925553279126478e-02 4.762925571027377958e-02 4.762925546429261359e-02
