2.247018047103484240e-01 2.247017033622849269e-01 2.247017167579597463e-01 2.247018114370093744e-01 2.247016200532227781e-01
3.160773856932452830e-01 3.160771708729182006e-01 3.160771225358116610e-01 3.160772527501207185e-01 3.160768506997932437e-01
2.774200283335434003e-01 2.774200610899411057e-01 2.774200603808270604e-01 2.774200971653102976e-01 2.774198583615281044e-01
2.953464468126902331e-01 2.953465032226737508e-01 2.953466619595661591e-01 2.953467141794841599e-01 2.953470484521166783e-01
2.795787780316248972e-01 2.795781949948583645e-01 2.795781678974377793e-01 2.795788985153251360e-01 2.795779618877194395e-01
2.068775051874692794e-01 2.068767371310649417e-01 2.068768824362552661e-01 2.068774560876210089e-01 2.068770746155536022e-01
2.068761298445566943e-01 2.068763188293830102e-01 2.068778418531693197e-01 2.068758684181686569e-01 2.068786763611649149e-01
2.795774642440820856e-01 2.795780135155861990e-01 2.795786411965568430e-01 2.795762676688971493e-01 2.795789433629760623e-01
2.953461570816406923e-01 2.953461912272958290e-01 2.953459971155386055e-01 2.953460688651048938e-01 2.953459200230731940e-01
2.774188818097186315e-01 2.774188638059804646e-01 2.774196876297289616e-01 2.774197236312737069e-01 2.774197733178634384e-01
3.160762520934797815e-01 3.160764221328190571e-01 3.160775730898451319e-01 3.160766524256335419e-01 3.160777296429274630e-01
2.247014346797009121e-01 2.247015350271734102e-01 2.247019474339763678e-01 2.247014197460581175e-01 2.247020283115068184e-01
