5.565819392218834024e-05 5.564685340812967516e-05 5.565263962306190118e-05 5.565461708059363374e-05 5.564563098257638263e-05
5.548864502844181364e-04 5.547963972222470438e-04 5.548423457304718642e-04 5.548580485329272219e-04 5.547866907796445693e-04
3.271294993906661511e-03 3.270900035122452018e-03 3.271101562020596078e-03 3.271170432273508549e-03 3.270857466154972540e-03
1.272323348843180067e-02 1.272208422642544939e-02 1.272267064129947722e-02 1.272287103923469380e-02 1.272196036455801836e-02
3.210698935808954657e-02 3.210467559717518349e-02 3.210585620824269598e-02 3.210625964366269069e-02 3.210442624551244212e-02
5.148999944992125460e-02 5.148672612596937037e-02 5.148839638753566206e-02 5.148896710763749968e-02 5.148637337079843557e-02
5.276291552869010609e-02 5.275964228389931621e-02 5.276131263042693753e-02 5.276188332044094709e-02 5.275928955363166223e-02
4.016121097392406913e-02 4.015889728778573170e-02 4.016007833068438448e-02 4.016048158425583603e-02 4.015864811680913693e-02
4.167426818982643277e-02 4.167311885619424949e-02 4.167370616281110968e-02 4.167390645063581700e-02 4.167299552601505530e-02
6.527099980452667760e-02 6.527060488010580364e-02 6.527080808637919507e-02 6.527087636444227348e-02 6.527056325038251006e-02
7.041140649067222090e-02 7.041131667209368783e-02 7.041136306084164187e-02 7.041137855831178238e-02 7.041130765372694000e-02
2.952556225648807209e-02 2.952555081550291283e-02 2.952555708499042531e-02 2.952555856803480011e-02 2.952555004593190868e-02
