6.539402961564666147e-03 6.539404059244679004e-03 6.539402961743004394e-03 6.539404059319094305e-03
6.847775575200838738e-02 6.847776022934025375e-02 6.847775575230254097e-02 6.847776022914871252e-02
1.458929956771226888e-01 1.458930017796608580e-01 1.458929956769057790e-01 1.458930017788450662e-01
1.268125631247663532e-01 1.268125663933367953e-01 1.268125631242642826e-01 1.268125663921570445e-01
1.429268677066270476e-01 1.429268682362144494e-01 1.429268677057549952e-01 1.429268682345360697e-01
1.343529736569760991e-01 1.343529735853522533e-01 1.343529736560608034e-01 1.343529735839374961e-01
1.343555183903415717e-01 1.343555183191048608e-01 1.343555183898790806e-01 1.343555183192965408e-01
1.429579652260470901e-01 1.429579657569654827e-01 1.429579652262230882e-01 1.429579657580400676e-01
1.274473154847454159e-01 1.274473187548321174e-01 1.274473154859586954e-01 1.274473187561426801e-01
1.576615005847962214e-01 1.576615066880593663e-01 1.576615005859464680e-01 1.576615066890353911e-01
1.670772462594420638e-01 1.670772507367828674e-01 1.670772462604579456e-01 1.670772507375789251e-01
1.454978797692850490e-01 1.454978808669161183e-01 1.454978797696694359e-01 1.454978808672661439e-01
