6.568097123775657430e-03 6.568094430708144513e-03 6.568068883119647546e-03 6.568073084363957453e-03
6.870301269233143604e-02 6.870301738218068111e-02 6.870303583256570645e-02 6.870303726317798787e-02
1.461585509591107057e-01 1.461586039358938882e-01 1.461589905162054559e-01 1.461589462838954190e-01
1.277910238633075402e-01 1.277911635012130842e-01 1.277922436346380086e-01 1.277921107669115486e-01
1.434341152205719505e-01 1.434353269987277968e-01 1.434451924206253948e-01 1.434439929924816726e-01
1.367236900118765086e-01 1.367250607570805188e-01 1.367365304151584027e-01 1.367351489140213872e-01
1.295211999492617283e-01 1.295212395928934113e-01 1.295221963777896668e-01 1.295217161578922083e-01
1.400223952337620870e-01 1.400261238164295097e-01 1.400561611124799544e-01 1.400524403912430937e-01
1.288566127815834739e-01 1.288635335392961379e-01 1.289125059617436952e-01 1.289066266615338519e-01
1.581545677304145026e-01 1.581616353894531868e-01 1.582117914160386940e-01 1.582061690954998101e-01
1.680486338441435079e-01 1.680536434206054142e-01 1.680905917963728957e-01 1.680865986527406153e-01
1.459007563067520052e-01 1.459027666833093428e-01 1.459183629709898400e-01 1.459166032338296559e-01
