4.114971290479116361e-01 4.114753661907654680e-01 4.114909396138777264e-01 4.114979867555050852e-01 4.114532904230115973e-01
4.432086624898536886e-01 4.432200797230297917e-01 4.432527426115575042e-01 4.432663911657813705e-01 4.431921411024719037e-01
4.568989728239739034e-01 4.568074809644671608e-01 4.568649655969598267e-01 4.569131526940418131e-01 4.567631464070294189e-01
4.334339804905880666e-01 4.334204215737326171e-01 4.331954672073167201e-01 4.329889797873068824e-01 4.330174552536251165e-01
4.338698545498754222e-01 4.338485361860562328e-01 4.337588136828861574e-01 4.337287289086743658e-01 4.337475124651106739e-01
4.225539005511863011e-01 4.224811640305161098e-01 4.224750267838865980e-01 4.225216573547129206e-01 4.224534200454346800e-01
4.225271618814616659e-01 4.225370471029288311e-01 4.224749490943766062e-01 4.224682138951967869e-01 4.224931224357634796e-01
4.337365395773330468e-01 4.336528968036562626e-01 4.336587680603239958e-01 4.337242702031707808e-01 4.336973411270461654e-01
4.326787536745577700e-01 4.326494551548934475e-01 4.328383589061757242e-01 4.330179420074580232e-01 4.329789645947574872e-01
4.562291136708265249e-01 4.563436728774480367e-01 4.562795879059377002e-01 4.561920911769744014e-01 4.562880894183753422e-01
4.425082765624180903e-01 4.425320788688017482e-01 4.424768371074578321e-01 4.424229644176113085e-01 4.424584762368715674e-01
4.111519725499446776e-01 4.111871064411606880e-01 4.111682629060513516e-01 4.111494078223746906e-01 4.111809110375749254e-01
