4.241948845934576107e-01 4.241948197824990663e-01 4.241946569761302910e-01 4.241946530477016530e-01
4.955949766369571186e-01 4.955949290150469255e-01 4.955947818104641245e-01 4.955948000032384115e-01
4.327493526681938651e-01 4.327493314318929807e-01 4.327492881737399211e-01 4.327492745730949775e-01
4.833876215271166732e-01 4.833875993635339263e-01 4.833875241728062266e-01 4.833875000683450218e-01
4.478995449948210417e-01 4.478995673407414890e-01 4.478995176216267748e-01 4.478995221840341712e-01
4.661746296292041958e-01 4.661746241661708923e-01 4.661746328154984798e-01 4.661746005543837001e-01
4.661744422267388721e-01 4.661744533826043813e-01 4.661744298215931837e-01 4.661744363389274670e-01
4.478994945957973650e-01 4.478995035694867677e-01 4.478995102717034382e-01 4.478994972819035914e-01
4.833873261077189509e-01 4.833873398956585188e-01 4.833873546399859999e-01 4.833873641696854184e-01
4.327491316328715421e-01 4.327491528040232627e-01 4.327491285009765765e-01 4.327491581949665655e-01
4.955946462339722580e-01 4.955946377177953832e-01 4.955946651652601287e-01 4.955946480995248593e-01
4.241942481216073868e-01 4.241942722306396574e-01 4.241942507406537000e-01 4.241942751051924199e-01
