2.488670839022697270e-02 2.488674370448093476e-02 2.488671118733566320e-02 2.488674647819599794e-02
2.029732394136573859e-01 2.029733185128594908e-01 2.029732449593320831e-01 2.029733241098798935e-01
2.316977484969085788e-01 2.316977944949768775e-01 2.316977670045412829e-01 2.316978131332234347e-01
2.278827909966766596e-01 2.278827921282678970e-01 2.278828166243350439e-01 2.278828176329866229e-01
2.220631469674720360e-01 2.220631675802865468e-01 2.220631844921516773e-01 2.220632049330761304e-01
2.174412986636488632e-01 2.174414050264464604e-01 2.174413511622149964e-01 2.174414573158660602e-01
2.153027795023989277e-01 2.153028860254523336e-01 2.153027908496502607e-01 2.153028969305695595e-01
2.218678434581497494e-01 2.218678643284149044e-01 2.218678409165693310e-01 2.218678615138363064e-01
2.283076433217790246e-01 2.283076446621910560e-01 2.283076402231233037e-01 2.283076414660892561e-01
2.349581211510355094e-01 2.349581672254719145e-01 2.349581205502379311e-01 2.349581664594250496e-01
2.526319045443440325e-01 2.526319833804920867e-01 2.526319051809960969e-01 2.526319840129213068e-01
2.199864124689605849e-01 2.199864476063299046e-01 2.199864127947662173e-01 2.199864480178254089e-01
