2.281051487546262562e-03 2.281051487646917723e-03 2.281051484806179228e-03 2.281051481124939887e-03 2.281051481280570170e-03
1.947612349808309357e-02 1.947612349442686894e-02 1.947612348454614076e-02 1.947612348289443421e-02 1.947612349385653002e-02
6.407364495924237902e-02 6.407364497748671561e-02 6.407364498437786993e-02 6.407364497155096372e-02 6.407364496882722582e-02
8.745928933671510974e-02 8.745928933419722107e-02 8.745928934385448217e-02 8.745928933473087752e-02 8.745928934124327925e-02
9.057220255598841252e-02 9.057220255050743574e-02 9.057220254712160246e-02 9.057220254901025835e-02 9.057220254828053652e-02
1.361376881568815145e-01 1.361376881581961296e-01 1.361376881566582764e-01 1.361376881559870355e-01 1.361376881549959394e-01
1.361376881540394546e-01 1.361376881550571960e-01 1.361376881588602927e-01 1.361376881596598754e-01 1.361376881596165767e-01
9.057220254922644653e-02 9.057220254829854988e-02 9.057220255341404125e-02 9.057220255657247310e-02 9.057220255283428278e-02
8.745928933906844949e-02 8.745928933847567366e-02 8.745928934188552939e-02 8.745928934379051944e-02 8.745928934052182857e-02
6.407364497899790956e-02 6.407364497875758791e-02 6.407364498056643265e-02 6.407364498132257780e-02 6.407364498105722062e-02
1.947612349132735177e-02 1.947612349114329067e-02 1.947612349150650360e-02 1.947612349204875387e-02 1.947612349236280474e-02
2.281051485492547725e-03 2.281051485405888313e-03 2.281051485427089669e-03 2.281051485509103059e-03 2.281051485669211096e-03
