3.359959250192763869e-01 3.359958158640135029e-01 3.359956482222755114e-01 3.359956058445016658e-01
4.577455903845206731e-01 4.577453428882987674e-01 4.577441725365292702e-01 4.577444837814686474e-01
4.552916418212949456e-01 4.552913975846488714e-01 4.552918380137791488e-01 4.552915296063108630e-01
4.396108441117933530e-01 4.396106918398201002e-01 4.396079803670343567e-01 4.396089999018504835e-01
4.595549628121250452e-01 4.595546538783017998e-01 4.595550335711621748e-01 4.595546956160725394e-01
3.518044424012887750e-01 3.518030881859551817e-01 3.518034879950021065e-01 3.518025583552197855e-01
3.518028499032234691e-01 3.518038646124415081e-01 3.518030213661471617e-01 3.518041749314152478e-01
4.595546584515110000e-01 4.595549870207771836e-01 4.595546911503071152e-01 4.595549722158966954e-01
4.396092568989573013e-01 4.396086970318394127e-01 4.396102621763428031e-01 4.396098955578455758e-01
4.552915077802094368e-01 4.552917438402794281e-01 4.552914237414584231e-01 4.552916451111288509e-01
4.577445334592272763e-01 4.577444420747612264e-01 4.577450474407113723e-01 4.577450226687417301e-01
3.359956590062938564e-01 3.359956806448907152e-01 3.359957496169559965e-01 3.359957826961996741e-01
