2.714470526068406553e-01 2.714878923896374974e-01 2.716548807675210897e-01 2.715960703664474507e-01
3.661601734912469097e-01 3.661658104470036368e-01 3.661892928349246290e-01 3.662022152655368123e-01
3.337933886710434672e-01 3.337923784068146937e-01 3.337929391180121108e-01 3.337964211796448089e-01
2.852321881086809507e-01 2.854239501647501953e-01 2.865562583549184361e-01 2.861100346266283734e-01
2.871318160801343278e-01 2.870660840636108935e-01 2.869643206714602157e-01 2.870190953195777550e-01
3.604056008970019098e-01 3.602229427286071095e-01 3.598975236490298824e-01 3.597661525289067019e-01
3.424573464796887290e-01 3.425485698490046138e-01 3.431267116863822020e-01 3.430244792515030894e-01
3.464477241781098726e-01 3.468140147827568076e-01 3.468387794963311843e-01 3.472081379945509694e-01
3.855579517600966066e-01 3.856140363552870154e-01 3.855222169647991026e-01 3.856427253787046427e-01
3.319999885827333297e-01 3.320368353413281071e-01 3.321100712102016406e-01 3.321337904992667234e-01
4.079302436953271549e-01 4.079702624170234437e-01 4.079458007387106178e-01 4.079907392939146615e-01
2.803151743717176569e-01 2.803204194362494683e-01 2.802815247438595891e-01 2.802879727544425603e-01
