3.647387511019233863e-01 3.647378959132613896e-01 3.647410965445371245e-01 3.647448252100966015e-01 3.647439843084377409e-01
4.693728279862456332e-01 4.693734682224279808e-01 4.693720445766279559e-01 4.693706165221703808e-01 4.693711331695541444e-01
4.388143926447358734e-01 4.388121549495270779e-01 4.388179021586854356e-01 4.388239844772813258e-01 4.388220622278068417e-01
4.904211687620090299e-01 4.904266428495671626e-01 4.904134490881281172e-01 4.903999331068329415e-01 4.904047099993238956e-01
4.529248389740880842e-01 4.529283436484101699e-01 4.529196588787966493e-01 4.529107587745470620e-01 4.529139146997446796e-01
4.774818094434969407e-01 4.774923701193592440e-01 4.774665238610768525e-01 4.774399737313931302e-01 4.774493108294735610e-01
4.509926001967011766e-01 4.510029047052538931e-01 4.509770982088606717e-01 4.509506468176408545e-01 4.509598480792780806e-01
4.546285782153061117e-01 4.546322097319035471e-01 4.546234496834241079e-01 4.546144063580878636e-01 4.546175741730816289e-01
4.298113556438363791e-01 4.298163750101605673e-01 4.298032475395153762e-01 4.297898463092126864e-01 4.297943247116348120e-01
4.253854812920735418e-01 4.253831168152700237e-01 4.253887654635962190e-01 4.253945588278980616e-01 4.253924430479683050e-01
4.555563580258041312e-01 4.555568663392383089e-01 4.555554311112814947e-01 4.555539928891723656e-01 4.555544607322968287e-01
2.899206752792845010e-01 2.899191933395293130e-01 2.899226276800279112e-01 2.899261630187212613e-01 2.899248539748577880e-01
