3.472483499122436812e-01 3.472414250169909566e-01 3.472374389712696852e-01 3.472298800763288784e-01
3.895765848571065004e-01 3.895696114889583006e-01 3.895721067395475079e-01 3.895649405227276652e-01
3.815308064415887657e-01 3.815182868255171389e-01 3.815122956490902273e-01 3.814958874404675293e-01
3.787291000591631596e-01 3.787060305254149606e-01 3.786805168046514791e-01 3.786542753013260043e-01
4.067520284275140674e-01 4.067390864977293297e-01 4.067186199091794019e-01 4.067019427043321311e-01
3.463195931810116868e-01 3.463041432363276884e-01 3.462923861085517863e-01 3.462822697242842751e-01
3.462678032256690241e-01 3.462670049284947149e-01 3.462641561416822666e-01 3.462734862325079210e-01
4.067023632421902790e-01 4.067169990837129490e-01 4.067322037356028708e-01 4.067470788990148467e-01
3.786299700115581812e-01 3.786562335740041307e-01 3.786838159662913594e-01 3.787083068609870540e-01
3.814818399403774873e-01 3.814988849711429819e-01 3.815034188257453440e-01 3.815180963445636286e-01
3.895440884092273293e-01 3.895520511474179770e-01 3.895474454816532650e-01 3.895526927863867672e-01
3.472336315869027357e-01 3.472412243660863429e-01 3.472462388065319927e-01 3.472533590109330159e-01
