2.020152967370365121e-03 2.020152963627371793e-03 2.020152963587033834e-03 2.020152967332310926e-03 2.020152969706426587e-03
1.756527433889095921e-02 1.756527432701029262e-02 1.756527432680598383e-02 1.756527433878048855e-02 1.756527434652101205e-02
5.929723947780315974e-02 5.929723945505230992e-02 5.929723945466783275e-02 5.929723947781925797e-02 5.929723949287890594e-02
8.048566591386704938e-02 8.048566587783709259e-02 8.048566587745301093e-02 8.048566591411711324e-02 8.048566593770999089e-02
6.361374084961897435e-02 6.361374080047951796e-02 6.361374080033074807e-02 6.361374084977899912e-02 6.361374088101920399e-02
7.701899370949456813e-02 7.701899365199767200e-02 7.701899365189726621e-02 7.701899370952153268e-02 7.701899374525869590e-02
7.704227825601463187e-02 7.704227819791845122e-02 7.704227819824334411e-02 7.704227825603102153e-02 7.704227829104991210e-02
6.407005541023069739e-02 6.407005535939230834e-02 6.407005536036410043e-02 6.407005541027213646e-02 6.407005544074417802e-02
8.609519558556077978e-02 8.609519554838557243e-02 8.609519554912414829e-02 8.609519558656895943e-02 8.609519560865758203e-02
9.565754976168130974e-02 9.565754973855240817e-02 9.565754973965165386e-02 9.565754976424702127e-02 9.565754977731025233e-02
1.123170922374906039e-01 1.123170922257304277e-01 1.123170922272230393e-01 1.123170922403443628e-01 1.123170922464738486e-01
6.481676158943065758e-02 6.481676158590413128e-02 6.481676158646101915e-02 6.481676159041532825e-02 6.481676159229539380e-02
