2.281051484141198571e-03 2.281051484092449805e-03 2.281051484079207360e-03 2.281051483978413855e-03 2.281051483666307177e-03
1.947612348979361335e-02 1.947612348949361374e-02 1.947612348927807088e-02 1.947612348907744317e-02 1.947612348717250169e-02
6.407364497853984542e-02 6.407364497754108879e-02 6.407364497663385616e-02 6.407364497688670946e-02 6.407364497184038499e-02
8.745928933897727242e-02 8.745928933975291586e-02 8.745928933815946826e-02 8.745928933821389695e-02 8.745928933469837574e-02
9.057220254962072836e-02 9.057220255138861975e-02 9.057220254773366841e-02 9.057220254737326226e-02 9.057220254571232698e-02
1.361376881557931628e-01 1.361376881566599140e-01 1.361376881561691399e-01 1.361376881545078299e-01 1.361376881559608343e-01
1.361376881565167507e-01 1.361376881565671548e-01 1.361376881606483624e-01 1.361376881611182366e-01 1.361376881599701827e-01
9.057220254883403820e-02 9.057220255130539466e-02 9.057220255239969986e-02 9.057220255852049817e-02 9.057220255792577945e-02
8.745928934077398798e-02 8.745928933627653001e-02 8.745928934719221504e-02 8.745928933696198171e-02 8.745928934416867528e-02
6.407364496796720543e-02 6.407364497678870452e-02 6.407364498048395696e-02 6.407364497313781937e-02 6.407364497758344379e-02
1.947612349712948138e-02 1.947612350242117207e-02 1.947612348463465676e-02 1.947612349456797481e-02 1.947612349308418603e-02
2.281051483215803394e-03 2.281051484561588856e-03 2.281051483857081223e-03 2.281051487776892314e-03 2.281051486681961744e-03
