4.312844429906650401e-01 4.310874415952550831e-01 4.313084085073563001e-01 4.315226949845815674e-01 4.313928717963690374e-01
4.993911499279673483e-01 4.991112598484705454e-01 4.995553776646561861e-01 4.999872770099682007e-01 4.998484975547811682e-01
4.652924091644723981e-01 4.649029275926917504e-01 4.646450240929063669e-01 4.643233287289471045e-01 4.641485581290155094e-01
4.611964951108618593e-01 4.605780975643600783e-01 4.611088425412939173e-01 4.619857100163880514e-01 4.616538071754854311e-01
4.685860373065642293e-01 4.683649204766419660e-01 4.686555002056800312e-01 4.689364174832495458e-01 4.687779498938596801e-01
4.754475225469088628e-01 4.755967277061053933e-01 4.752373355757815721e-01 4.749205211453689235e-01 4.749852048260737036e-01
4.758493740123892479e-01 4.755689322844799949e-01 4.759605955700293434e-01 4.765733145659837300e-01 4.765754842184303786e-01
4.688227105862802779e-01 4.689985065343486581e-01 4.686598683919938058e-01 4.682972964101415059e-01 4.683115936155810566e-01
4.611819776567384066e-01 4.621137776820583576e-01 4.610702876200099554e-01 4.598051441152957164e-01 4.600178168242909371e-01
4.638881153949013791e-01 4.640614757419588843e-01 4.641888447724349387e-01 4.643834093810256247e-01 4.645359406747157083e-01
4.988413038638198627e-01 4.992544633402689058e-01 4.987514618459371607e-01 4.979503743224804602e-01 4.979663601501868042e-01
4.309925452078167130e-01 4.312225432845079864e-01 4.310098174561950435e-01 4.306312694588553813e-01 4.306826358542062971e-01
