2.793996297657290739e-01 2.793995919047260745e-01 2.793996077536969880e-01 2.793996182427631036e-01
4.047944243970837408e-01 4.047944284167074303e-01 4.047943708671781771e-01 4.047943988306421104e-01
3.284428943698161629e-01 3.284427802920361072e-01 3.284427931836160219e-01 3.284428124242151359e-01
3.511969469664494858e-01 3.511971535235690611e-01 3.511973001064949140e-01 3.511972234418004324e-01
3.460228952581853590e-01 3.460234459004296048e-01 3.460238060848131458e-01 3.460236795188524894e-01
2.901316364915789148e-01 2.901319405941976126e-01 2.901324884175909835e-01 2.901324446864773088e-01
2.901351933084569401e-01 2.901355493585782153e-01 2.901363290870999645e-01 2.901361201990637628e-01
3.460284366287586511e-01 3.460285491347115938e-01 3.460284335496974228e-01 3.460284932006890690e-01
3.512051969129765805e-01 3.512052568801510843e-01 3.512050520661615383e-01 3.512051324603068791e-01
3.284445734261471905e-01 3.284446247994682877e-01 3.284446662261026884e-01 3.284446594956720311e-01
4.047961951822236504e-01 4.047961973918774992e-01 4.047961631506512004e-01 4.047961659926474498e-01
2.794001937658473489e-01 2.794001924474276422e-01 2.794001516085916625e-01 2.794001622882835711e-01
