3.897272990995968023e-01 3.897266518265415924e-01 3.897283740694612031e-01 3.897307981594852477e-01 3.897304721969954699e-01
4.782824862043126291e-01 4.782819765180448823e-01 4.782829513939489408e-01 4.782840970039290429e-01 4.782838260573259448e-01
4.274907074573250920e-01 4.274887394679532937e-01 4.274925982914448142e-01 4.274973017141003861e-01 4.274963246507887393e-01
4.734205537486734228e-01 4.734187436831714391e-01 4.734221418432030259e-01 4.734261385130725253e-01 4.734251697923948510e-01
4.595985463275842342e-01 4.595953044208311855e-01 4.596012698926572604e-01 4.596082417280773491e-01 4.596065735460384549e-01
4.748099342347829599e-01 4.748068011212095985e-01 4.748125723709356594e-01 4.748193241921412344e-01 4.748177144729237020e-01
4.734817338761893035e-01 4.734785191838715712e-01 4.734843509642570059e-01 4.734910988776089846e-01 4.734894471745913491e-01
4.747472065781511708e-01 4.747439575789872968e-01 4.747499224142119889e-01 4.747568840073788099e-01 4.747552142504635198e-01
4.771891093316905086e-01 4.771872127196069568e-01 4.771906795024312142e-01 4.771946967860103972e-01 4.771937158986122585e-01
4.831606862330604657e-01 4.831585123329914522e-01 4.831625097942925384e-01 4.831671947093280628e-01 4.831660822812579581e-01
4.827989299941988222e-01 4.827983789464965203e-01 4.827993865960021891e-01 4.828005606046198439e-01 4.828002799742766582e-01
5.052668051398364613e-01 5.052657113712663017e-01 5.052677503257516634e-01 5.052701920161598581e-01 5.052696365378361865e-01
