7.542124490735047961e-03 7.542124290543754730e-03 7.542124336311013637e-03 7.542124377885856164e-03 7.542124274174950849e-03
5.742909178794589758e-02 5.742909088324498618e-02 5.742909116547283144e-02 5.742909123454693898e-02 5.742909082057178621e-02
1.124417447055339053e-01 1.124417436669921666e-01 1.124417446135051596e-01 1.124417447550139226e-01 1.124417435545745914e-01
1.161017553277124692e-01 1.161017540052017433e-01 1.161017555194598372e-01 1.161017558572702835e-01 1.161017541289449256e-01
1.329530496446008903e-01 1.329530488167615931e-01 1.329530502430801286e-01 1.329530508621187823e-01 1.329530492758009830e-01
1.735322311702267306e-01 1.735322312071334860e-01 1.735322318251552032e-01 1.735322324650591663e-01 1.735322316048248381e-01
1.735322322254650718e-01 1.735322325003458843e-01 1.735322323431808533e-01 1.735322326008769678e-01 1.735322324394753535e-01
1.329530508551171608e-01 1.329530509476659905e-01 1.329530508030410396e-01 1.329530508603801175e-01 1.329530508784919907e-01
1.161017562755115584e-01 1.161017562737437364e-01 1.161017562548670029e-01 1.161017562591385444e-01 1.161017562679283605e-01
1.124417457489349376e-01 1.124417457608240384e-01 1.124417457519452934e-01 1.124417457414979143e-01 1.124417457457962816e-01
5.742909309515310812e-02 5.742909310842635173e-02 5.742909310371909631e-02 5.742909309518271638e-02 5.742909309364144926e-02
7.542125410939910790e-03 7.542125414509041025e-03 7.542125413330501120e-03 7.542125410911181167e-03 7.542125409587152607e-03
