2.020152967375333369e-03 2.020152963651603711e-03 2.020152963463109526e-03 2.020152967361149837e-03 2.020152969772945426e-03
1.756527433879937969e-02 1.756527432734103153e-02 1.756527432596659277e-02 1.756527433907464214e-02 1.756527434684781661e-02
5.929723947710609233e-02 5.929723945620327119e-02 5.929723945280184622e-02 5.929723947856058858e-02 5.929723949323749410e-02
8.048566591248265678e-02 8.048566587969974151e-02 8.048566587503158676e-02 8.048566591515003699e-02 8.048566593757992826e-02
6.361374084879203861e-02 6.361374080214066140e-02 6.361374079848418350e-02 6.361374085032668602e-02 6.361374088095964052e-02
7.701899370926527932e-02 7.701899365350076132e-02 7.701899365123562879e-02 7.701899370960973989e-02 7.701899374513546115e-02
7.704227825593522316e-02 7.704227819850001380e-02 7.704227819821275747e-02 7.704227825596936252e-02 7.704227829116656878e-02
6.407005541021264239e-02 6.407005535957061015e-02 6.407005536033512361e-02 6.407005541024154982e-02 6.407005544078056558e-02
8.609519558522864269e-02 8.609519554847855360e-02 8.609519554881271686e-02 8.609519558652579951e-02 8.609519560861465803e-02
9.565754976105925178e-02 9.565754973823628604e-02 9.565754973939151473e-02 9.565754976448341551e-02 9.565754977739698850e-02
1.123170922370698571e-01 1.123170922254672077e-01 1.123170922274022432e-01 1.123170922410274553e-01 1.123170922468622324e-01
6.481676158951193978e-02 6.481676158596480497e-02 6.481676158680624300e-02 6.481676159097930767e-02 6.481676159281543614e-02
