5.000001817121162428e-01 5.000002077528027389e-01 5.000001112016680960e-01 5.000001401352530683e-01
5.000000718699392221e-01 4.999999579164773333e-01 5.000000559526923682e-01 4.999999992361824352e-01
5.000001775952179761e-01 5.000004039141803247e-01 4.999999134731878958e-01 5.000002534376272179e-01
5.000007631786083095e-01 4.999991923006760208e-01 5.000007634061259809e-01 4.999992287071692854e-01
4.999979486418061336e-01 5.000025755111423553e-01 4.999977150613998944e-01 5.000024556290638689e-01
5.000045536022844628e-01 4.999952534987252006e-01 5.000045965626284117e-01 4.999952942035575387e-01
4.999955819617734609e-01 5.000046356514050716e-01 4.999954416198904572e-01 5.000045916889186426e-01
5.000022268156794070e-01 4.999974676212950997e-01 5.000022375405058783e-01 4.999974938495179710e-01
4.999992747531862292e-01 5.000006797197592556e-01 4.999991783968210091e-01 5.000006441997885132e-01
5.000000209526125339e-01 4.999996941707965381e-01 5.000000543866000013e-01 4.999997110727884553e-01
4.999999412902633167e-01 4.999999925779050614e-01 4.999999261043363008e-01 4.999999848540409020e-01
4.999998118412973258e-01 4.999998523208253332e-01 4.999998737491817002e-01 4.999998683602493443e-01
