5.000001978097440292e-01 5.000001422526516581e-01 5.000002585678221534e-01 5.000003152387624272e-01
5.000001588898818072e-01 5.000000893404044078e-01 5.000001324234210065e-01 4.999999153982223610e-01
5.000001132846454421e-01 5.000006328350427021e-01 5.000001579008999109e-01 5.000008837330944811e-01
5.000018115041834355e-01 4.999991642668381586e-01 5.000016554675484892e-01 4.999984492775153000e-01
4.999963209674588294e-01 5.000047186344183103e-01 4.999962311369775536e-01 5.000046187518194518e-01
5.000082949773325680e-01 4.999918495442089439e-01 5.000080725969522355e-01 4.999909042397745473e-01
4.999917826723183079e-01 5.000081654948143051e-01 4.999918731749583012e-01 5.000081634444248913e-01
5.000037391632042860e-01 4.999953222930241803e-01 5.000034096057028865e-01 4.999947717164354155e-01
4.999985138225271908e-01 5.000012929477507528e-01 4.999986407231505336e-01 5.000010961121704733e-01
5.000002397972564960e-01 4.999995019940006724e-01 4.999998990176809932e-01 4.999994024731817532e-01
4.999998759375184343e-01 5.000000169475657952e-01 4.999999734614386515e-01 5.000000153966852601e-01
4.999998774840470617e-01 4.999998033925535657e-01 4.999997517358747978e-01 4.999997821520530961e-01
