2.020152967389024674e-03 2.020152963670569877e-03 2.020152963495051857e-03 2.020152967326021686e-03 2.020152969766138805e-03
1.756527433883083369e-02 1.756527432737559069e-02 1.756527432627669888e-02 1.756527433879943520e-02 1.756527434682946670e-02
5.929723947727670585e-02 5.929723945602598245e-02 5.929723945366197069e-02 5.929723947793691385e-02 5.929723949336596772e-02
8.048566591277464544e-02 8.048566587906838543e-02 8.048566587614304491e-02 8.048566591435686590e-02 8.048566593782578715e-02
6.361374084882318036e-02 6.361374080169536482e-02 6.361374079952814009e-02 6.361374084963075659e-02 6.361374088085100520e-02
7.701899370947037915e-02 7.701899365272588116e-02 7.701899365162530320e-02 7.701899370929540800e-02 7.701899374502055307e-02
7.704227825612586233e-02 7.704227819832727697e-02 7.704227819821657386e-02 7.704227825598927715e-02 7.704227829121686189e-02
6.407005541033193585e-02 6.407005535953816389e-02 6.407005536031912252e-02 6.407005541030506846e-02 6.407005544093716254e-02
8.609519558543297924e-02 8.609519554854655476e-02 8.609519554891074955e-02 8.609519558639457115e-02 8.609519560870095012e-02
9.565754976143067689e-02 9.565754973860748911e-02 9.565754973957232843e-02 9.565754976427796874e-02 9.565754977737116194e-02
1.123170922373128017e-01 1.123170922257108184e-01 1.123170922273279554e-01 1.123170922405947320e-01 1.123170922466209531e-01
6.481676158943605603e-02 6.481676158592523940e-02 6.481676158662372234e-02 6.481676159063071152e-02 6.481676159240197521e-02
