1.323406380952505956e-01 1.323406379125255661e-01 1.323406380361582813e-01 1.323406378608593947e-01 1.323406378116512849e-01
1.787042864070632620e-01 1.787042856698443094e-01 1.787042862216099703e-01 1.787042857665448181e-01 1.787042855746015790e-01
1.489711110200421240e-01 1.489711098429638836e-01 1.489711107810421098e-01 1.489711102350719796e-01 1.489711100131327071e-01
1.482147311675723056e-01 1.482147302652215282e-01 1.482147310068806512e-01 1.482147305771112922e-01 1.482147304524289444e-01
1.491092661971892275e-01 1.491092658750799715e-01 1.491092661187036761e-01 1.491092659492264105e-01 1.491092659351798966e-01
1.426550644916348698e-01 1.426550645097697800e-01 1.426550645001021522e-01 1.426550644866020900e-01 1.426550645671822992e-01
1.426529571390305062e-01 1.426529572025912740e-01 1.426529572256158007e-01 1.426529572346168784e-01 1.426529573162644560e-01
1.490898186648960677e-01 1.490898184740750143e-01 1.490898187174164169e-01 1.490898186074323672e-01 1.490898186102028733e-01
1.478106287242188788e-01 1.478106279895965991e-01 1.478106286984883777e-01 1.478106283774052732e-01 1.478106282203211497e-01
1.411032896574518081e-01 1.411032885513622825e-01 1.411032895660401798e-01 1.411032891561767866e-01 1.411032889431663440e-01
1.040741765394028323e-01 1.040741757728780859e-01 1.040741765281975872e-01 1.040741762099081646e-01 1.040741761299774915e-01
1.527403495755027922e-02 1.527403475130572653e-02 1.527403496377251722e-02 1.527403486903191644e-02 1.527403485333965819e-02
