2.798620963971005793e-01 2.788388246618826449e-01 2.798676857905319504e-01 2.788621954126073166e-01
3.999664529566035465e-01 3.961385520218075884e-01 3.999628737607424656e-01 3.961274026807477533e-01
3.317038140203602548e-01 3.324056441802342166e-01 3.317096667671702304e-01 3.324018615058503823e-01
3.760795810814126505e-01 3.706650386158203969e-01 3.761090725410062841e-01 3.708006420896970967e-01
3.407648670511838618e-01 3.189049011485713403e-01 3.407559498733324643e-01 3.188652757619052647e-01
3.727250165987145980e-01 3.669367063954273034e-01 3.728166535527584480e-01 3.667890181136368999e-01
3.544075282999409326e-01 3.479425334763525668e-01 3.544108642828122102e-01 3.479920939890405185e-01
3.237915767081053220e-01 3.103969637289709094e-01 3.237235868653054460e-01 3.102099050921208745e-01
3.100541723205469946e-01 3.238813672590463155e-01 3.101691338487319038e-01 3.238712203440411996e-01
3.478176402604044037e-01 3.544241063200032071e-01 3.478599437730136024e-01 3.543691099424827740e-01
3.670084998569955737e-01 3.731119517801584351e-01 3.669090351773495740e-01 3.728192502648595141e-01
3.184822940982346973e-01 3.405629149857619664e-01 3.184723603497716660e-01 3.406303406865633376e-01
3.700258996275583301e-01 3.755699947888699319e-01 3.700479454749493469e-01 3.753044352940675954e-01
3.324140417198117592e-01 3.317344861784735643e-01 3.324103053667163410e-01 3.317105250542622397e-01
3.956853199853784253e-01 3.995306381512672700e-01 3.956892668550063275e-01 3.995381517728644472e-01
2.787271520670979719e-01 2.797688409672070553e-01 2.787311869614138571e-01 2.797336230456702877e-01
