2.784503668843665847e-01 2.774544392186277797e-01 2.784811193107216143e-01 2.774595330782463898e-01
3.947091172614932697e-01 3.908971685585161948e-01 3.947012336637792940e-01 3.908817945961193807e-01
3.318503647079919516e-01 3.325436544927755089e-01 3.318628066773587904e-01 3.325476655736935849e-01
3.678585689409828441e-01 3.626179243431137400e-01 3.680405824234851964e-01 3.626631344204777063e-01
3.373695496055505449e-01 3.156391239618315248e-01 3.373438071964522389e-01 3.155957246628876001e-01
3.765238757355376942e-01 3.706968089782505249e-01 3.766737111681491834e-01 3.707140249645208829e-01
3.533510198342633135e-01 3.470543950549746515e-01 3.534173159654346308e-01 3.470314835663195208e-01
3.388490589548608378e-01 3.256099885553899731e-01 3.387283311643445871e-01 3.253768610100739034e-01
3.251742195755072951e-01 3.388367559345135671e-01 3.253667280810830786e-01 3.389860657025569601e-01
3.468838291131611795e-01 3.534319713887625891e-01 3.469246698551229358e-01 3.533140035883521879e-01
3.709238254731177520e-01 3.769435164948753969e-01 3.708123754161146701e-01 3.767686132719835768e-01
3.153062786922702920e-01 3.370700077765377833e-01 3.153457332391413348e-01 3.371249755383879942e-01
3.618521557940604372e-01 3.674233902813381913e-01 3.618596533423581452e-01 3.670541616231269288e-01
3.325658187262411913e-01 3.318877786902160731e-01 3.325613625595192357e-01 3.318600906233089010e-01
3.904400487921187435e-01 3.942358714036073297e-01 3.904526681090094709e-01 3.942390768673438295e-01
2.773325455073779588e-01 2.783715873209287039e-01 2.773397732269476390e-01 2.783158934606701496e-01
