5.000020157089978268e-01 4.999992519076086328e-01 5.000023941575010289e-01 4.999992678033130522e-01
4.999946616812520062e-01 5.000057609635195632e-01 4.999943151809673192e-01 5.000056671563011257e-01
5.000347001256969515e-01 4.999677042414855666e-01 5.000361988539653302e-01 4.999674501620184897e-01
4.998322795665798290e-01 5.001701502354751749e-01 4.998308431772552352e-01 5.001691886594800129e-01
5.007207764957679608e-01 4.992834314816182451e-01 5.007218311366611330e-01 4.992822219008908324e-01
4.976065582844983459e-01 5.023946843673555707e-01 4.976048380240814528e-01 5.023939111388437961e-01
5.057228886954355795e-01 4.942791150492522045e-01 5.057221584845770224e-01 4.942817717939834155e-01
4.908432449241611484e-01 5.091539020931562520e-01 4.908451291670440919e-01 5.091443586885754380e-01
5.091350742903920645e-01 4.908666512747352217e-01 5.091344317697280575e-01 4.908656436305572357e-01
4.942776207427705404e-01 5.057187916363056202e-01 4.942781171707522625e-01 5.057177345580973205e-01
5.023844257071918840e-01 4.976150808045154972e-01 5.023843157581212582e-01 4.976148470559030312e-01
4.992813701387965319e-01 5.007174594134627954e-01 4.992813080260828373e-01 5.007168782965661924e-01
5.001682290140774256e-01 4.998316663299827711e-01 5.001681374886274289e-01 4.998314594807201638e-01
4.999660597881468993e-01 5.000335378821907373e-01 4.999660648364222526e-01 5.000333354144630427e-01
5.000055445536385479e-01 4.999943723571800835e-01 5.000055331732558006e-01 4.999943577046037646e-01
4.999983974735718872e-01 5.000012244898952574e-01 4.999984492697518990e-01 5.000012091621659494e-01
