2.261791454912248645e-01 2.261790343505833134e-01 2.261788911821150383e-01 2.261777389500154722e-01 2.261774349200427192e-01
3.194650346638616689e-01 3.194645025554642137e-01 3.194646470721293485e-01 3.194631253775080393e-01 3.194626749959769696e-01
2.827484274065609204e-01 2.827480410138205058e-01 2.827483785934808425e-01 2.827470706594100158e-01 2.827470698102572677e-01
3.036116215698652643e-01 3.036112864168760694e-01 3.036115193011707514e-01 3.036126526975981843e-01 3.036124707753470875e-01
2.840256964655852312e-01 2.840249557033066030e-01 2.840251295112077301e-01 2.840253436524042829e-01 2.840246626303303823e-01
3.002472969839957151e-01 3.002471581807071854e-01 3.002468973571008615e-01 3.002467633721771501e-01 3.002465788884831621e-01
2.888261576092611138e-01 2.888261765947546800e-01 2.888262857194650590e-01 2.888261141879142624e-01 2.888260735776094212e-01
2.945056359222387732e-01 2.945053163803449947e-01 2.945054446246860302e-01 2.945055111094551648e-01 2.945049998380705469e-01
2.926511232390019424e-01 2.926508911172759908e-01 2.926507395005621404e-01 2.926507595238179160e-01 2.926502374281383378e-01
2.887725484860435565e-01 2.887725361899754484e-01 2.887724514846531920e-01 2.887723821016435211e-01 2.887723936614909337e-01
2.995783550463911871e-01 2.995782750133726968e-01 2.995782087698766749e-01 2.995784474528286334e-01 2.995780360906315498e-01
2.670192861003182205e-01 2.670192832562689467e-01 2.670188330175354841e-01 2.670190761009457181e-01 2.670184315221882931e-01
2.792847802844038996e-01 2.792850053161243795e-01 2.792844775511434952e-01 2.792843536351054534e-01 2.792848144080820050e-01
2.827039356391956582e-01 2.827039576285836908e-01 2.827039280920901620e-01 2.827040656678481145e-01 2.827040831602344317e-01
3.033317483407727000e-01 3.033318110169651582e-01 3.033315812369409281e-01 3.033317709710577348e-01 3.033314354263634827e-01
8.705345274260858912e-02 8.705354255234559746e-02 8.705337307519089851e-02 8.705345320698561207e-02 8.705316883286901009e-02
