2.175231418225560213e-03 2.175231418299181877e-03 2.175231418294827287e-03 2.175231418326114760e-03
2.542531486405578967e-02 2.542531486446098984e-02 2.542531486455295794e-02 2.542531486495692994e-02
9.715728003262093238e-02 9.715728003342588570e-02 9.715728003294098192e-02 9.715728003367814225e-02
1.060599964038086429e-01 1.060599964047098664e-01 1.060599964036732096e-01 1.060599964041359228e-01
8.415782610559068011e-02 8.415782610563249388e-02 8.415782610511358952e-02 8.415782610456169766e-02
1.200196557100621925e-01 1.200196557089071719e-01 1.200196557088191590e-01 1.200196557079207665e-01
8.395513666635973093e-02 8.395513666488735316e-02 8.395513666479836878e-02 8.395513666398835007e-02
1.060495721004074410e-01 1.060495720991117830e-01 1.060495720993606950e-01 1.060495720985056428e-01
1.060495914951214147e-01 1.060495914942603951e-01 1.060495914944632329e-01 1.060495914940783324e-01
8.395538344398148500e-02 8.395538344415311161e-02 8.395538344372577289e-02 8.395538344432787459e-02
1.200243309830472116e-01 1.200243309844565565e-01 1.200243309838555511e-01 1.200243309851832807e-01
8.426628259504881369e-02 8.426628259718868530e-02 8.426628259658376641e-02 8.426628259830942769e-02
1.082120857762720739e-01 1.082120857786436907e-01 1.082120857773285483e-01 1.082120857795593055e-01
1.225896138114193068e-01 1.225896138135712243e-01 1.225896138124085988e-01 1.225896138142095609e-01
1.413723258086791168e-01 1.413723258098328606e-01 1.413723258096294400e-01 1.413723258103059266e-01
1.085303727813106411e-01 1.085303727815292718e-01 1.085303727816223501e-01 1.085303727816888109e-01
