4.247179151693141197e-01 4.247121775680910982e-01 4.247170124413837677e-01 4.247120640684044490e-01
4.960549316860061730e-01 4.960520341293141455e-01 4.960508499688245365e-01 4.960471370582248407e-01
4.393747979368263223e-01 4.393679202858721822e-01 4.393658683023689560e-01 4.393572377855661792e-01
4.934615271255403668e-01 4.934502019682134311e-01 4.934495985523692507e-01 4.934445576560402280e-01
4.548543947951975142e-01 4.548455479286240277e-01 4.548373557069507189e-01 4.548336219387829060e-01
4.895509023833357620e-01 4.895470784579435963e-01 4.895390311424819840e-01 4.895352571699276290e-01
4.699208519840303855e-01 4.699181196441107877e-01 4.699135837575946217e-01 4.699090081108779349e-01
4.817789685803260391e-01 4.817831343875020877e-01 4.817818501177997259e-01 4.817839468478735676e-01
4.818833691024158594e-01 4.818808536245524077e-01 4.818896485332818669e-01 4.818864395317695726e-01
4.698227969573512408e-01 4.698366011870732106e-01 4.698314949343920244e-01 4.698368609929851059e-01
4.896482724467111081e-01 4.896529860670200685e-01 4.896588065435094062e-01 4.896642050541507030e-01
4.548391887000152733e-01 4.548524630227112620e-01 4.548498368862348706e-01 4.548559831767708395e-01
4.935224807906598565e-01 4.935324200288802587e-01 4.935290172644483664e-01 4.935466797526977811e-01
4.395035355763911578e-01 4.395141839235511272e-01 4.395132233023438251e-01 4.395176980774363473e-01
4.960790427921636936e-01 4.960849130308644939e-01 4.960839293660109228e-01 4.960892364740889238e-01
4.249801260213803000e-01 4.249796110458653464e-01 4.249827188638780617e-01 4.249828922724948055e-01
