4.502033864171686241e-06 4.501982379087802566e-06 4.502079500971849417e-06 4.501973714802149933e-06 4.502047915735945116e-06
4.645939236018805789e-05 4.645894831760981781e-05 4.645978689369284844e-05 4.645887346403953556e-05 4.645951363430735157e-05
3.134053446401080631e-04 3.134030625813772762e-04 3.134073754711875375e-04 3.134026776819195384e-04 3.134059679027254692e-04
1.574927566936100767e-03 1.574919117492148100e-03 1.574935092655893772e-03 1.574917691630153870e-03 1.574929875004016377e-03
5.878055964457572918e-03 5.878032381928320615e-03 5.878076975509796513e-03 5.878028401280497965e-03 5.878062406920386146e-03
1.605082268522892153e-02 1.605077219906485275e-02 1.605086766839412121e-02 1.605076367636830426e-02 1.605083647870223992e-02
3.162636578487095645e-02 3.162628220118153533e-02 3.162644025228565636e-02 3.162626808972680142e-02 3.162638862601654249e-02
4.452822023938347862e-02 4.452811280972650276e-02 4.452831598316887157e-02 4.452809465675794387e-02 4.452824962483518251e-02
4.467648606444282744e-02 4.467637878541821234e-02 4.467658196014993172e-02 4.467636057202171995e-02 4.467651551843991597e-02
3.269426672963960528e-02 3.269418373279315421e-02 3.269434178130707636e-02 3.269416938151421814e-02 3.269428969947756058e-02
2.110071492825114220e-02 2.110066555650081527e-02 2.110076107479410060e-02 2.110065652404643360e-02 2.110072884881332433e-02
2.302767011910576700e-02 2.302764823128117949e-02 2.302769318829288314e-02 2.302764375735577226e-02 2.302767679554176133e-02
4.178878520185018430e-02 4.178877847406797796e-02 4.178879476228179041e-02 4.178877650302776497e-02 4.178878777024010865e-02
6.171670607824937538e-02 6.171670570888601604e-02 6.171671010521269374e-02 6.171670486304713099e-02 6.171670738074441775e-02
5.468615798458365679e-02 5.468615885765283624e-02 5.468615949802571596e-02 5.468615871639750936e-02 5.468615866555069649e-02
2.028655950170209221e-02 2.028655993203857741e-02 2.028656001155895727e-02 2.028655983389197545e-02 2.028655939196288144e-02
