4.493818455012262847e-01 4.490312806803016255e-01 4.492280775441489515e-01 4.493322309934238423e-01 4.491071665730965723e-01
5.578403247696274159e-01 5.577701216628744296e-01 5.573972663343116363e-01 5.563981482285583757e-01 5.560636055818317658e-01
5.548604606982368015e-01 5.555111172695723631e-01 5.541262093142135248e-01 5.515810122831463769e-01 5.508429542941803980e-01
4.937718142730672666e-01 4.925113442912764095e-01 4.923709588091212952e-01 4.918412836782747877e-01 4.910557293693436076e-01
5.480139483620477536e-01 5.466685804842792429e-01 5.469024833622154746e-01 5.484190317602459785e-01 5.471483453020518084e-01
5.357139222390870925e-01 5.348261898873659659e-01 5.343522410660523914e-01 5.341934983051008778e-01 5.326335451575753277e-01
4.797214810496115422e-01 4.792857909833223573e-01 4.783719445598373921e-01 4.774273534348519310e-01 4.770306243696580961e-01
5.086856940532292759e-01 5.086998492538333805e-01 5.073169243020201336e-01 5.071099901944446930e-01 5.070863332380712851e-01
4.908329948190449654e-01 4.906293295186693881e-01 4.904411010412661476e-01 4.903788492440875890e-01 4.901882799007385438e-01
4.689600655862948830e-01 4.689757590870985982e-01 4.688691889808971336e-01 4.687885375301418245e-01 4.687720037631349923e-01
5.153418481640636983e-01 5.153718583999332692e-01 5.152555028363730028e-01 5.151994228323779623e-01 5.152171893816962500e-01
5.080771004643492850e-01 5.081596489330988398e-01 5.081385913431945012e-01 5.081173846033912866e-01 5.081556266561152446e-01
4.672500925555009843e-01 4.673754793919554507e-01 4.673969211674829372e-01 4.675088641955469915e-01 4.675632188927001942e-01
4.854168164769300242e-01 4.855849526989680642e-01 4.856937771755659439e-01 4.857384875414796355e-01 4.858332119350542988e-01
5.110215255741497042e-01 5.111415380765530481e-01 5.111989624064591231e-01 5.112039437534263708e-01 5.112289120503179518e-01
4.329935924030589578e-01 4.330579654759140751e-01 4.330765348461070308e-01 4.330913183377255726e-01 4.331228784444562940e-01
