2.538597792778284346e-01 2.539096277276232105e-01 2.540665862296443422e-01 2.541030635921582848e-01 2.539445844243879979e-01
3.625622114403684870e-01 3.624456124307549043e-01 3.622693623055303624e-01 3.621566993163848891e-01 3.622052592733421839e-01
3.614245829451843139e-01 3.612661268985243868e-01 3.609836186475331998e-01 3.608865407641212442e-01 3.610236470653736540e-01
3.413579766072495913e-01 3.411900469262136304e-01 3.406963997030906799e-01 3.404140040938923861e-01 3.404804732192598382e-01
3.385584780514730996e-01 3.367787633477578590e-01 3.361364046236526293e-01 3.359621697464709733e-01 3.361310030968975293e-01
3.534625888939018079e-01 3.510846067088383982e-01 3.514143557378272553e-01 3.514352617890503794e-01 3.511032496892628751e-01
3.552095804603137563e-01 3.555178966821886943e-01 3.555393261930032134e-01 3.554451898901510587e-01 3.553825719479495882e-01
3.364628582192326078e-01 3.364169774962543769e-01 3.363134814863985023e-01 3.363039554918039742e-01 3.363228413050502463e-01
3.300780678942714097e-01 3.300056501903843587e-01 3.300776182530438252e-01 3.301147432543698468e-01 3.302694342144361084e-01
3.412482777589266325e-01 3.412715476179070118e-01 3.413043175504093529e-01 3.413948152713113249e-01 3.415812217504719528e-01
3.514662930869917323e-01 3.514179914287039463e-01 3.515160903982994522e-01 3.517524550013537143e-01 3.517253049870238679e-01
2.818907207445827678e-01 2.819092693189356735e-01 2.818964694295153506e-01 2.818972435626526662e-01 2.818185262613318032e-01
2.756704054379167657e-01 2.757567948992702966e-01 2.756677675085730250e-01 2.755294637183122730e-01 2.755535869134527749e-01
3.557090846758088065e-01 3.556970291107295901e-01 3.557300753186443676e-01 3.557729381591708262e-01 3.557773227321983645e-01
3.285159718617471358e-01 3.285477704414850320e-01 3.285210987834505936e-01 3.284871115170318046e-01 3.284695762234279837e-01
2.367442776588513098e-01 2.367539426800968350e-01 2.367497418698675526e-01 2.367435104572361837e-01 2.367387083119230906e-01
