2.555193584743768731e-02 2.555193570138201975e-02 2.555191146503719632e-02 2.555190949973654493e-02
2.090301793649210760e-01 2.090301765469770312e-01 2.090301049705878267e-01 2.090301024087759252e-01
2.378464339950930317e-01 2.378464334467902952e-01 2.378463655348379557e-01 2.378463577271369700e-01
2.358658224982949358e-01 2.358658220628426505e-01 2.358657586877475620e-01 2.358657439775639353e-01
2.320733669550096301e-01 2.320733619813992177e-01 2.320733259890574995e-01 2.320733073482444675e-01
2.298935695606490470e-01 2.298935688881026118e-01 2.298936044348773855e-01 2.298935967917601630e-01
2.281010189811785993e-01 2.281010199559609375e-01 2.281010065216170779e-01 2.281010178035346725e-01
2.266572640047246900e-01 2.266572622012741622e-01 2.266572692150686796e-01 2.266572701871484574e-01
2.266546370693686974e-01 2.266546303386500760e-01 2.266546327881106548e-01 2.266546401242142406e-01
2.281372561530990162e-01 2.281372358023708025e-01 2.281372359514319270e-01 2.281372374584285656e-01
2.306591018925890635e-01 2.306591000504887856e-01 2.306590981347320102e-01 2.306591000263762958e-01
2.332392825181404394e-01 2.332393007720268419e-01 2.332392949144141137e-01 2.332393005396853902e-01
2.358919775874699643e-01 2.358920052361664077e-01 2.358919995465225683e-01 2.358920042556242880e-01
2.403512381913504026e-01 2.403512593088608096e-01 2.403512580855437786e-01 2.403512614350105381e-01
2.562589184429938105e-01 2.562589297347218076e-01 2.562589257766390571e-01 2.562589317511270171e-01
2.237880905201027337e-01 2.237880962287842335e-01 2.237880956640516950e-01 2.237880991461525526e-01
