1.654005566540991679e-01 1.654005107732440250e-01 1.654005513976763153e-01 1.654004351526402739e-01 1.654004254635720317e-01
2.126434961300163740e-01 2.126433419092629284e-01 2.126434637150584339e-01 2.126431534688270897e-01 2.126431333540360347e-01
1.927383524047447116e-01 1.927382491426381794e-01 1.927382950797275618e-01 1.927378418770454571e-01 1.927377999126940189e-01
1.881371771117450187e-01 1.881371420042517451e-01 1.881371022010085436e-01 1.881365841659434213e-01 1.881365908691854938e-01
1.868799633263246718e-01 1.868800106269760397e-01 1.868798708158240507e-01 1.868796192121467414e-01 1.868796318541182389e-01
1.857734210378739759e-01 1.857734272811318310e-01 1.857732702767423139e-01 1.857731620406714024e-01 1.857731290666872481e-01
1.844794545609887149e-01 1.844793618980039851e-01 1.844792130928714635e-01 1.844791448515308296e-01 1.844791422540151271e-01
1.833943824568365077e-01 1.833947567447813398e-01 1.833944184269212518e-01 1.833944014928091948e-01 1.833945518762627458e-01
1.840239615947884544e-01 1.840244689176094017e-01 1.840253522066476743e-01 1.840252372111636503e-01 1.840255450106740298e-01
1.849587456479535874e-01 1.849591651607578324e-01 1.849603094891680843e-01 1.849603137132725672e-01 1.849605001963994522e-01
1.858748489217158240e-01 1.858750711734826200e-01 1.858759112243888179e-01 1.858760765516553337e-01 1.858760754055280850e-01
1.868195235572097657e-01 1.868196694060655638e-01 1.868199314086539387e-01 1.868199698467998271e-01 1.868200358324402510e-01
1.878313206952486880e-01 1.878313989188941380e-01 1.878313681378325495e-01 1.878313588241277976e-01 1.878314170502954905e-01
1.888050276633149172e-01 1.888050589245713340e-01 1.888050455614960765e-01 1.888050487151086421e-01 1.888050632743235591e-01
1.571353688663457981e-01 1.571353813680202161e-01 1.571353850384691331e-01 1.571353848718790580e-01 1.571353858873830167e-01
2.510234278040622546e-02 2.510234554356478506e-02 2.510234938537821148e-02 2.510235117178338457e-02 2.510234886430015577e-02
