4.897414566216904963e-01 4.897343548423572224e-01 4.897342275390624833e-01 4.897254796892097639e-01
5.130779369542652901e-01 5.130761547863371685e-01 5.130439916862898908e-01 5.130253817285257423e-01
4.879399984204404461e-01 4.878965993272543766e-01 4.878430458052256391e-01 4.878236544746225034e-01
5.078526551957690538e-01 5.078327492229728346e-01 5.078013432994100684e-01 5.077479383999352613e-01
5.098553415138354916e-01 5.098039683629627117e-01 5.097359418531530739e-01 5.096324498650908197e-01
4.894615110346718367e-01 4.894323638437422241e-01 4.895122319364746399e-01 4.895030103960842927e-01
5.077253706629965002e-01 5.077125765565848603e-01 5.077775894397724699e-01 5.077771801126224060e-01
4.946173813009327458e-01 4.946155144039560136e-01 4.946073932452691446e-01 4.946053485503165703e-01
4.946950588603098997e-01 4.946950892351409945e-01 4.946909473631936338e-01 4.946906292242976289e-01
5.079475678794664883e-01 5.079391658753253935e-01 5.079158149835669711e-01 5.079008528629043173e-01
4.897626886463156692e-01 4.897557840820678798e-01 4.897033159170129935e-01 4.896966085066736252e-01
5.097096787450001720e-01 5.097150248112567450e-01 5.097247511054540103e-01 5.097368360237892748e-01
5.076575589618769202e-01 5.076552372561717874e-01 5.076769451626759189e-01 5.076786786016685982e-01
4.875686696288384914e-01 4.875752284862863162e-01 4.876372651731719632e-01 4.876477028018067483e-01
5.129420090697198731e-01 5.129419596217943411e-01 5.129816632124930553e-01 5.129977411747682625e-01
4.896185127600415354e-01 4.896241827248442036e-01 4.896219457319573864e-01 4.896227444383327576e-01
