3.105501283975810045e-01 3.105501291011597553e-01 3.105501194350211436e-01 3.105501211220730862e-01
4.313303798197043459e-01 4.313303766805416384e-01 4.313303694006161426e-01 4.313303741764079047e-01
4.534884319487569315e-01 4.534884301528203099e-01 4.534884409389157156e-01 4.534884448470382079e-01
4.169989268954766293e-01 4.169989243982952787e-01 4.169989157452794748e-01 4.169989213805904149e-01
4.014081023427066852e-01 4.014081074236383606e-01 4.014081081726707523e-01 4.014081069747392760e-01
4.294909412903006873e-01 4.294909440029491265e-01 4.294909322073398039e-01 4.294909295477115085e-01
4.571002132090807302e-01 4.571002139526130215e-01 4.571002142671362067e-01 4.571002125137637040e-01
3.496329216897808845e-01 3.496329238979598575e-01 3.496329195270042045e-01 3.496329167391130088e-01
3.496329246848014494e-01 3.496329226356916786e-01 3.496329183877944224e-01 3.496329206839172699e-01
4.571002121221271475e-01 4.571002120735562779e-01 4.571002135117103182e-01 4.571002129664235580e-01
4.294909284464055732e-01 4.294909265793372399e-01 4.294909264452433928e-01 4.294909275819040473e-01
4.014080973104645622e-01 4.014080971050766333e-01 4.014080973051101786e-01 4.014080965406449653e-01
4.169989124847289230e-01 4.169989120040706321e-01 4.169989114392842477e-01 4.169989108184999904e-01
4.534884330705462596e-01 4.534884331283809966e-01 4.534884313685438872e-01 4.534884320889966403e-01
4.313303391428767730e-01 4.313303390131595361e-01 4.313303405185401340e-01 4.313303407379349697e-01
3.105501206634711520e-01 3.105501199701916071e-01 3.105501230582755623e-01 3.105501239136437830e-01
