5.738694000647169948e-04 5.738693999307909214e-04 5.738694001597236796e-04 5.738694004578993348e-04 5.738694003619608866e-04
5.329535036773767019e-03 5.329535036224672395e-03 5.329535037401310175e-03 5.329535038884898601e-03 5.329535038008062671e-03
2.415090485966302561e-02 2.415090485892296829e-02 2.415090486102995301e-02 2.415090486341284204e-02 2.415090486150132942e-02
5.678281970826892788e-02 5.678281971089764457e-02 5.678281970861913386e-02 5.678281970469990780e-02 5.678281970255083522e-02
6.842541287117662185e-02 6.842541288774912911e-02 6.842541286283986002e-02 6.842541283144883135e-02 6.842541283430723931e-02
5.552233737615515363e-02 5.552233742017158996e-02 5.552233735471072407e-02 5.552233727343757613e-02 5.552233728523682521e-02
7.413318772921126398e-02 7.413318777680293070e-02 7.413318770479845887e-02 7.413318761822940139e-02 7.413318762871762280e-02
1.150819331023665987e-01 1.150819331117971522e-01 1.150819330995373480e-01 1.150819330854397360e-01 1.150819330897164261e-01
1.150819330491527764e-01 1.150819329949028524e-01 1.150819330871438728e-01 1.150819331955042907e-01 1.150819331745385476e-01
7.413318758824204158e-02 7.413318746404967685e-02 7.413318766547224992e-02 7.413318790980273632e-02 7.413318786253647596e-02
5.552233723794210846e-02 5.552233712341303473e-02 5.552233731356707308e-02 5.552233753364881758e-02 5.552233748658473578e-02
6.842541279642486152e-02 6.842541275867357331e-02 6.842541286003184231e-02 6.842541295026927095e-02 6.842541292572991429e-02
5.678281971499130054e-02 5.678281971432221076e-02 5.678281971726179683e-02 5.678281968985352673e-02 5.678281968267599039e-02
2.415090486586564042e-02 2.415090487707001465e-02 2.415090487472805469e-02 2.415090484547905217e-02 2.415090482922199744e-02
5.329535049545756215e-03 5.329535046795881234e-03 5.329535045737019035e-03 5.329535041871070675e-03 5.329535043763975778e-03
5.738694045820553211e-04 5.738694017337184119e-04 5.738693999550787848e-04 5.738694011642637722e-04 5.738694040887979764e-04
