1.341190517529988746e-02 1.341191203907010805e-02 1.341191399410240036e-02 1.341190322361403980e-02 1.341190164243733982e-02
8.853688021478790804e-02 8.853689477324479251e-02 8.853690673859131166e-02 8.853687930834246156e-02 8.853688152107720699e-02
1.302189747505634598e-01 1.302189843984045692e-01 1.302190130478592944e-01 1.302189907886771580e-01 1.302189520198915873e-01
1.383864151145920429e-01 1.383864228304615418e-01 1.383864634100678837e-01 1.383865715003200769e-01 1.383864635680515931e-01
1.311946936135127140e-01 1.311946278667036336e-01 1.311944563210906689e-01 1.311945783061817805e-01 1.311946579310692973e-01
1.311270667096930964e-01 1.311270600129939568e-01 1.311269791401375728e-01 1.311269806830320239e-01 1.311270296807176272e-01
1.377581213063664989e-01 1.377581181897621909e-01 1.377581127659327220e-01 1.377581131957191785e-01 1.377581147466668543e-01
1.311212666463657806e-01 1.311212643762969254e-01 1.311212660614492209e-01 1.311212669209436688e-01 1.311212673190561007e-01
1.311206449419913267e-01 1.311206433170362118e-01 1.311206420629073555e-01 1.311206413960700479e-01 1.311206432912952469e-01
1.377580720089309485e-01 1.377580715298799274e-01 1.377580726532859901e-01 1.377580715828952695e-01 1.377580718715523400e-01
1.311290724062642576e-01 1.311290699893947198e-01 1.311290683185577510e-01 1.311290640300780408e-01 1.311290676584298265e-01
1.312211074440949310e-01 1.312211136977392001e-01 1.312211043008932876e-01 1.312211037938836311e-01 1.312211076346758987e-01
1.389296655643627587e-01 1.389297043252479547e-01 1.389296678906588312e-01 1.389296573946122437e-01 1.389296726272459259e-01
1.400538615937218512e-01 1.400539256089002593e-01 1.400538129141384869e-01 1.400539049563479244e-01 1.400538382778205859e-01
1.673911828015933190e-01 1.673911774825009025e-01 1.673911145065310191e-01 1.673912533004674463e-01 1.673911962259234387e-01
1.206411262051962363e-01 1.206411139574766062e-01 1.206411015864168046e-01 1.206411532624857563e-01 1.206411437354041050e-01
