1.826836308989771840e-01 1.826836317220221773e-01 1.826836298811624626e-01 1.826836218436462267e-01 1.826836210002982241e-01
2.299936633275418418e-01 2.299936586083879131e-01 2.299936609351020955e-01 2.299936461021732936e-01 2.299936395754430818e-01
2.149081819119690595e-01 2.149081642625561839e-01 2.149081708846081185e-01 2.149081380396313246e-01 2.149081237203740724e-01
2.129127742568307780e-01 2.129127796649906423e-01 2.129127741114846539e-01 2.129127293616554784e-01 2.129127090766911867e-01
2.135938625442104777e-01 2.135938770174254930e-01 2.135938347357972389e-01 2.135937983340966406e-01 2.135937698974608445e-01
2.147300582533473168e-01 2.147300397690482254e-01 2.147299501300946323e-01 2.147298578403115388e-01 2.147298281452507396e-01
2.153057511141221181e-01 2.153058156307743609e-01 2.153057119481540105e-01 2.153056075811923264e-01 2.153055675122322321e-01
2.155002090601515485e-01 2.155002846472363343e-01 2.155002062230507998e-01 2.155001315332109313e-01 2.155000951078014648e-01
2.158334699128749978e-01 2.158335184670160389e-01 2.158334840081717887e-01 2.158334371339699076e-01 2.158334385378800624e-01
2.155814018409578647e-01 2.155814595303831294e-01 2.155814752897525499e-01 2.155815016996158462e-01 2.155814980477119835e-01
2.143526572526555651e-01 2.143526730463046481e-01 2.143526865617409460e-01 2.143527923832839743e-01 2.143528059336997360e-01
2.135128023877127801e-01 2.135127963880100177e-01 2.135127992871777292e-01 2.135128709925195323e-01 2.135128923992782868e-01
2.127380519940414993e-01 2.127380484826279783e-01 2.127380627191260698e-01 2.127380948422931128e-01 2.127381019732333123e-01
2.122282784271697920e-01 2.122282802178188932e-01 2.122282856258687345e-01 2.122282878389371852e-01 2.122282919621590047e-01
1.852641771145125127e-01 1.852641808430660342e-01 1.852641763190235324e-01 1.852641736346722356e-01 1.852641741577916723e-01
3.086113551296091120e-02 3.086113800542705787e-02 3.086113304515770983e-02 3.086112955734224630e-02 3.086113041589534298e-02
