2.880981785601961498e-01 2.880970228576228420e-01 2.880968364646841473e-01 2.880969772083692981e-01
4.231510042675401539e-01 4.231501206671110515e-01 4.231505823817893197e-01 4.231458284563449634e-01
3.627788757688742982e-01 3.627726600311862448e-01 3.627525065685063277e-01 3.627424634441526186e-01
3.605414871354341022e-01 3.605278712993625900e-01 3.604950639673570323e-01 3.604788524304581854e-01
4.016083486247963852e-01 4.015798160300052544e-01 4.015411460330761129e-01 4.014854965130049136e-01
3.952673383636783888e-01 3.952431834036553848e-01 3.952130415642208794e-01 3.951870304616663665e-01
4.049759593800867363e-01 4.049620984764679132e-01 4.049616082295660613e-01 4.049815678072783420e-01
3.641117728973289336e-01 3.641147683491191001e-01 3.641274808358917481e-01 3.641158919817211737e-01
3.641278159850686591e-01 3.641159017126514019e-01 3.640933595317241700e-01 3.640913709623760930e-01
4.048650734011654539e-01 4.048447591133637058e-01 4.048538977843981757e-01 4.048444761675157877e-01
3.952865621971785037e-01 3.952938259991285452e-01 3.953116490693264207e-01 3.953371843724532986e-01
4.014168994011646507e-01 4.014477909222908814e-01 4.014663514197784333e-01 4.015039044804012414e-01
3.602838434662083422e-01 3.603002018766674475e-01 3.603393676238933474e-01 3.603562947096225488e-01
3.625164686055387109e-01 3.625241329374894739e-01 3.625368376516912572e-01 3.625463113259553283e-01
4.230792455903794602e-01 4.230863011332999246e-01 4.230819525842239859e-01 4.230821228689203295e-01
2.879510510439614035e-01 2.879527166602752208e-01 2.879540459201309632e-01 2.879554030211702864e-01
