2.117757111413312854e-01 2.117757158543297769e-01 2.117757360458629168e-01 2.117757370450648047e-01 2.117757438918870250e-01
2.855732110480253549e-01 2.855731878020557057e-01 2.855732560487040939e-01 2.855733196666508378e-01 2.855731990798238695e-01
2.753319127847409509e-01 2.753318645537723430e-01 2.753319431157159047e-01 2.753321245683856278e-01 2.753322082217711242e-01
2.543659721989535716e-01 2.543659340043364914e-01 2.543658818077412231e-01 2.543658714698457946e-01 2.543658925304089768e-01
2.730717351153356676e-01 2.730716775900282611e-01 2.730714236668235206e-01 2.730703400051052721e-01 2.730698643903080591e-01
2.729977117584432844e-01 2.729971045685986586e-01 2.729957550883917450e-01 2.729942444070563856e-01 2.729959926916139534e-01
2.538488583220384065e-01 2.538472709988214837e-01 2.538461622431111842e-01 2.538450253916197386e-01 2.538464788687960771e-01
2.723519996091816608e-01 2.723521884083788813e-01 2.723508057337988841e-01 2.723499702746552398e-01 2.723506883206543994e-01
2.726291249343287260e-01 2.726307651589773839e-01 2.726307375136513556e-01 2.726302320823505432e-01 2.726301092570551643e-01
2.542192650744635185e-01 2.542203082683566207e-01 2.542207571335208249e-01 2.542218473388849209e-01 2.542211833548330135e-01
2.724210142081429642e-01 2.724216452938127975e-01 2.724221635107569872e-01 2.724226984014027630e-01 2.724219426658502918e-01
2.677496287069812131e-01 2.677496668358553267e-01 2.677489589575300366e-01 2.677482998608570752e-01 2.677489564184771798e-01
2.539429346554260003e-01 2.539432065920829151e-01 2.539431799028437631e-01 2.539431110706826811e-01 2.539436942033599376e-01
2.741772853825591993e-01 2.741778928718883179e-01 2.741780969865077466e-01 2.741781569550398312e-01 2.741785884993481748e-01
2.576075528336255194e-01 2.576078611886541414e-01 2.576077745144646491e-01 2.576074491213067308e-01 2.576073825135284934e-01
4.793748723703471215e-02 4.793780478067666273e-02 4.793754518145774274e-02 4.793700984733093029e-02 4.793696035424061669e-02
