6.640863032422039680e-02 6.640844624088416970e-02 6.640856770920880447e-02 6.640880720222853972e-02
1.088947836181006906e-01 1.088946472745750543e-01 1.088949443987831806e-01 1.088951772447073058e-01
1.494743305957987600e-01 1.494744178630155462e-01 1.494743392633900714e-01 1.494743983950437838e-01
1.218156279970270400e-01 1.218156651440457927e-01 1.218156460543928093e-01 1.218156547489521041e-01
1.441246715847311621e-01 1.441246555194955203e-01 1.441246442966891417e-01 1.441246484448477638e-01
1.266794983346780368e-01 1.266793194631376240e-01 1.266793728282419873e-01 1.266794445348154441e-01
1.389383933993180720e-01 1.389384454840502381e-01 1.389387223438677543e-01 1.389386445266374837e-01
1.366842007133071135e-01 1.366844991877395887e-01 1.366840277476970844e-01 1.366842285761116771e-01
1.365320427176207052e-01 1.365319487718158475e-01 1.365317439858046433e-01 1.365321240455656671e-01
1.388728001624450759e-01 1.388727926206713703e-01 1.388725618830426167e-01 1.388729425561389674e-01
1.266713295719534560e-01 1.266717377211709350e-01 1.266713166862411255e-01 1.266715181642004695e-01
1.441277493593639547e-01 1.441275493514577732e-01 1.441277111323080728e-01 1.441276872830873357e-01
1.218659406597999290e-01 1.218657648417970502e-01 1.218659649455672289e-01 1.218657429704501777e-01
1.501907010541964071e-01 1.501897016828176168e-01 1.501900897743655983e-01 1.501897473067224931e-01
1.145859324114492095e-01 1.145847224048965052e-01 1.145844061317306678e-01 1.145845690152839519e-01
7.413528889072877603e-02 7.413488659903900990e-02 7.413466659879280884e-02 7.413481763976662031e-02
