2.259045419801025412e-01 2.259050414296999709e-01 2.259054215235733187e-01 2.259050664909345862e-01 2.259047030070496509e-01
3.194111858518314806e-01 3.194122838997003888e-01 3.194144683503418736e-01 3.194149009435668374e-01 3.194138193157444183e-01
2.825967128164806330e-01 2.825980109100367788e-01 2.826003043222890532e-01 2.826006355037296580e-01 2.825995029978050077e-01
3.045347990012625683e-01 3.045254437086933885e-01 3.045257311290336943e-01 3.045316001124216965e-01 3.045306757356684435e-01
2.835006880627810588e-01 2.834953948277978975e-01 2.834887926010338788e-01 2.834894421126264441e-01 2.834772857472247498e-01
3.006664078898330095e-01 3.006946704163331874e-01 3.007489924781653334e-01 3.006746167339143239e-01 3.005941111621019401e-01
2.890966084043127271e-01 2.890508535328294992e-01 2.889887224841887203e-01 2.888002495428011462e-01 2.887657437272148075e-01
2.945248964549825321e-01 2.940601461438018260e-01 2.938445298982607090e-01 2.939172575030261636e-01 2.939607277402901397e-01
2.914182919131957372e-01 2.915492229346097752e-01 2.917667317578128694e-01 2.919333317422523888e-01 2.918686361517688344e-01
2.882027583702120310e-01 2.885719349931366029e-01 2.885855837820812675e-01 2.886038169387672436e-01 2.885983004669793184e-01
2.993395707503419545e-01 2.993481593472695490e-01 2.993155392253150637e-01 2.993182094910484259e-01 2.993421229177072873e-01
2.580771688209341219e-01 2.580336704468678688e-01 2.579219838889140748e-01 2.578900876009347365e-01 2.579584526038511405e-01
2.655850624657902226e-01 2.655895696737610723e-01 2.655245018595113193e-01 2.655001823214807599e-01 2.655474211463699774e-01
2.823183506490841710e-01 2.823221635394104201e-01 2.823167223801213432e-01 2.823155351438951244e-01 2.823213668777029284e-01
3.059114936186712597e-01 3.058923553315879285e-01 3.058604004886931182e-01 3.058506725247808200e-01 3.058618031923182046e-01
1.091600360650453599e-01 1.091413178890058150e-01 1.090910081485480798e-01 1.090719748914398546e-01 1.090995011554477950e-01
