4.096627013598195255e-01 4.096636367107004961e-01 4.096637343261531616e-01 4.096646420837641300e-01
4.857808516016086653e-01 4.857801423180956868e-01 4.857781332714375955e-01 4.857761594526975313e-01
3.887789587022587035e-01 3.887708989789432912e-01 3.887589008948177383e-01 3.887478028706549682e-01
4.746854854513971045e-01 4.746780949953362527e-01 4.746573121543483653e-01 4.746499270265957526e-01
4.327373433105434208e-01 4.327295118572155874e-01 4.327227190104939170e-01 4.327199204700299950e-01
4.671372890860124860e-01 4.671369892959248427e-01 4.671327717375114430e-01 4.671348629577183331e-01
3.928120747246026667e-01 3.928139234776925615e-01 3.928282984612878059e-01 3.928315421834452370e-01
4.487038948768248270e-01 4.487060166119686833e-01 4.487175274481836063e-01 4.487183923716464018e-01
4.486548785133295802e-01 4.486495932067878778e-01 4.486370255333158030e-01 4.486293176651989789e-01
3.928358056017089983e-01 3.928261692819920436e-01 3.928102714637126125e-01 3.928014158153020907e-01
4.671067468505819553e-01 4.670999019584228806e-01 4.670950226447797005e-01 4.670911300075837325e-01
4.326610641911092237e-01 4.326615243352580076e-01 4.326601200447020568e-01 4.326671296772039987e-01
4.745725541047767781e-01 4.745827702806474924e-01 4.746035152471510532e-01 4.746107198273138428e-01
3.886220967031677187e-01 3.886340948143645058e-01 3.886510359508070223e-01 3.886604708931921115e-01
4.857383521658573677e-01 4.857391215819327202e-01 4.857416223557387558e-01 4.857413984147502806e-01
4.095356075180957567e-01 4.095347713700114300e-01 4.095324458454233096e-01 4.095318460561350182e-01
