5.000003093148855937e-01 4.999996938785376543e-01 5.000003027168131720e-01 4.999997020478668674e-01
4.999987734604873779e-01 5.000012284144185193e-01 4.999987751074612685e-01 5.000012262761793780e-01
5.000073094741777080e-01 4.999926950748418975e-01 5.000072632557878149e-01 4.999927510901143735e-01
4.999633250137863194e-01 5.000367223648587434e-01 4.999633152868044883e-01 5.000366695308028353e-01
5.001544802003551338e-01 4.998455983428771177e-01 5.001540298745364987e-01 4.998461456162567318e-01
4.994835023567306131e-01 5.005168740773734415e-01 4.994834998156199024e-01 5.005166315505429342e-01
5.012202608917825097e-01 4.987803948785421992e-01 5.012170833142184367e-01 4.987840649510997815e-01
4.980427291550183488e-01 5.019564156067635174e-01 4.980483738125302540e-01 5.019498811107463432e-01
5.019497341769239007e-01 4.980505031388186010e-01 5.019489248879883680e-01 4.980511748345377021e-01
4.987794352841715129e-01 5.012203863946211868e-01 4.987796226139727951e-01 5.012202272328110109e-01
5.005087519009031594e-01 4.994912466566118203e-01 5.005087444525742058e-01 4.994912576412154359e-01
4.998468135250345168e-01 5.001531774791000418e-01 4.998468167747563973e-01 5.001531705905564174e-01
5.000358990756103017e-01 4.999640998552449256e-01 5.000358997187915877e-01 4.999641004992607107e-01
4.999928076395905308e-01 5.000071913289293457e-01 4.999928069059911828e-01 5.000071895389585075e-01
5.000011917552140694e-01 4.999988075861258041e-01 5.000011917504181280e-01 4.999988077177667800e-01
4.999997003135210338e-01 5.000002959940920144e-01 4.999996998408108295e-01 5.000002950324686779e-01
