4.811056207960393571e-01 4.811050830123836941e-01 4.811051304925782479e-01 4.811054636130824846e-01 4.811047974795242821e-01
4.823079400922785642e-01 4.823078948562292689e-01 4.823078759419830996e-01 4.823078865537350213e-01 4.823078475317695846e-01
4.714629148682729642e-01 4.714626087069286875e-01 4.714626524822675413e-01 4.714628697462038276e-01 4.714624713918822430e-01
4.721159310244472662e-01 4.721158817465619384e-01 4.721158769789858822e-01 4.721159091020656895e-01 4.721158344461176548e-01
4.780912610166885290e-01 4.780911728814872252e-01 4.780911903385931527e-01 4.780912390324079664e-01 4.780911238267326890e-01
4.661915578186593967e-01 4.661915069627221575e-01 4.661915034555606518e-01 4.661915204666585710e-01 4.661914652702731643e-01
4.790952292209220142e-01 4.790952284708934750e-01 4.790952286075870203e-01 4.790952164615905340e-01 4.790952230343223373e-01
4.696307149494776123e-01 4.696307026474879631e-01 4.696307048101320825e-01 4.696306895239354962e-01 4.696306908072163111e-01
4.696307051994755288e-01 4.696307092806789596e-01 4.696307038144953983e-01 4.696306938176613710e-01 4.696307039891638446e-01
4.790951711853908557e-01 4.790951794814918840e-01 4.790951749643097002e-01 4.790951507004914678e-01 4.790951724283220581e-01
4.661914641044913044e-01 4.661914555170043051e-01 4.661914488208054874e-01 4.661914589317577295e-01 4.661914483491951811e-01
4.780911336865693029e-01 4.780911171406492799e-01 4.780911051450713045e-01 4.780911313502591575e-01 4.780910995811835651e-01
4.721158241950581536e-01 4.721158160744247656e-01 4.721158176594846267e-01 4.721158330479315324e-01 4.721158113790311361e-01
4.714626860867601188e-01 4.714626024351435962e-01 4.714625678008832477e-01 4.714627071677737757e-01 4.714625252955508272e-01
4.823078488565389899e-01 4.823078476386096214e-01 4.823078484905227725e-01 4.823078560094410383e-01 4.823078602535334491e-01
4.811050446376048395e-01 4.811049026298765963e-01 4.811048432448806755e-01 4.811050912297427096e-01 4.811047779122073487e-01
