2.862609527906145347e-03 2.862609527464229746e-03 2.862609524804998837e-03 2.862609523396669221e-03 2.862609524660201903e-03
2.421096063560113781e-02 2.421096064055247229e-02 2.421096062366229207e-02 2.421096062080266981e-02 2.421096062753382711e-02
7.273010912385537152e-02 7.273010921777930959e-02 7.273010912373840953e-02 7.273010914548191930e-02 7.273010918328555452e-02
8.409467016366309333e-02 8.409467078636441439e-02 8.409467032568178346e-02 8.409467050101877839e-02 8.409467071529366788e-02
7.806896609819893862e-02 7.806896804167784421e-02 7.806896659094392232e-02 7.806896711635337438e-02 7.806896780439386008e-02
9.604223310930067037e-02 9.604223594751085114e-02 9.604223399177297393e-02 9.604223478493773003e-02 9.604223568965387925e-02
9.775950732926801112e-02 9.775950944624058059e-02 9.775950830738781849e-02 9.775950901992276620e-02 9.775950947060202401e-02
1.442309386657533443e-01 1.442309394281366675e-01 1.442309391816430364e-01 1.442309394981982074e-01 1.442309395566007402e-01
1.442309391457030354e-01 1.442309393617672020e-01 1.442309392884008057e-01 1.442309393182103494e-01 1.442309393975756970e-01
9.775950856949804091e-02 9.775950877969927233e-02 9.775950868313934561e-02 9.775950860603158099e-02 9.775950880445100077e-02
9.604223448164467269e-02 9.604223474136129590e-02 9.604223463742507516e-02 9.604223454118340775e-02 9.604223479118899343e-02
7.806896712385200110e-02 7.806896730760234937e-02 7.806896723400308380e-02 7.806896716116182300e-02 7.806896733930915322e-02
8.409467067011444641e-02 8.409467072474494098e-02 8.409467066213723030e-02 8.409467062634752577e-02 8.409467068696875602e-02
7.273010940233830268e-02 7.273010941270409424e-02 7.273010936092359768e-02 7.273010933186786764e-02 7.273010935592741366e-02
2.421096088892688708e-02 2.421096088873709098e-02 2.421096086045409004e-02 2.421096084405958970e-02 2.421096086041929149e-02
2.862609598442983003e-03 2.862609598046086511e-03 2.862609591681621133e-03 2.862609588460794316e-03 2.862609592472361002e-03
