4.227720251929486528e-01 4.227661582670607654e-01 4.227729250251511250e-01 4.227850331507939097e-01 4.227497639510695571e-01
4.813023776057403502e-01 4.812806200146078073e-01 4.813168736931063840e-01 4.813116359230282248e-01 4.812561330081859268e-01
4.627526645745914657e-01 4.626987507521439502e-01 4.627268655382976714e-01 4.627260220776723276e-01 4.625981388467686473e-01
4.616290666609605964e-01 4.615731834807640932e-01 4.613964478515321099e-01 4.612451721270568461e-01 4.612428033488536472e-01
4.537844786645909290e-01 4.537369681241963382e-01 4.535143594495187891e-01 4.533738103865643243e-01 4.534318765700912079e-01
4.528041616651314882e-01 4.528103986819754789e-01 4.527724715181299375e-01 4.527459833095688335e-01 4.527599118146258261e-01
4.571956493321905346e-01 4.571596969665174814e-01 4.569291667420349867e-01 4.567696805277483008e-01 4.568166578815922585e-01
4.526135531903549003e-01 4.526254708688083883e-01 4.525783949625883373e-01 4.525571797962215648e-01 4.525791947629185241e-01
4.533897771082504025e-01 4.533729963267176810e-01 4.533377596098919771e-01 4.532834490585365139e-01 4.532070873360793950e-01
4.387770290548399510e-01 4.387587744535949019e-01 4.387591130304290266e-01 4.387625159506180483e-01 4.387536876602672886e-01
4.450270393573318994e-01 4.450195059295319888e-01 4.450175619845914143e-01 4.450006806760834488e-01 4.449698782219016491e-01
4.334662104124742399e-01 4.334895769442627111e-01 4.334450940159497168e-01 4.333993137346682234e-01 4.334140678134293934e-01
4.566221216171588160e-01 4.566679953592368557e-01 4.567001640865314682e-01 4.567292986696673829e-01 4.567720143901171648e-01
4.559335415437337780e-01 4.559769643736229505e-01 4.559634982907294076e-01 4.559542433239507364e-01 4.559979498695131417e-01
4.580899777452465127e-01 4.581045678958794998e-01 4.581203238153940260e-01 4.581406374881859533e-01 4.581597651215376654e-01
4.145724654562081835e-01 4.145869327336405563e-01 4.145906520833297915e-01 4.145964872551517466e-01 4.146075538960698470e-01
