2.262640138648457089e-01 2.262639772008580297e-01 2.262639204180438290e-01 2.262638970958645857e-01 2.262639822915307464e-01
3.075534394759946166e-01 3.075534699332336808e-01 3.075534919417679536e-01 3.075533887921891307e-01 3.075534648359936063e-01
3.570511386188076619e-01 3.570511507047567923e-01 3.570511560901953318e-01 3.570511579088325727e-01 3.570511483846530720e-01
2.926572780430572451e-01 2.926571108358999584e-01 2.926569704066168121e-01 2.926570195609665692e-01 2.926572594748124145e-01
2.935749712669807332e-01 2.935750417376974952e-01 2.935752111597001446e-01 2.935749534405530103e-01 2.935751214858293157e-01
3.536059084487438997e-01 3.536059444693226972e-01 3.536059687999097423e-01 3.536059153386600928e-01 3.536058939064400941e-01
3.411235666663635646e-01 3.411231145634244233e-01 3.411227314982609449e-01 3.411229247218245941e-01 3.411234524275955637e-01
3.304657090063135016e-01 3.304658227856419606e-01 3.304659831938937531e-01 3.304657819746659730e-01 3.304658758149514042e-01
3.373324993191731402e-01 3.373325926037726852e-01 3.373326679181497534e-01 3.373326093997767727e-01 3.373325441720287921e-01
3.560009938807955354e-01 3.560005534038024333e-01 3.560001601186858489e-01 3.560003662854754336e-01 3.560008846896545176e-01
3.535386032918850230e-01 3.535386549284312285e-01 3.535387051657291058e-01 3.535386635865347960e-01 3.535386721532610688e-01
3.338028683092041371e-01 3.338029295715480571e-01 3.338029756165907247e-01 3.338029499436135916e-01 3.338028984420854384e-01
3.411937069146661616e-01 3.411935298323509058e-01 3.411933693053246786e-01 3.411934464389239641e-01 3.411936344208215677e-01
3.570510868226786094e-01 3.570510814430435387e-01 3.570510774940173770e-01 3.570510732386437125e-01 3.570510761049519588e-01
3.623597334728104746e-01 3.623597395463586390e-01 3.623597400488233200e-01 3.623597392818616036e-01 3.623597398284277293e-01
2.564252697308689877e-01 2.564252209233836011e-01 2.564251725446594077e-01 2.564251956988964354e-01 2.564252455230130456e-01
