2.117780531908734221e-01 2.117781145920047681e-01 2.117781831018141769e-01 2.117781185108468800e-01 2.117780067152761903e-01
2.855760158768395063e-01 2.855758217167864710e-01 2.855761225618967947e-01 2.855763617886412642e-01 2.855760178059378873e-01
2.753363719802328080e-01 2.753360146708638267e-01 2.753357333616758829e-01 2.753358087713713154e-01 2.753356469348274271e-01
2.543696208831626171e-01 2.543687726681879702e-01 2.543679770766156811e-01 2.543675334351891415e-01 2.543668204832928992e-01
2.730766374732163104e-01 2.730752765664569148e-01 2.730741993787330069e-01 2.730728686871187194e-01 2.730716339372325496e-01
2.729913563199847237e-01 2.729921918292316785e-01 2.729904068345284651e-01 2.729869383727854815e-01 2.729858487850375104e-01
2.538322404203795513e-01 2.538343635127519038e-01 2.538311666546474998e-01 2.538319266561280818e-01 2.538330090349762425e-01
2.723578889051574414e-01 2.723590990512196330e-01 2.723572366105769249e-01 2.723586223660914296e-01 2.723569084371750826e-01
2.726346389089162603e-01 2.726393973613231436e-01 2.726407254493238286e-01 2.726421605749940191e-01 2.726444043970123188e-01
2.542132130643165455e-01 2.542176312169592833e-01 2.542191190518011679e-01 2.542193454852971768e-01 2.542229115038088794e-01
2.724300502231480903e-01 2.724323252283565866e-01 2.724330418606921156e-01 2.724338820674536144e-01 2.724363460099410439e-01
2.677677353354956380e-01 2.677702150906013379e-01 2.677682352441854707e-01 2.677660481692540340e-01 2.677667485777743828e-01
2.539483698244427434e-01 2.539489510641508851e-01 2.539486808063722845e-01 2.539486741807663317e-01 2.539493870746425963e-01
2.741788690092981651e-01 2.741793762548396796e-01 2.741796391451452042e-01 2.741796465662303950e-01 2.741802156887245268e-01
2.576017406292460676e-01 2.576021381945211575e-01 2.576016880224261674e-01 2.576006740338143142e-01 2.576009508290020289e-01
4.789883589439222766e-02 4.789929659906558279e-02 4.789859164710542211e-02 4.789748419050340877e-02 4.789767956511440522e-02
