2.730460511220622610e-01 2.730460554168204768e-01 2.730454679022623621e-01 2.730453115625222082e-01 2.730454891878506540e-01
3.820227929384426013e-01 3.820231531407100589e-01 3.820210797151546434e-01 3.820196476865664326e-01 3.820204704114529282e-01
3.696286591744691319e-01 3.696285823319098718e-01 3.696286486553013173e-01 3.696288527844069915e-01 3.696288202899754016e-01
3.797588761054374595e-01 3.797591905625202768e-01 3.797572496487476856e-01 3.797560123232875950e-01 3.797566850972229902e-01
3.807609820048418747e-01 3.807614077435426125e-01 3.807596600238102313e-01 3.807582074582064324e-01 3.807589666221014024e-01
3.777306481162946428e-01 3.777305975924329928e-01 3.777306241965471267e-01 3.777306933361082031e-01 3.777305703872569365e-01
3.687222020720226645e-01 3.687224755956279298e-01 3.687199833568827190e-01 3.687181892434648889e-01 3.687190336152115777e-01
3.638757289331031042e-01 3.638757398328072434e-01 3.638755650621010584e-01 3.638754702050589485e-01 3.638754528704960522e-01
3.649787607806862511e-01 3.649787776558984786e-01 3.649786569358451360e-01 3.649785773548833712e-01 3.649786089973562908e-01
3.692427651549903267e-01 3.692432534314017967e-01 3.692407525904879972e-01 3.692387177615245597e-01 3.692399025104873278e-01
3.777377798373998674e-01 3.777377680201118859e-01 3.777377898112501686e-01 3.777378157105401590e-01 3.777377811539616714e-01
3.774006118832337053e-01 3.774008859347514067e-01 3.773992151712803889e-01 3.773978935688890868e-01 3.773985989571102539e-01
3.588592308971759182e-01 3.588596335626288991e-01 3.588576833183124704e-01 3.588560487988108338e-01 3.588569599388342635e-01
3.675280591547460118e-01 3.675280016274513617e-01 3.675281172640030847e-01 3.675282405188043389e-01 3.675281415632788429e-01
2.805018054817682294e-01 2.805020075104333599e-01 2.805001567267049745e-01 2.804988120173209087e-01 2.804994846377971696e-01
2.082170140610471454e-01 2.082170619299259506e-01 2.082166056178483549e-01 2.082162770148287545e-01 2.082164508113081569e-01
