2.937963235584821198e-01 2.937931997063187306e-01 2.937933155225176951e-01 2.937998731028302335e-01 2.937911194021552985e-01
4.141933784532474960e-01 4.141726533199957538e-01 4.141801246066458275e-01 4.141830765814135673e-01 4.141736877713342868e-01
3.921835848783578049e-01 3.921677405757538759e-01 3.921554911325744741e-01 3.921442150884993372e-01 3.921057271282450962e-01
4.007177049749988673e-01 4.006606795720391578e-01 4.006179640981337164e-01 4.006203394615354685e-01 4.005186901739895000e-01
3.986340863437474180e-01 3.985319535946110769e-01 3.985176865830236115e-01 3.984313875338100774e-01 3.983530130604984731e-01
3.984950385165753062e-01 3.985099577356896461e-01 3.985134884150509094e-01 3.984080134537442697e-01 3.985034166466973060e-01
3.999512474791026562e-01 3.999107689541296917e-01 3.998920230433354317e-01 3.999101403643973707e-01 3.998549636902594129e-01
3.969576936308336079e-01 3.969827367172505395e-01 3.967593458825696140e-01 3.966414938562717873e-01 3.966995433231605972e-01
3.993080118653744570e-01 3.992413579813858249e-01 3.993360980879745448e-01 3.993543081593067257e-01 3.992948865256305546e-01
3.817701355496231352e-01 3.815084569743225629e-01 3.817860418253684052e-01 3.815537083631307391e-01 3.815506911410732616e-01
3.845337741098784901e-01 3.845181890329552599e-01 3.845216022601556927e-01 3.842868391796722682e-01 3.845236816105085387e-01
4.000066137191226612e-01 4.000104762334683040e-01 4.000172954081034904e-01 4.000211043526174515e-01 4.000167797869282893e-01
3.831573182062772420e-01 3.831676024393224633e-01 3.829707849528047325e-01 3.828525264594113131e-01 3.829208327636823284e-01
3.902396957347066264e-01 3.902163960952562682e-01 3.902790346305612945e-01 3.903066398635987588e-01 3.902615516932844142e-01
3.381811289940588883e-01 3.380088673530544652e-01 3.381867449294735928e-01 3.380793128906566802e-01 3.380300574140610581e-01
2.288886947064456001e-01 2.288316400798179884e-01 2.287196430540649195e-01 2.286292146595347019e-01 2.286853729796125279e-01
