3.105501256372744656e-01 3.105501272826708958e-01 3.105501197090735355e-01 3.105501196489910409e-01
4.313303569686561811e-01 4.313303566111406084e-01 4.313303514755943424e-01 4.313303538503292511e-01
4.534884322756240205e-01 4.534884311687460978e-01 4.534884369344659993e-01 4.534884384666745261e-01
4.169989205498115803e-01 4.169989207830963052e-01 4.169989151724837750e-01 4.169989175076767585e-01
4.014081016854287864e-01 4.014081054540935001e-01 4.014081056836856232e-01 4.014081050749698787e-01
4.294909423991931652e-01 4.294909440275545554e-01 4.294909359074785549e-01 4.294909342493353765e-01
4.571002118920681756e-01 4.571002119193639524e-01 4.571002119617220139e-01 4.571002111100880838e-01
3.496329416341811824e-01 3.496329426614321889e-01 3.496329400381663066e-01 3.496329382737741742e-01
3.496329428004796847e-01 3.496329429753480822e-01 3.496329402500941153e-01 3.496329403741880171e-01
4.571002114428297514e-01 4.571002112856226707e-01 4.571002121799804807e-01 4.571002117470588377e-01
4.294909319223299549e-01 4.294909320213353143e-01 4.294909320539153086e-01 4.294909311980965039e-01
4.014080971086202432e-01 4.014080972996629804e-01 4.014080974692613157e-01 4.014080966846695353e-01
4.169989114525019525e-01 4.169989107891534097e-01 4.169989110634093610e-01 4.169989109507549196e-01
4.534884319297263766e-01 4.534884314736055133e-01 4.534884301171430154e-01 4.534884312613481350e-01
4.313303282183854059e-01 4.313303277160773774e-01 4.313303294602424676e-01 4.313303303217397855e-01
3.105501185021751209e-01 3.105501182191232612e-01 3.105501207127393526e-01 3.105501209836648568e-01
