6.740166326355528925e-02 6.740173158687701171e-02 6.740154032270508078e-02 6.740132748305922850e-02
1.830989473036720994e-01 1.830989385658824686e-01 1.830988036997337476e-01 1.830988114774883546e-01
1.906459432053224656e-01 1.906467929683925699e-01 1.906462773110179088e-01 1.906469567316954605e-01
1.896752789088028135e-01 1.896754318717417120e-01 1.896758659747416198e-01 1.896747160508354402e-01
2.045930189207378624e-01 2.045929319001109636e-01 2.045927079460258535e-01 2.045925059065252238e-01
2.119199998019818398e-01 2.119203921109467093e-01 2.119204740227454697e-01 2.119204022163131973e-01
2.045570308443631358e-01 2.045570637054478780e-01 2.045570311976939448e-01 2.045570576942960517e-01
1.893709757598733556e-01 1.893709730202175756e-01 1.893709670240757426e-01 1.893709827763993825e-01
1.893731442374565199e-01 1.893731354012148371e-01 1.893731392995678664e-01 1.893731549468321007e-01
2.045930912011332259e-01 2.045930826336819497e-01 2.045931146791654109e-01 2.045931445720263475e-01
2.120260908751477325e-01 2.120262038466164956e-01 2.120259340869165288e-01 2.120259205133591673e-01
2.045926585621969107e-01 2.045926472730066337e-01 2.045927231680746694e-01 2.045926129414533667e-01
1.897810380379282846e-01 1.897813089762964422e-01 1.897814316492096587e-01 1.897811958320682058e-01
1.925124429908870449e-01 1.925121328816106481e-01 1.925129093051414497e-01 1.925121952413083593e-01
2.124108130706469921e-01 2.124102486735354456e-01 2.124119333794898257e-01 2.124103055612786006e-01
1.534470964330536258e-01 1.534476566854455770e-01 1.534477233914546546e-01 1.534462280795069189e-01
