3.105573720299089624e-01 3.105574528006778134e-01 3.105572058389327594e-01 3.105571686880199134e-01
4.313494832677302604e-01 4.313494671879389841e-01 4.313490653531039665e-01 4.313491165939966066e-01
4.534895031664096798e-01 4.534894613388308349e-01 4.534896917381948667e-01 4.534897443352992052e-01
4.170030092053957360e-01 4.170029655204731678e-01 4.170021548674708312e-01 4.170021330082254729e-01
4.014078198876377956e-01 4.014076699040843854e-01 4.014077019097721521e-01 4.014075415167032701e-01
4.294877851198886098e-01 4.294879024451910832e-01 4.294875377443806430e-01 4.294873551075524820e-01
4.570997803690542982e-01 4.570996918935089637e-01 4.571000604817275215e-01 4.570999770958825148e-01
3.496136048689749698e-01 3.496135480353765868e-01 3.496136808130766993e-01 3.496137986256036001e-01
3.496140652710604813e-01 3.496143474258610606e-01 3.496141939602722681e-01 3.496144283789445195e-01
4.571004716863035777e-01 4.571003978322782380e-01 4.571000611512834877e-01 4.571002755490506941e-01
4.294870421161959273e-01 4.294871846587747233e-01 4.294873930074977753e-01 4.294872927309870136e-01
4.014080163249726940e-01 4.014080879474263841e-01 4.014079452476088106e-01 4.014079156847175645e-01
4.170002999157175205e-01 4.170000555180396473e-01 4.170002899400103158e-01 4.170004965932776475e-01
4.534888956531394899e-01 4.534888749479805692e-01 4.534888698812209462e-01 4.534888693697426421e-01
4.313398592582654567e-01 4.313396859744070277e-01 4.313398421765157753e-01 4.313399592722372833e-01
3.105535731476704586e-01 3.105535534984496526e-01 3.105536579340676950e-01 3.105536471871189752e-01
