1.249502794783451110e-02 1.249502795961182980e-02 1.249502796803484209e-02 1.249502795281350054e-02 1.249502793374784176e-02
8.804393147432294786e-02 8.804393148626803167e-02 8.804393153316385223e-02 8.804393152210843176e-02 8.804393145684864808e-02
1.304391925532896457e-01 1.304391926015286696e-01 1.304391926152257131e-01 1.304391925774672500e-01 1.304391925008547004e-01
1.388722347272772772e-01 1.388722349852855864e-01 1.388722350770791591e-01 1.388722348795539130e-01 1.388722346517519413e-01
1.320239039951942861e-01 1.320239049118213659e-01 1.320239052862660911e-01 1.320239046082708756e-01 1.320239037227810275e-01
1.311474907188167338e-01 1.311474944185827551e-01 1.311474960045966587e-01 1.311474932765974155e-01 1.311474899616494050e-01
1.370217312256412912e-01 1.370217450857428854e-01 1.370217510893518009e-01 1.370217409300782674e-01 1.370217286211474206e-01
1.278553027397112685e-01 1.278553166466593893e-01 1.278553226660325004e-01 1.278553124960571108e-01 1.278553001745324769e-01
1.312809450463025551e-01 1.312809416090252312e-01 1.312809400862992582e-01 1.312809426177307393e-01 1.312809457148754466e-01
1.388174804963169251e-01 1.388174698915287109e-01 1.388174652575501211e-01 1.388174730048578331e-01 1.388174825488501241e-01
1.336543481503194297e-01 1.336543343539254580e-01 1.336543281480578327e-01 1.336543379779431273e-01 1.336543506369626266e-01
1.394712050323556607e-01 1.394711899800418486e-01 1.394711834926271321e-01 1.394711944433291440e-01 1.394712077439916598e-01
1.567879296915880016e-01 1.567879155872049790e-01 1.567879095344833773e-01 1.567879196836269584e-01 1.567879321832260642e-01
1.959012914037827624e-01 1.959012763051478645e-01 1.959012696775078444e-01 1.959012805701330628e-01 1.959012940233725020e-01
1.739403727555255408e-01 1.739403483015715124e-01 1.739403375412130748e-01 1.739403553485284193e-01 1.739403771212567062e-01
3.224765812105345048e-02 3.224764481474758082e-02 3.224763896135703078e-02 3.224764865774663175e-02 3.224766050050803523e-02
