2.676037945011376373e-01 2.676037496833396090e-01 2.676037885705988550e-01 2.676037493799319211e-01
3.433729567049052522e-01 3.433728727904643008e-01 3.433728988053591502e-01 3.433728690504971315e-01
3.375001363061465032e-01 3.375001118929566446e-01 3.375001077483740231e-01 3.375001110811554073e-01
3.042478185385902312e-01 3.042478095027418838e-01 3.042478130197207586e-01 3.042478100006479336e-01
3.146385325047993953e-01 3.146385047473498342e-01 3.146385078044056649e-01 3.146385015874291757e-01
3.194134351017551832e-01 3.194134265363390845e-01 3.194134215679220734e-01 3.194134239047421997e-01
3.051932328286816043e-01 3.051932305717773297e-01 3.051932309516804942e-01 3.051932296717906334e-01
3.080302943048475184e-01 3.080302857885474643e-01 3.080302850380909896e-01 3.080302849635717100e-01
3.080302918251225930e-01 3.080302886411797059e-01 3.080302880821223499e-01 3.080302898384605359e-01
3.051932266291528251e-01 3.051932255396839766e-01 3.051932271220063608e-01 3.051932263715269045e-01
3.194133985793115027e-01 3.194133975405225034e-01 3.194133991462545508e-01 3.194133993463357801e-01
3.146384925294454793e-01 3.146384929888517146e-01 3.146384955394912475e-01 3.146384979062727960e-01
3.042478170492514677e-01 3.042478170213747113e-01 3.042478175931187523e-01 3.042478180648127695e-01
3.375000899261519915e-01 3.375000896691218721e-01 3.375000915284707692e-01 3.375000929384525672e-01
3.433728577539102433e-01 3.433728616084681939e-01 3.433728631835985534e-01 3.433728694133744708e-01
2.676037605232268746e-01 2.676037634709707569e-01 2.676037616038446920e-01 2.676037655757665390e-01
