2.403982647268711470e-01 2.403982651302954410e-01 2.403982582724744910e-01 2.403982695505416656e-01 2.403982447286424629e-01
3.405043573428390702e-01 3.405043811688502897e-01 3.405043415997472400e-01 3.405043062541679433e-01 3.405042595805825023e-01
3.165632797126513576e-01 3.165632880340976119e-01 3.165632909550720187e-01 3.165632926989049301e-01 3.165632962773836101e-01
3.109433836005105478e-01 3.109433868517542110e-01 3.109433932694293801e-01 3.109434038052257265e-01 3.109433968295122197e-01
2.996792782914768916e-01 2.996793061338746678e-01 2.996792672680226866e-01 2.996792169749782908e-01 2.996791951259241138e-01
2.947069418220845671e-01 2.947069534242122146e-01 2.947069409375521198e-01 2.947069294282316232e-01 2.947069324877064633e-01
3.316244884535063941e-01 3.316244829230625135e-01 3.316244829437299813e-01 3.316244867299473764e-01 3.316244760509998168e-01
2.655801188591762618e-01 2.655801128662805821e-01 2.655801068440227786e-01 2.655801051442179261e-01 2.655800837176371942e-01
2.655800928684834417e-01 2.655801027286647797e-01 2.655801063263005246e-01 2.655801075139448408e-01 2.655801226506077084e-01
3.316244712626640334e-01 3.316244780962894767e-01 3.316244746249428776e-01 3.316244674244971380e-01 3.316244718311635031e-01
2.947069202404856147e-01 2.947069038534287921e-01 2.947069098344876625e-01 2.947069318023253226e-01 2.947069067760128558e-01
2.996791625284054850e-01 2.996791498246711427e-01 2.996791847404070563e-01 2.996792417006699516e-01 2.996792445164117025e-01
3.109433568088679212e-01 3.109433666926771367e-01 3.109433618105530428e-01 3.109433589772388484e-01 3.109433714940561533e-01
3.165632822944713376e-01 3.165632758741331321e-01 3.165632799724251156e-01 3.165632887669085349e-01 3.165632867565134623e-01
3.405042826625229169e-01 3.405042793634041609e-01 3.405043116376455514e-01 3.405043738048326163e-01 3.405043817045595445e-01
2.403982680097810909e-01 2.403982846710072674e-01 2.403982803252383560e-01 2.403982884966993638e-01 2.403983019154520284e-01
