5.000011285241042769e-01 4.999989762584464148e-01 5.000011587341657293e-01 4.999989857650685710e-01
4.999957251705043348e-01 5.000043354776010363e-01 4.999956946662759139e-01 5.000043334126625938e-01
5.000260237436625621e-01 4.999741554169919722e-01 5.000260634579939412e-01 4.999741665274823332e-01
4.998704078629619962e-01 5.001298590801332988e-01 4.998704142190381616e-01 5.001297475676323989e-01
5.005520882461952370e-01 4.994487477454027102e-01 5.005518259596682951e-01 4.994490189254173207e-01
4.981646168802896235e-01 5.018359012784855411e-01 4.981654651814421686e-01 5.018349564206122659e-01
5.043883865715279580e-01 4.956139886530232519e-01 5.043870933134032564e-01 4.956150954806117781e-01
4.929800464850193076e-01 5.070185335752773748e-01 4.929834466550084837e-01 5.070146926224948780e-01
5.070028247046686198e-01 4.929970316468802460e-01 5.070027332969740952e-01 4.929967299538367542e-01
4.956138587531068174e-01 5.043849742090296129e-01 4.956142596688546953e-01 5.043846814277869184e-01
5.018281327974795092e-01 4.981716884505947296e-01 5.018280052321929530e-01 4.981716194347862725e-01
4.994493316953154127e-01 5.005503028856043146e-01 4.994493384748797671e-01 5.005502067363885033e-01
5.001289433846366483e-01 4.998709092867938963e-01 5.001289058996785108e-01 4.998709030300543810e-01
4.999740898632705211e-01 5.000258023204209312e-01 4.999741169065834989e-01 5.000257826677692030e-01
5.000042726404672067e-01 4.999956985498121287e-01 5.000042629030371222e-01 4.999957003353558416e-01
4.999988693362444891e-01 5.000010209575020959e-01 4.999988914649329819e-01 5.000010312065744644e-01
