6.996833799662561040e-03 6.996833797186813135e-03 6.996833796780139308e-03 6.996833797075478582e-03 6.996833798601210380e-03
5.375114831898465673e-02 5.375114830950764727e-02 5.375114831056727188e-02 5.375114831000086385e-02 5.375114831404105564e-02
1.074776470749272961e-01 1.074776470635979281e-01 1.074776470779481158e-01 1.074776470678166507e-01 1.074776470696424957e-01
1.035988699071289654e-01 1.035988698699207705e-01 1.035988699167801202e-01 1.035988698824524962e-01 1.035988698917804790e-01
1.135968729378976499e-01 1.135968728707775349e-01 1.135968729427030838e-01 1.135968728936785771e-01 1.135968729067387828e-01
1.135122879995284773e-01 1.135122879320820677e-01 1.135122879907887322e-01 1.135122882099659225e-01 1.135122882091325891e-01
1.296852199278106244e-01 1.296852197962243547e-01 1.296852199178013809e-01 1.296852206215686476e-01 1.296852206172019462e-01
1.713811191244262455e-01 1.713811191437543402e-01 1.713811191226217723e-01 1.713811198883992415e-01 1.713811198951573911e-01
1.713811193542586209e-01 1.713811196193628372e-01 1.713811193627163554e-01 1.713811196384829039e-01 1.713811196517279201e-01
1.296852202886113192e-01 1.296852204193661429e-01 1.296852203042958285e-01 1.296852203551824012e-01 1.296852203664808356e-01
1.135122882775882330e-01 1.135122882819262630e-01 1.135122882933834176e-01 1.135122882764158514e-01 1.135122882877623168e-01
1.135968730093379758e-01 1.135968729665811500e-01 1.135968729989004361e-01 1.135968729848548103e-01 1.135968729956974010e-01
1.035988699204719449e-01 1.035988699511707217e-01 1.035988699744736646e-01 1.035988699352072828e-01 1.035988699181001060e-01
1.074776470837092157e-01 1.074776470994828620e-01 1.074776471008262735e-01 1.074776470745786860e-01 1.074776470663008493e-01
5.375114834985264545e-02 5.375114836362648862e-02 5.375114836302205545e-02 5.375114834264704822e-02 5.375114833656616242e-02
6.996833811329749957e-03 6.996833816527630277e-03 6.996833817299681971e-03 6.996833810890405216e-03 6.996833808387879251e-03
