6.584029785261612602e-03 6.584021966076155502e-03 6.583994008145021247e-03 6.584017796099830323e-03
6.475430004927545946e-02 6.475430218656950954e-02 6.475419425794334827e-02 6.475424237195805122e-02
1.438518322811225270e-01 1.438518322887138434e-01 1.438517674859495776e-01 1.438517880142501093e-01
1.211800672574984278e-01 1.211800638888741316e-01 1.211800421991105908e-01 1.211800647239323070e-01
1.438486535958334589e-01 1.438486315463693155e-01 1.438486150258860286e-01 1.438486378994468240e-01
1.255995566797126484e-01 1.255995426312284668e-01 1.255995230966937548e-01 1.255995320058310716e-01
1.382573114261533564e-01 1.382573102806139986e-01 1.382573260652274205e-01 1.382572827447730857e-01
1.318222636132656556e-01 1.318222659102082084e-01 1.318222611144789780e-01 1.318222459084261999e-01
1.318214490363298907e-01 1.318214442117209839e-01 1.318214480308477765e-01 1.318214475922063200e-01
1.382572106159941083e-01 1.382572167290875842e-01 1.382572722323482939e-01 1.382572609892726567e-01
1.256021901637066340e-01 1.256021408761472946e-01 1.256020185227516572e-01 1.256022658504180878e-01
1.438822405742278265e-01 1.438818859816317630e-01 1.438817461450194457e-01 1.438824042868773745e-01
1.218662812979105226e-01 1.218662407305927120e-01 1.218662097502581920e-01 1.218662922711866159e-01
1.562751858337455002e-01 1.562751409665111280e-01 1.562751603367715514e-01 1.562750980004932178e-01
1.643625307925230539e-01 1.643624835074725954e-01 1.643624954007293359e-01 1.643624506926527340e-01
1.420353297367083767e-01 1.420353182505504352e-01 1.420353158579350794e-01 1.420353046304355937e-01
