3.280278427681819209e-01 3.280585097122948879e-01 3.280754767033927655e-01 3.280954329291776439e-01
4.550865757986459759e-01 4.551230502829636815e-01 4.551834456706677634e-01 4.551930026819964170e-01
4.134342384519963387e-01 4.133886941312530650e-01 4.134262019536674715e-01 4.133643574779960472e-01
4.308645833023818650e-01 4.308865656624218943e-01 4.309498889610783312e-01 4.309712270555712266e-01
3.888119141595615114e-01 3.887403292342769823e-01 3.885412700759877103e-01 3.885352471900450078e-01
3.978402742629023048e-01 3.977800447447764620e-01 3.974735642981558903e-01 3.974159547321346464e-01
4.289770521067927112e-01 4.289075583984520157e-01 4.289357323553277257e-01 4.289073730806896578e-01
4.088401164045241121e-01 4.085877691666270350e-01 4.081846691556293427e-01 4.080113959280833869e-01
4.080887870682531893e-01 4.081797010916213830e-01 4.085405118774192434e-01 4.087377106061156340e-01
4.295380869828375747e-01 4.295499475744374296e-01 4.295630819862236160e-01 4.295815618533175839e-01
3.970958097668016440e-01 3.971138260911118989e-01 3.973235667340424548e-01 3.973554548872720860e-01
3.879679680388224416e-01 3.880064264896074810e-01 3.882062981096627285e-01 3.882358981045871404e-01
4.308704421764397163e-01 4.308588785798835863e-01 4.307214400736354976e-01 4.306961123667594205e-01
4.124647485944874514e-01 4.124935091045426327e-01 4.124297430614016213e-01 4.124634615373995450e-01
4.549097533144467187e-01 4.549017614829272138e-01 4.547737223978876031e-01 4.547637959093690507e-01
3.275304806849245742e-01 3.275219618394528132e-01 3.274535610343933811e-01 3.274426317422760579e-01
