1.391457163109980910e-01 1.391457661479863495e-01 1.391457222461145726e-01 1.391456483699262670e-01
2.567887139392984186e-01 2.567886748580464062e-01 2.567886669815888090e-01 2.567887105988669316e-01
2.634524014681154935e-01 2.634523591138949739e-01 2.634523758739779620e-01 2.634523850523695088e-01
2.631929493018126953e-01 2.631929262887586773e-01 2.631929887663658763e-01 2.631929939940358398e-01
2.631460900052809415e-01 2.631460818953209602e-01 2.631461068320263275e-01 2.631461145035701721e-01
2.696213189364383145e-01 2.696214300809237074e-01 2.696213573201243219e-01 2.696213552444441386e-01
2.726989572156152120e-01 2.726990165679509803e-01 2.726989709244949101e-01 2.726989454190256179e-01
2.731195939304795761e-01 2.731196315343210057e-01 2.731195975819066812e-01 2.731196087668223416e-01
2.731227347972514652e-01 2.731227980203118078e-01 2.731228057198331061e-01 2.731228640620692039e-01
2.727007966149849749e-01 2.727008550987949365e-01 2.727008837006772990e-01 2.727009442988459487e-01
2.696157158914571084e-01 2.696156910158891695e-01 2.696157643072989440e-01 2.696157983566530025e-01
2.630830302839784474e-01 2.630830222679499397e-01 2.630831049527571075e-01 2.630831519656859907e-01
2.631869324370585961e-01 2.631868346177282381e-01 2.631870145177026554e-01 2.631870124774662312e-01
2.634389645196366092e-01 2.634389338881857889e-01 2.634389100536270734e-01 2.634389708229378790e-01
2.564603491931703450e-01 2.564608116016512951e-01 2.564608880502626809e-01 2.564611085311703786e-01
1.372247122043438183e-01 1.372249516449582651e-01 1.372251865786964231e-01 1.372252814362671935e-01
