1.269448912310991093e-02 1.269444916230018545e-02 1.269444079012577511e-02 1.269446872364915144e-02 1.269447876628620499e-02
8.800936606417762709e-02 8.800922350894054003e-02 8.800921377331719087e-02 8.800931152606281116e-02 8.800933034907698627e-02
1.301531645357189015e-01 1.301530611049802610e-01 1.301531328882943317e-01 1.301532426218222349e-01 1.301531988049197119e-01
1.383827789985118961e-01 1.383828427166729491e-01 1.383829131711766525e-01 1.383827439878959065e-01 1.383827503064221087e-01
1.311944870779424566e-01 1.311945526189415845e-01 1.311944922052182272e-01 1.311944635571673512e-01 1.311944569188570053e-01
1.311269492188134600e-01 1.311269749692385023e-01 1.311269687412980611e-01 1.311269499351480350e-01 1.311270308746211311e-01
1.377580854427130630e-01 1.377580858744635595e-01 1.377580895546270667e-01 1.377580843141366918e-01 1.377581051537060675e-01
1.311213095165848774e-01 1.311213091604266912e-01 1.311213192185964604e-01 1.311213112451850016e-01 1.311213151872227534e-01
1.311206819091762510e-01 1.311206802623638978e-01 1.311206806282498583e-01 1.311206798353973524e-01 1.311206856131882648e-01
1.377580544333325829e-01 1.377580505989351445e-01 1.377580517908456315e-01 1.377580561040927243e-01 1.377580562324766389e-01
1.311290692637818722e-01 1.311290581377746733e-01 1.311290606522712010e-01 1.311290706174971787e-01 1.311290730370601454e-01
1.312212693585470269e-01 1.312212555005232428e-01 1.312212749024350977e-01 1.312212694431320326e-01 1.312212721136273019e-01
1.389333036655712172e-01 1.389332667390756060e-01 1.389333113397942798e-01 1.389332736176111527e-01 1.389333045769110819e-01
1.401196058769982877e-01 1.401196410150522542e-01 1.401196238890461965e-01 1.401196142189820026e-01 1.401196873942026633e-01
1.679187062067873937e-01 1.679187733469575949e-01 1.679187846918788474e-01 1.679187957622251814e-01 1.679188282498706997e-01
1.213586067064107987e-01 1.213586288039872202e-01 1.213586466997523122e-01 1.213586529938111974e-01 1.213586520620486831e-01
