2.830557977058741903e-01 2.829006780331165816e-01 2.830522044197150144e-01 2.829226775299419350e-01
4.119574581140190150e-01 4.114226623033753194e-01 4.119566776430520494e-01 4.114169395101300308e-01
3.316380301675784237e-01 3.317631178848127749e-01 3.316110171407492535e-01 3.316886639312406349e-01
3.949211642093745089e-01 3.940770380394614247e-01 3.948973086741017768e-01 3.942039427064315538e-01
3.400197845037534750e-01 3.369418182960228769e-01 3.400085043679461627e-01 3.368578399683913593e-01
3.603264946339954644e-01 3.598676371150119069e-01 3.598898468172284648e-01 3.586738991709920721e-01
3.541692272849855661e-01 3.531457840400042403e-01 3.542424361503641039e-01 3.534109984474531063e-01
2.781255759462372135e-01 2.763487691079208330e-01 2.783014337054637299e-01 2.762418379242952415e-01
2.764386392809393134e-01 2.786612421918321369e-01 2.760688985355391756e-01 2.778499121517756243e-01
3.532927860878785631e-01 3.541939409866198263e-01 3.532420564645664673e-01 3.542386882067123377e-01
3.592064891254007630e-01 3.603669225192386860e-01 3.593127509248897899e-01 3.599053583062542527e-01
3.368492392356363663e-01 3.400896464549394427e-01 3.368296795746365535e-01 3.400259439975148457e-01
3.941210927911431572e-01 3.949085961350895513e-01 3.941005312969569907e-01 3.949037493332089865e-01
3.317271592457518570e-01 3.316462450787852623e-01 3.317308700094787066e-01 3.316103219889247056e-01
4.113981263096562202e-01 4.119556695947430014e-01 4.113934806772326369e-01 4.119559682062220451e-01
2.829071193876579460e-01 2.830543205680958740e-01 2.829034230676678585e-01 2.830538667721166357e-01
