2.555201019566449502e-02 2.555201070987033959e-02 2.555201004019239455e-02 2.555201056919514935e-02
2.090300894097021356e-01 2.090300905554595690e-01 2.090300892096459418e-01 2.090300903414184508e-01
2.378463556409216861e-01 2.378463563349050847e-01 2.378463554958112902e-01 2.378463560715034786e-01
2.358657876162484623e-01 2.358657875468407050e-01 2.358657875519735991e-01 2.358657874809511334e-01
2.320733377574939471e-01 2.320733377557645805e-01 2.320733372688061069e-01 2.320733376268413473e-01
2.298935876912994170e-01 2.298935882484149651e-01 2.298935872394244351e-01 2.298935884690179732e-01
2.281010379320543568e-01 2.281010386649834909e-01 2.281010384950531433e-01 2.281010390619561401e-01
2.266572890130700568e-01 2.266572892888243373e-01 2.266572902267634526e-01 2.266572894510316682e-01
2.266546354297694910e-01 2.266546337481386286e-01 2.266546332794779905e-01 2.266546340426888739e-01
2.281372210017383606e-01 2.281372204479324151e-01 2.281372191131028349e-01 2.281372201142742029e-01
2.306591227477271799e-01 2.306591231597051594e-01 2.306591208952823713e-01 2.306591233297974053e-01
2.332392997747398111e-01 2.332393018377772742e-01 2.332393010722945970e-01 2.332393020679093543e-01
2.358919963016141153e-01 2.358919951550100813e-01 2.358919943103170991e-01 2.358919950523268305e-01
2.403512336312395581e-01 2.403512371794415403e-01 2.403512364553775926e-01 2.403512373497117272e-01
2.562589111673932440e-01 2.562589138881641304e-01 2.562589119052257614e-01 2.562589144367857785e-01
2.237880775257516663e-01 2.237880815351397934e-01 2.237880809559409934e-01 2.237880821271285015e-01
