5.294599125497046659e-04 5.294599125521112695e-04 5.294599125617611025e-04 5.294599125888920692e-04 5.294599125802456653e-04
4.957423153344873122e-03 4.957423153346270442e-03 4.957423153329564187e-03 4.957423153397765708e-03 4.957423153456487833e-03
2.274838662135561518e-02 2.274838662145878959e-02 2.274838662143301854e-02 2.274838662143334467e-02 2.274838662166619313e-02
5.440472750183070888e-02 5.440472750192453660e-02 5.440472750207282077e-02 5.440472750178243500e-02 5.440472750226640897e-02
6.610173540608844933e-02 6.610173540582563179e-02 6.610173540646568924e-02 6.610173540551736449e-02 6.610173540608071940e-02
4.645286565869408135e-02 4.645286565736260476e-02 4.645286565892485509e-02 4.645286565728183603e-02 4.645286565750429697e-02
4.204776029748784338e-02 4.204776029474474597e-02 4.204776029722494951e-02 4.204776029544092519e-02 4.204776029487399674e-02
6.275766367600131568e-02 6.275766367239289656e-02 6.275766367531744605e-02 6.275766367367907606e-02 6.275766367280767588e-02
6.275817297879547618e-02 6.275817297565310093e-02 6.275817297841211617e-02 6.275817297626622160e-02 6.275817297667919681e-02
4.205889793006949151e-02 4.205889792924877302e-02 4.205889793042111996e-02 4.205889792839676011e-02 4.205889793065004101e-02
4.663251211669730556e-02 4.663251212303394511e-02 4.663251211902905147e-02 4.663251211899240717e-02 4.663251212335504936e-02
6.810917083145738571e-02 6.810917084227018081e-02 6.810917083419144868e-02 6.810917083640916081e-02 6.810917084004908251e-02
6.825725907673350912e-02 6.825725908684575349e-02 6.825725908021441912e-02 6.825725908281753129e-02 6.825725908412455523e-02
7.437028512207387310e-02 7.437028512789156665e-02 7.437028512559791527e-02 7.437028512752373588e-02 7.437028512721943763e-02
9.184241263321628324e-02 9.184241263576480019e-02 9.184241263548413581e-02 9.184241263587263060e-02 9.184241263506093267e-02
4.597126706893014947e-02 4.597126706943667485e-02 4.597126706953064829e-02 4.597126706959051012e-02 4.597126706934386714e-02
