2.261770286130417584e-01 2.261767210180721799e-01 2.261767813868070798e-01 2.261769943775861491e-01 2.261765903751390416e-01
3.194613194685342883e-01 3.194609037625562586e-01 3.194609813053935210e-01 3.194612637651236819e-01 3.194607173291316160e-01
2.827478483123372355e-01 2.827478620396107201e-01 2.827478598953819255e-01 2.827478511252279891e-01 2.827478644100167582e-01
3.036123166557853081e-01 3.036122245605297754e-01 3.036122444913577079e-01 3.036123103646915511e-01 3.036121855601968123e-01
2.840254692607209197e-01 2.840249041496110127e-01 2.840250124472626370e-01 2.840253992980998343e-01 2.840246617144479568e-01
3.002440516160287398e-01 3.002438150676269291e-01 3.002438599737020652e-01 3.002440213670969915e-01 3.002437116773365999e-01
2.888264978438895292e-01 2.888264974017443754e-01 2.888264973053272233e-01 2.888264977493400498e-01 2.888264966811239232e-01
2.945057732814035933e-01 2.945053852125640304e-01 2.945054576811788616e-01 2.945057208207539912e-01 2.945052183644397692e-01
2.926466834827787244e-01 2.926462940768452259e-01 2.926463569423215505e-01 2.926466151218541922e-01 2.926461185115062924e-01
2.887719965961890178e-01 2.887719968230261225e-01 2.887719971621733883e-01 2.887719958765548323e-01 2.887719922324577526e-01
2.995784609266675114e-01 2.995782212924352206e-01 2.995782673799777807e-01 2.995784284416732612e-01 2.995781191224146101e-01
2.670192372656982616e-01 2.670186652938933425e-01 2.670187651456653599e-01 2.670191465800590969e-01 2.670184177944340820e-01
2.792828100045057216e-01 2.792827109545795716e-01 2.792827210079383282e-01 2.792827829687471453e-01 2.792826677839803651e-01
2.827036772165879563e-01 2.827036891239610439e-01 2.827036860517319061e-01 2.827036787082874425e-01 2.827036979837771469e-01
3.033334244120536316e-01 3.033330110428663073e-01 3.033330920020413934e-01 3.033333776080748834e-01 3.033328371980626437e-01
8.706611706429921715e-02 8.706580711204048306e-02 8.706586444393168978e-02 8.706607575167724100e-02 8.706567776227226718e-02
