3.807382673079429125e-01 3.806004530555330279e-01 3.806803710840483967e-01 3.807837216389060586e-01 3.806726064904651374e-01
4.084950027776909076e-01 4.085623844099257607e-01 4.083562068030194836e-01 4.082617493231973649e-01 4.081769355506286168e-01
4.028206099281693708e-01 4.032337616199690444e-01 4.020900037728560861e-01 4.006494261051301020e-01 4.009296896131676613e-01
3.920512343268452993e-01 3.917779761316713127e-01 3.904249359598273017e-01 3.893446462674953201e-01 3.889180900245546857e-01
3.700698614073709702e-01 3.690045707227878058e-01 3.707593715149553049e-01 3.732499491768290767e-01 3.718317044406581617e-01
3.788294477082708722e-01 3.781664075787518620e-01 3.766298096035309850e-01 3.752918873088351703e-01 3.742273451125876504e-01
3.066640387118678146e-01 3.059047167389741251e-01 3.027005055798711042e-01 3.022803682335654107e-01 3.007028765620425315e-01
3.590587177385501927e-01 3.602056037328945637e-01 3.576401399176505902e-01 3.608805233166004212e-01 3.602915412392893590e-01
3.678136605655706326e-01 3.692538535135561628e-01 3.687074737652232814e-01 3.701508985107076488e-01 3.699506399136974766e-01
2.824571836825586213e-01 2.850857262704429851e-01 2.808730385872131863e-01 2.762647807745119977e-01 2.775201141253394455e-01
3.478349878304564657e-01 3.478194521271453787e-01 3.475760905207849194e-01 3.475183916535662387e-01 3.474934022083596696e-01
3.645891725507391379e-01 3.651200592249131960e-01 3.642596899102887309e-01 3.634493978602515996e-01 3.637370490747902640e-01
3.041669438696301131e-01 3.044096301807707738e-01 3.045916394331495414e-01 3.047644860637832021e-01 3.048869899357212199e-01
3.542102090432430184e-01 3.542420786847979564e-01 3.543840592857431249e-01 3.546145785883967338e-01 3.546569327124665660e-01
3.409649349004841845e-01 3.410367085795230624e-01 3.410868864688419433e-01 3.411252470202635889e-01 3.410958784763498675e-01
2.460209767177702900e-01 2.460921296079724985e-01 2.460954606506865205e-01 2.460693820371542273e-01 2.460523265362813405e-01
