5.000008405473130857e-01 4.999992384042978300e-01 5.000008477355438741e-01 4.999992429822403550e-01
4.999968202014410945e-01 5.000031943483829178e-01 4.999968175842463558e-01 5.000031894684974221e-01
5.000191967024053552e-01 4.999808436510664866e-01 5.000191994998178791e-01 4.999809297761303450e-01
4.999042268118948362e-01 5.000958157357994205e-01 4.999042272385268992e-01 5.000957731478320456e-01
5.004074593298506457e-01 4.995927960909649079e-01 5.004073728337299354e-01 4.995930618430938774e-01
4.986449785857905992e-01 5.013553858508968952e-01 4.986450141880127696e-01 5.013548975861468193e-01
5.032402192857430290e-01 4.967612347528581607e-01 5.032390454019278758e-01 4.967618345797110702e-01
4.948169615516610498e-01 5.051828906593638369e-01 4.948180361085829371e-01 5.051807789196188780e-01
5.051706143020932016e-01 4.948296193188325698e-01 5.051699169214698415e-01 4.948288875338155979e-01
4.967618066638180840e-01 5.032374647166288906e-01 4.967624008106517053e-01 5.032373879854059595e-01
5.013497315779200658e-01 4.986502184912851021e-01 5.013497237237680704e-01 4.986501789993271205e-01
4.995935470525884603e-01 5.004063863633061437e-01 4.995935512992081273e-01 5.004063623002948935e-01
5.000952470384635307e-01 4.999047454491976628e-01 5.000952406058770672e-01 4.999047446490990643e-01
4.999809043312830603e-01 5.000190684603786906e-01 4.999809076923829032e-01 5.000190587887711757e-01
5.000031613093338656e-01 4.999968340028581593e-01 5.000031576891014184e-01 4.999968336925831869e-01
4.999991922182152604e-01 5.000007707207924090e-01 4.999991944782107844e-01 5.000007694097226008e-01
