2.175231418286732200e-03 2.175231418337848430e-03 2.175231418284912909e-03 2.175231418389959957e-03
2.542531486422912324e-02 2.542531486463567650e-02 2.542531486419027237e-02 2.542531486472682234e-02
9.715728003226406506e-02 9.715728003323549633e-02 9.715728003218297715e-02 9.715728003314760830e-02
1.060599964037907544e-01 1.060599964047507782e-01 1.060599964035823656e-01 1.060599964041545190e-01
8.415782610611986791e-02 8.415782610619457205e-02 8.415782610564909172e-02 8.415782610529265462e-02
1.200196557100012412e-01 1.200196557090560251e-01 1.200196557088807903e-01 1.200196557081947418e-01
8.395513666649426221e-02 8.395513666513704232e-02 8.395513666521813023e-02 8.395513666427094346e-02
1.060495721004264813e-01 1.060495720992022106e-01 1.060495720996575408e-01 1.060495720984917511e-01
1.060495914954209806e-01 1.060495914947058721e-01 1.060495914949337870e-01 1.060495914940010609e-01
8.395538344455705237e-02 8.395538344464867353e-02 8.395538344427937172e-02 8.395538344432566802e-02
1.200243309837120270e-01 1.200243309845681339e-01 1.200243309840310774e-01 1.200243309848841033e-01
8.426628259585913772e-02 8.426628259718567382e-02 8.426628259668991761e-02 8.426628259805266086e-02
1.082120857766197819e-01 1.082120857784111129e-01 1.082120857773132550e-01 1.082120857791290802e-01
1.225896138113500566e-01 1.225896138129784901e-01 1.225896138121347484e-01 1.225896138137072405e-01
1.413723258082666689e-01 1.413723258090302526e-01 1.413723258090660018e-01 1.413723258098037172e-01
1.085303727807725438e-01 1.085303727808937524e-01 1.085303727810406627e-01 1.085303727811492008e-01
