2.854138768244481039e-03 2.854138767398370531e-03 2.854138768276485386e-03 2.854138769709210419e-03 2.854138769701181251e-03
2.414298698663264880e-02 2.414298698411228294e-02 2.414298698669445700e-02 2.414298699102776155e-02 2.414298699100348583e-02
7.245215222125900301e-02 7.245215221938691719e-02 7.245215222105340358e-02 7.245215222432833946e-02 7.245215222431021507e-02
8.270651538300527461e-02 8.270651538258336211e-02 8.270651538218426468e-02 8.270651538264681135e-02 8.270651538230787414e-02
7.335399458767896674e-02 7.335399458690120000e-02 7.335399458602237521e-02 7.335399458604338618e-02 7.335399458463033595e-02
8.887924276657073464e-02 8.887924276452405237e-02 8.887924276417949465e-02 8.887924276444925109e-02 8.887924276207710694e-02
7.290642332358877875e-02 7.290642332030422557e-02 7.290642332087722555e-02 7.290642332061007813e-02 7.290642331833155354e-02
8.270454755796212420e-02 8.270454755432343763e-02 8.270454755563311222e-02 8.270454755510747713e-02 8.270454755316450357e-02
8.270456955224701756e-02 8.270456954981565689e-02 8.270456955068911098e-02 8.270456955027263857e-02 8.270456954912755454e-02
7.290696001756598321e-02 7.290696001706911678e-02 7.290696001716996666e-02 7.290696001657044623e-02 7.290696001723206976e-02
8.889240464689633636e-02 8.889240464779735174e-02 8.889240464782373341e-02 8.889240464674849629e-02 8.889240464919577478e-02
7.363153054311559476e-02 7.363153054511088758e-02 7.363153054494864236e-02 7.363153054386456509e-02 7.363153054715487755e-02
8.673460772515520500e-02 8.673460772781646511e-02 8.673460772722914325e-02 8.673460772751327708e-02 8.673460773037028337e-02
1.037586241899450673e-01 1.037586241908173695e-01 1.037586241919609825e-01 1.037586241956548333e-01 1.037586241970489265e-01
1.195322472181975099e-01 1.195322472168773714e-01 1.195322472194967067e-01 1.195322472242035666e-01 1.195322472244387257e-01
7.183905451013733456e-02 7.183905450949029659e-02 7.183905451044546309e-02 7.183905451197147851e-02 7.183905451195388148e-02
