4.893846422731072954e-01 4.893845093687408387e-01 4.893846796201224980e-01 4.893843112905538750e-01
5.128621624124813927e-01 5.128618238091682269e-01 5.128606951359615529e-01 5.128601814624123012e-01
4.877554457916090103e-01 4.877536608400747653e-01 4.877503351062976167e-01 4.877487293072776398e-01
5.077343592874692391e-01 5.077328580441973216e-01 5.077306978688638228e-01 5.077299818234350948e-01
5.098063832462529366e-01 5.098047903527908042e-01 5.098034124590670180e-01 5.098027544127332611e-01
4.898963937663429746e-01 4.898968999336936747e-01 4.898997734070654753e-01 4.899000845885678190e-01
5.078749291705615398e-01 5.078751336972801012e-01 5.078762315290843432e-01 5.078763209249508304e-01
4.947000354703009473e-01 4.947001825734795855e-01 4.947002032430488083e-01 4.946998967890378074e-01
4.947047185624527943e-01 4.947044779941503490e-01 4.947044824509559957e-01 4.947039520189762118e-01
5.078832274425847393e-01 5.078824132005140823e-01 5.078802954822645432e-01 5.078792884105720606e-01
4.899036628696594731e-01 4.899024355682491949e-01 4.898988806543452257e-01 4.898973149281067307e-01
5.098002138984134568e-01 5.098004883590376846e-01 5.098001203988251628e-01 5.098010310904379505e-01
5.077222271985871727e-01 5.077224514575974235e-01 5.077242439874043445e-01 5.077248960933623545e-01
4.877355638336665078e-01 4.877380954660794909e-01 4.877410087014029672e-01 4.877426599292583598e-01
5.128569902559393379e-01 5.128579097533048081e-01 5.128593014496644065e-01 5.128597033119677295e-01
4.893836179787316443e-01 4.893840482644544743e-01 4.893837061300855273e-01 4.893840738530653711e-01
