1.447569885537357548e-01 1.447569885541140911e-01 1.447569881324683727e-01 1.447569879006043725e-01 1.447569880875436421e-01
1.913861051285716819e-01 1.913861051002872515e-01 1.913861042128379431e-01 1.913861040208027497e-01 1.913861040775396705e-01
1.630978714144511732e-01 1.630978713509287081e-01 1.630978701189256530e-01 1.630978704343591379e-01 1.630978699467293958e-01
1.573902568064692586e-01 1.573902567328887281e-01 1.573902552341644168e-01 1.573902556848181256e-01 1.573902550169617442e-01
1.613914321094729598e-01 1.613914319780929696e-01 1.613914309040013484e-01 1.613914309958970894e-01 1.613914307659911618e-01
1.639422501821697353e-01 1.639422501679560218e-01 1.639422509154647434e-01 1.639422510326794258e-01 1.639422509313419873e-01
1.613301922696055990e-01 1.613301923385860037e-01 1.613301923609102573e-01 1.613301922897809049e-01 1.613301924234380180e-01
1.567037090163982682e-01 1.567037090720733716e-01 1.567037090091326079e-01 1.567037089679295947e-01 1.567037089884456003e-01
1.566954628050672149e-01 1.566954627582925752e-01 1.566954627087138174e-01 1.566954627076369289e-01 1.566954628046197395e-01
1.613221796512160910e-01 1.613221795455964669e-01 1.613221795744761988e-01 1.613221795737528330e-01 1.613221796483516879e-01
1.639416136797526846e-01 1.639416136466586016e-01 1.639416136556924308e-01 1.639416137030766385e-01 1.639416137590672395e-01
1.613708654511204488e-01 1.613708654030660827e-01 1.613708653525536829e-01 1.613708653610750332e-01 1.613708654402575549e-01
1.570883331351137779e-01 1.570883334158749145e-01 1.570883333458082398e-01 1.570883333652394465e-01 1.570883334399634235e-01
1.571018105499972783e-01 1.571018108942286995e-01 1.571018109068950397e-01 1.571018109474619229e-01 1.571018109197019064e-01
1.236793957372078062e-01 1.236793958261022952e-01 1.236793957941259708e-01 1.236793958204620847e-01 1.236793958633092272e-01
1.880153592332275275e-02 1.880153592284768832e-02 1.880153589414519655e-02 1.880153590371086772e-02 1.880153593591191163e-02
