2.117781033187246809e-01 2.117781495505197398e-01 2.117782068427230824e-01 2.117781521593983529e-01 2.117780455570167086e-01
2.855760789095109775e-01 2.855758756207888438e-01 2.855761760143775696e-01 2.855764221902520328e-01 2.855760633885368049e-01
2.753364322441789747e-01 2.753360748471425090e-01 2.753357913013398384e-01 2.753358604883823224e-01 2.753356924290339403e-01
2.543696815433176828e-01 2.543688346944196210e-01 2.543680283281034016e-01 2.543675719257412760e-01 2.543668542804919386e-01
2.730767971975818220e-01 2.730754214544981462e-01 2.730743217737034434e-01 2.730729794707296154e-01 2.730717292993025125e-01
2.729913124867188179e-01 2.729921598713497266e-01 2.729903687693245873e-01 2.729868533792051410e-01 2.729857403534191596e-01
2.538320145807445027e-01 2.538341741003660168e-01 2.538309788620408125e-01 2.538317409554064485e-01 2.538327589506989557e-01
2.723582593026330767e-01 2.723596512141537862e-01 2.723578372294038208e-01 2.723592070275910326e-01 2.723574744226768263e-01
2.726352603250555284e-01 2.726400301697914363e-01 2.726413821348033228e-01 2.726427932218907224e-01 2.726450142880010308e-01
2.542132373305168724e-01 2.542176268831571884e-01 2.542191218020252719e-01 2.542193652922394853e-01 2.542229517818154760e-01
2.724300805473063303e-01 2.724324487871765399e-01 2.724331381528106166e-01 2.724339317630106727e-01 2.724364914639668123e-01
2.677680809860883415e-01 2.677705786806257038e-01 2.677686374065978425e-01 2.677664696156933366e-01 2.677672194194218314e-01
2.539484682604476462e-01 2.539490181892976595e-01 2.539487810398933232e-01 2.539487788950170466e-01 2.539494929303952042e-01
2.741788776552547269e-01 2.741794047745345075e-01 2.741796256967738432e-01 2.741796086775994956e-01 2.741802069865371672e-01
2.576013773558918918e-01 2.576018734652000264e-01 2.576013822385678775e-01 2.576003936904742719e-01 2.576006900871420924e-01
4.789725727487517681e-02 4.789777658677049632e-02 4.789707568375975444e-02 4.789599191825977959e-02 4.789618220599311388e-02
