1.978199139874631252e-01 1.978199136972492167e-01 1.978199138854367656e-01 1.978199138106482013e-01 1.978199135864845137e-01
2.523469288729192073e-01 2.523469281679977527e-01 2.523469285280797170e-01 2.523469284559836656e-01 2.523469279522085884e-01
2.496932315402324298e-01 2.496932309555560392e-01 2.496932311754954115e-01 2.496932310569484337e-01 2.496932306445821259e-01
2.469952694257880055e-01 2.469952693990427051e-01 2.469952693659117349e-01 2.469952693350841166e-01 2.469952692714441900e-01
2.370734624693454362e-01 2.370734623891108395e-01 2.370734624686753889e-01 2.370734624564725945e-01 2.370734624189779760e-01
2.320645623659290113e-01 2.320645618745431349e-01 2.320645621179822926e-01 2.320645620863069081e-01 2.320645617638071589e-01
2.371687720744832251e-01 2.371687717293508302e-01 2.371687717953598895e-01 2.371687715156335641e-01 2.371687711414963429e-01
2.468169189016907183e-01 2.468169189444479050e-01 2.468169187742670634e-01 2.468169185463173210e-01 2.468169184323017462e-01
2.468280449563272638e-01 2.468280450089487543e-01 2.468280449822420619e-01 2.468280448699890217e-01 2.468280448049099407e-01
2.371515226872678572e-01 2.371515223145634343e-01 2.371515225480258504e-01 2.371515224517526943e-01 2.371515222065536665e-01
2.316013284073549228e-01 2.316013280308052147e-01 2.316013281570896698e-01 2.316013279877027764e-01 2.316013276524790943e-01
2.358599273631644122e-01 2.358599273695976273e-01 2.358599273101782412e-01 2.358599271673024744e-01 2.358599270796192249e-01
2.469869376371552072e-01 2.469869377144356115e-01 2.469869377626621176e-01 2.469869378634391432e-01 2.469869378851836383e-01
2.478355714626519768e-01 2.478355710464534012e-01 2.478355714632933249e-01 2.478355715111801860e-01 2.478355715208769294e-01
2.165606681900869301e-01 2.165606676349916826e-01 2.165606680039185716e-01 2.165606680164341991e-01 2.165606677351621656e-01
3.719694296213889306e-02 3.719694265002326805e-02 3.719694280703723932e-02 3.719694281458996166e-02 3.719694258145277849e-02
