3.806166807496872417e-01 3.812939969637162974e-01 3.808548867569770957e-01 3.809151042256043174e-01 3.812892144060545663e-01
4.722936160017604523e-01 4.723376284165025640e-01 4.723128233179043067e-01 4.723256912176148070e-01 4.723491940403866662e-01
4.449033798333872358e-01 4.451331509520810026e-01 4.449910480359522413e-01 4.450308759767460653e-01 4.451607892978842185e-01
4.874598240728687526e-01 4.875398342811012586e-01 4.874899650412123364e-01 4.875136525520545328e-01 4.875522978643198058e-01
4.609761144820234136e-01 4.609676352875422545e-01 4.609804705776393563e-01 4.609857004673253988e-01 4.609882389191226060e-01
5.031449151588635038e-01 5.031639647415275807e-01 5.031273820360661064e-01 5.031464508368257427e-01 5.031366402016812511e-01
4.636217544729140938e-01 4.636157750003186973e-01 4.636093458206195783e-01 4.635836739322691802e-01 4.635793715063656895e-01
4.834476002072981005e-01 4.834476253693027470e-01 4.834246075908296136e-01 4.834330571383021469e-01 4.834105573530596556e-01
4.714666097084465046e-01 4.714766460951099747e-01 4.714493675390610816e-01 4.714481467667863135e-01 4.714359634776410513e-01
4.623962108908593605e-01 4.623985531847261687e-01 4.623905767479556950e-01 4.623833499917175405e-01 4.623826639875630584e-01
4.598518427343916692e-01 4.598592758184207319e-01 4.598181138505284538e-01 4.598503179092375270e-01 4.598099666407799990e-01
4.610419390430421371e-01 4.610431157582578487e-01 4.610389040655930026e-01 4.610341269339625625e-01 4.610351085562720552e-01
4.474504820967465379e-01 4.474536368001227893e-01 4.474307655343374157e-01 4.474474421576309924e-01 4.474258170908317900e-01
4.186896359247121446e-01 4.186915167251915038e-01 4.186826963102075472e-01 4.186829492581269352e-01 4.186790819567003386e-01
4.669115943039615635e-01 4.669126495016055478e-01 4.669079729774473497e-01 4.669080034102822685e-01 4.669060420287412527e-01
3.152130851591570249e-01 3.152153108732856368e-01 3.152093885624117631e-01 3.152091775796901363e-01 3.152074169447384722e-01
