2.175231418284447136e-03 2.175231418337595594e-03 2.175231418279358325e-03 2.175231418394008801e-03
2.542531486420007703e-02 2.542531486462812698e-02 2.542531486414655734e-02 2.542531486474459285e-02
9.715728003216023145e-02 9.715728003322871009e-02 9.715728003204443519e-02 9.715728003314302863e-02
1.060599964037264725e-01 1.060599964048247745e-01 1.060599964035081055e-01 1.060599964042049925e-01
8.415782610613101178e-02 8.415782610632079053e-02 8.415782610570551880e-02 8.415782610540116504e-02
1.200196557099646594e-01 1.200196557090772165e-01 1.200196557088798188e-01 1.200196557082464921e-01
8.395513666643152073e-02 8.395513666513422513e-02 8.395513666511005002e-02 8.395513666430799715e-02
1.060495721004020703e-01 1.060495720991576074e-01 1.060495720995462826e-01 1.060495720985390605e-01
1.060495914955118663e-01 1.060495914946933127e-01 1.060495914948766799e-01 1.060495914941683993e-01
8.395538344468213288e-02 8.395538344469535841e-02 8.395538344428819799e-02 8.395538344444222756e-02
1.200243309837871614e-01 1.200243309846558554e-01 1.200243309840696992e-01 1.200243309849112899e-01
8.426628259592035264e-02 8.426628259728022319e-02 8.426628259666626986e-02 8.426628259809962329e-02
1.082120857765927063e-01 1.082120857784840406e-01 1.082120857772269767e-01 1.082120857791636775e-01
1.225896138112681361e-01 1.225896138130301988e-01 1.225896138120406015e-01 1.225896138137001767e-01
1.413723258081766576e-01 1.413723258090189838e-01 1.413723258089769619e-01 1.413723258097377977e-01
1.085303727807098717e-01 1.085303727808486496e-01 1.085303727809776853e-01 1.085303727810861263e-01
