1.738521214428414145e-05 1.738519576255622418e-05 1.738520095221475172e-05 1.738521950907406154e-05 1.738522684742719226e-05
1.689573057965563596e-04 1.689572455362098151e-04 1.689572769606805609e-04 1.689573428419906525e-04 1.689573699195603040e-04
1.046507657446022225e-03 1.046507663650981731e-03 1.046507667859691501e-03 1.046507642214751120e-03 1.046507632726104706e-03
4.732578377201445731e-03 4.732578521857161956e-03 4.732578335742445436e-03 4.732578112073657084e-03 4.732578155938992927e-03
1.556287114312212248e-02 1.556287129267987582e-02 1.556287130245772622e-02 1.556287143347972850e-02 1.556287124963509627e-02
3.671609274829556319e-02 3.671609264286213037e-02 3.671609266840537150e-02 3.671609260743117359e-02 3.671609265937330474e-02
6.240308714684674601e-02 6.240308711509084255e-02 6.240308708900149659e-02 6.240308717400447347e-02 6.240308713116608785e-02
7.935252036935747100e-02 7.935252043382398646e-02 7.935252037875518971e-02 7.935252035225594247e-02 7.935252035195586306e-02
7.935252035460929609e-02 7.935252047954045873e-02 7.935252042555894503e-02 7.935252033551197515e-02 7.935252031244080517e-02
6.240308711535585973e-02 6.240308728520311404e-02 6.240308722822285326e-02 6.240308708295473628e-02 6.240308703295831261e-02
3.671609257876596449e-02 3.671609279276918242e-02 3.671609277317879061e-02 3.671609251563206361e-02 3.671609242292725450e-02
1.556287141828948360e-02 1.556287167563835325e-02 1.556287157630456552e-02 1.556287124098567135e-02 1.556287124273915065e-02
4.732578386223322726e-03 4.732578481308810821e-03 4.732578356139808054e-03 4.732578198274398941e-03 4.732578224488134984e-03
1.046507704524294712e-03 1.046507722729902090e-03 1.046507643129062498e-03 1.046507565653980159e-03 1.046507599108621994e-03
1.689573261981390452e-04 1.689573318578357149e-04 1.689573019134810747e-04 1.689572721900887888e-04 1.689572874939064095e-04
1.738521534413593246e-05 1.738521659953883554e-05 1.738521080233584011e-05 1.738520526674946348e-05 1.738520818613494405e-05
