1.447569867717723169e-01 1.447569867736691607e-01 1.447569867591123882e-01 1.447569867465948457e-01 1.447569867220346584e-01
1.913861035224697082e-01 1.913861034991812538e-01 1.913861034776514480e-01 1.913861034793145621e-01 1.913861033750517138e-01
1.630978706240132636e-01 1.630978705643705284e-01 1.630978705519851857e-01 1.630978705860332556e-01 1.630978703958617382e-01
1.573902565094593142e-01 1.573902564375712354e-01 1.573902564325753983e-01 1.573902564704959539e-01 1.573902562813100092e-01
1.613914324032046099e-01 1.613914323134446882e-01 1.613914323034805476e-01 1.613914323379860016e-01 1.613914322960069425e-01
1.639422513926749869e-01 1.639422513326790343e-01 1.639422513332294273e-01 1.639422513213983357e-01 1.639422513811852056e-01
1.613301925561349270e-01 1.613301925087363697e-01 1.613301925345424215e-01 1.613301925322893071e-01 1.613301925183886487e-01
1.567037093539196679e-01 1.567037093276884008e-01 1.567037093057666863e-01 1.567037093044699458e-01 1.567037092945282317e-01
1.566954629768063934e-01 1.566954629058265602e-01 1.566954628023233265e-01 1.566954628158724883e-01 1.566954629316844594e-01
1.613221797125693469e-01 1.613221796472489866e-01 1.613221796147700782e-01 1.613221796200371982e-01 1.613221797005046643e-01
1.639416137669338913e-01 1.639416136723038653e-01 1.639416136827813175e-01 1.639416136846942595e-01 1.639416137289671505e-01
1.613708655154158789e-01 1.613708653377896873e-01 1.613708653204353749e-01 1.613708653250020275e-01 1.613708653803194171e-01
1.570883331504200897e-01 1.570883333237284851e-01 1.570883332669323063e-01 1.570883332761324469e-01 1.570883333527690051e-01
1.571018104916565850e-01 1.571018107957318222e-01 1.571018108039996530e-01 1.571018108056901341e-01 1.571018108008732095e-01
1.236793956800534833e-01 1.236793957560908541e-01 1.236793956984758719e-01 1.236793957011571438e-01 1.236793957600661881e-01
1.880153592872411267e-02 1.880153592565421417e-02 1.880153588760859543e-02 1.880153589023787417e-02 1.880153592949784444e-02
