4.596397570055215561e-06 4.596397417327295223e-06 4.596397565972876744e-06 4.596397692973642605e-06
6.131538747703757541e-05 6.131538693706240634e-05 6.131538764369638998e-05 6.131538800528884626e-05
5.384901018682436338e-04 5.384901013856465985e-04 5.384901040382853409e-04 5.384901041917143681e-04
3.375243925533051668e-03 3.375243920887787026e-03 3.375243919205764016e-03 3.375243917854631702e-03
1.464544259901163353e-02 1.464544258888215295e-02 1.464544260656593100e-02 1.464544260014998857e-02
4.247042573764474305e-02 4.247042573919242170e-02 4.247042574397504738e-02 4.247042574149696020e-02
8.129061696853272234e-02 8.129061697842297762e-02 8.129061696380016078e-02 8.129061696559838901e-02
1.076138688888896994e-01 1.076138688939898974e-01 1.076138688789440856e-01 1.076138688904560436e-01
1.076138688870077464e-01 1.076138688902389395e-01 1.076138688837902785e-01 1.076138688862245396e-01
8.129061696742860554e-02 8.129061696447346941e-02 8.129061695091510664e-02 8.129061695676054189e-02
4.247042575009157134e-02 4.247042574822511990e-02 4.247042573238649782e-02 4.247042572774132468e-02
1.464544260804107219e-02 1.464544260708651804e-02 1.464544259387147961e-02 1.464544259521166451e-02
3.375243928318792924e-03 3.375243927545874302e-03 3.375243919462304464e-03 3.375243920204024951e-03
5.384901011358315644e-04 5.384901006681715825e-04 5.384900967837207703e-04 5.384900973301878302e-04
6.131538768727085476e-05 6.131538755803326462e-05 6.131538633549243791e-05 6.131538651747948595e-05
4.596397643602130071e-06 4.596397618811342565e-06 4.596397424993373689e-06 4.596397443600684307e-06
