2.257179286222063819e-01 2.257162733783670272e-01 2.257177498169789798e-01 2.257199752364616174e-01 2.257198788718886295e-01
3.194828230254452839e-01 3.194791755765996055e-01 3.194829298500124759e-01 3.194875958201279231e-01 3.194860524045344818e-01
2.825005711672554654e-01 2.825004772035624168e-01 2.824957170796692507e-01 2.824879851741596282e-01 2.824857176720344532e-01
3.050789095287760877e-01 3.050761079632746120e-01 3.050682577911382753e-01 3.050634049580836504e-01 3.050630566047626280e-01
2.830255142413211633e-01 2.830101863283373542e-01 2.830209630610859284e-01 2.830376299370336857e-01 2.830231021658199397e-01
3.008948772891238410e-01 3.009255722141944700e-01 3.008574132886787100e-01 3.006946221093776961e-01 3.006271527036349922e-01
2.891983801385626385e-01 2.891764552181987913e-01 2.890441060904674342e-01 2.889091516755932232e-01 2.888820604306199247e-01
2.940534902639820869e-01 2.939726159595916211e-01 2.939046193617472769e-01 2.940221641657986273e-01 2.940258626577019752e-01
2.910457375631943511e-01 2.911253086892473529e-01 2.907164240112711240e-01 2.907183640779734679e-01 2.909149093325208435e-01
2.871532105214498198e-01 2.871577320639623343e-01 2.873012583733192682e-01 2.875756051688650450e-01 2.874963414226336389e-01
2.983591381976540835e-01 2.984355846278547442e-01 2.988379060320052738e-01 2.989139374751429989e-01 2.988266733100205519e-01
2.441715954234035812e-01 2.442192713419918670e-01 2.439228900690199320e-01 2.436766435037719392e-01 2.438714420001703020e-01
2.422764931761186846e-01 2.423068547798721550e-01 2.419542858197375190e-01 2.417020874445924561e-01 2.419231954423600728e-01
2.811188406710179999e-01 2.811258510190128845e-01 2.811258299092452839e-01 2.811222705905781494e-01 2.811297305423179349e-01
3.095337053955096174e-01 3.095426147081967172e-01 3.094973242966543303e-01 3.094556818448365165e-01 3.094827778902835003e-01
1.468525158089409033e-01 1.468619908742746505e-01 1.468227702314616190e-01 1.467830439246376184e-01 1.468056353787888513e-01
