3.805288864973063734e-01 3.813221247732281882e-01 3.809181969045232208e-01 3.808048614942605159e-01 3.814298998366021931e-01
4.722945187763330499e-01 4.723444640795217420e-01 4.723250367892847801e-01 4.723255901667180456e-01 4.723664912480730060e-01
4.448837576723592702e-01 4.451560448995248165e-01 4.450232949613636690e-01 4.450079468755114842e-01 4.452257055259128404e-01
4.874862728770542608e-01 4.875873759630036663e-01 4.875315395027986498e-01 4.875435239882575655e-01 4.875979949627357590e-01
4.609608707711378428e-01 4.609454795335087840e-01 4.609690546432608227e-01 4.609601336845089437e-01 4.609798560130314304e-01
5.031860219125323663e-01 5.032138844992266602e-01 5.031506878741343058e-01 5.031795736300980204e-01 5.031574652343562271e-01
4.636117345643167020e-01 4.635963107201908628e-01 4.635851235749460786e-01 4.635460899370602572e-01 4.635565860434314733e-01
4.834577458419334617e-01 4.834539056495242848e-01 4.834134545525953230e-01 4.834430587406934321e-01 4.833968148409893417e-01
4.715048737286915981e-01 4.715079668267043722e-01 4.714294902962861133e-01 4.714921089384922492e-01 4.714073020993901908e-01
4.623635843069094919e-01 4.623691406060420617e-01 4.623650064527214387e-01 4.623561627499161997e-01 4.623571715658547077e-01
4.599053548839981964e-01 4.598841005455359676e-01 4.597708559470299328e-01 4.599493380507854723e-01 4.597426627723407155e-01
4.610470095208975549e-01 4.610483128615591175e-01 4.610422232413301513e-01 4.610353133102836898e-01 4.610384655594882974e-01
4.474622707504529728e-01 4.474412124206477159e-01 4.473844335959568652e-01 4.474753741591547263e-01 4.473640831665078865e-01
4.186902686700551546e-01 4.186871278577847799e-01 4.186689710336561343e-01 4.186868891242564450e-01 4.186622115349321605e-01
4.669120595682370589e-01 4.669098727145535310e-01 4.669009194100857685e-01 4.669095373679450489e-01 4.668972044167846724e-01
3.151792005534468921e-01 3.151780886695279560e-01 3.151666880963363004e-01 3.151770089510361195e-01 3.151627536186310530e-01
