6.525123106102438675e-02 6.525162755224850342e-02 6.525187588230024760e-02 6.525154562796858793e-02
1.080428463342181233e-01 1.080429051998833129e-01 1.080429433419219099e-01 1.080430061507872408e-01
1.493675975566862435e-01 1.493673260346403409e-01 1.493673250388497242e-01 1.493674819175519752e-01
1.218083946528841499e-01 1.218082783976267847e-01 1.218081924642874236e-01 1.218083280469763885e-01
1.441247007157594462e-01 1.441245930568663958e-01 1.441246605344119192e-01 1.441246320202966003e-01
1.266828433286159850e-01 1.266824835551148276e-01 1.266829939361575064e-01 1.266828500303066041e-01
1.389528250869557224e-01 1.389524653043302804e-01 1.389528498843624060e-01 1.389527723718163021e-01
1.367254050707085722e-01 1.367247833319217842e-01 1.367248523188604736e-01 1.367249964457594169e-01
1.365285706778336106e-01 1.365280213962138112e-01 1.365280669272748160e-01 1.365288775656521292e-01
1.388676937941533684e-01 1.388678144610235310e-01 1.388684517908407301e-01 1.388681251028032471e-01
1.266724184529353925e-01 1.266723609012009866e-01 1.266725690521529613e-01 1.266727720183955241e-01
1.441286203585039338e-01 1.441283071412712280e-01 1.441289143786848859e-01 1.441284931474462461e-01
1.218731536052495845e-01 1.218730581017474779e-01 1.218734945345916199e-01 1.218731583982888139e-01
1.502954126766174181e-01 1.502952396549858127e-01 1.502942311018956589e-01 1.502941946067403722e-01
1.154166493903419632e-01 1.154167349590420888e-01 1.154153727540794400e-01 1.154152918789089488e-01
7.526334381179682065e-02 7.526337506852749659e-02 7.526281821613677037e-02 7.526278182258722138e-02
