3.502222015784376974e-01 3.502221914216043785e-01 3.502221813912927972e-01 3.502221731528303850e-01
4.676061846718456150e-01 4.676061839339922255e-01 4.676061034471935551e-01 4.676061282000834041e-01
4.462868641816941651e-01 4.462867984729830817e-01 4.462868743392037763e-01 4.462868040884426235e-01
4.814868962939657937e-01 4.814870697967152946e-01 4.814866573429752994e-01 4.814869069508030952e-01
4.868875712546840151e-01 4.868870184540426416e-01 4.868876111563341103e-01 4.868870435048897605e-01
4.282017066621170986e-01 4.282024796199209171e-01 4.282015018541184270e-01 4.282023381726701161e-01
4.604299528003144570e-01 4.604298794415324081e-01 4.604299548131146613e-01 4.604298783334745404e-01
3.788796268808264367e-01 3.788778686053654310e-01 3.788795740245825550e-01 3.788778381233394166e-01
3.788778752762304025e-01 3.788795891096064516e-01 3.788778698796214095e-01 3.788795910847418957e-01
4.604298802769420385e-01 4.604299480596329430e-01 4.604298798019072492e-01 4.604299471606471128e-01
4.282023904789313828e-01 4.282015660213163710e-01 4.282024111112583409e-01 4.282016116759275737e-01
4.868870334158194035e-01 4.868875857611963398e-01 4.868870286558604765e-01 4.868875745979008296e-01
4.814869622011269668e-01 4.814867372419110447e-01 4.814869885778201297e-01 4.814867922275403167e-01
4.462868040394250557e-01 4.462868694097907318e-01 4.462868020274011194e-01 4.462868653384809980e-01
4.676061441056187928e-01 4.676061261065365682e-01 4.676061535352418752e-01 4.676061457085696205e-01
3.502221867574075720e-01 3.502221916727946693e-01 3.502221893652946449e-01 3.502221963520548709e-01
