2.555200755709988517e-02 2.555200909634880446e-02 2.555200760656461956e-02 2.555200739583350644e-02
2.090300952809194535e-01 2.090300984760391223e-01 2.090300952959631697e-01 2.090300931187281941e-01
2.378463603311761487e-01 2.378463607625808940e-01 2.378463604367924422e-01 2.378463549967235746e-01
2.358657932018239090e-01 2.358657920162885724e-01 2.358657931436876909e-01 2.358657862271904548e-01
2.320733379349789460e-01 2.320733386960749378e-01 2.320733384892515461e-01 2.320733361470070921e-01
2.298935844661476047e-01 2.298935864768030801e-01 2.298935855033287234e-01 2.298935913547595633e-01
2.281010339191724134e-01 2.281010335080924378e-01 2.281010345066247780e-01 2.281010340844071005e-01
2.266572850415799756e-01 2.266572829535572486e-01 2.266572853752736316e-01 2.266572844721931324e-01
2.266546333626912879e-01 2.266546297961606615e-01 2.266546288599899928e-01 2.266546301484344828e-01
2.281372199059426009e-01 2.281372195334628317e-01 2.281372165710840172e-01 2.281372178249989335e-01
2.306591207215024364e-01 2.306591224557686115e-01 2.306591187546072341e-01 2.306591221132889835e-01
2.332393015441918127e-01 2.332393042528533855e-01 2.332393031947500306e-01 2.332393043495480378e-01
2.358919996053346346e-01 2.358919991007575878e-01 2.358919977269639812e-01 2.358919985001919628e-01
2.403512329518021351e-01 2.403512367963625274e-01 2.403512364239569765e-01 2.403512376950632523e-01
2.562589101127487612e-01 2.562589137576691267e-01 2.562589120717239100e-01 2.562589147092506070e-01
2.237880781925692120e-01 2.237880831997586251e-01 2.237880831705127416e-01 2.237880847230670767e-01
