5.000005963369190676e-01 4.999994629177137440e-01 5.000005708967584228e-01 4.999994532153822502e-01
4.999977707573272090e-01 5.000022211732498834e-01 4.999977866701401652e-01 5.000022305016700308e-01
5.000134422513846655e-01 4.999867235475027316e-01 5.000133262819743685e-01 4.999866973482214871e-01
4.999332636310425682e-01 5.000667506807313645e-01 4.999332996924373274e-01 5.000667500701517776e-01
5.002834303564246410e-01 4.997166214822786889e-01 5.002832150061516936e-01 4.997168066239476292e-01
4.990566192720885530e-01 5.009436135684142144e-01 4.990566330668654849e-01 5.009429786433498011e-01
5.022510325068300086e-01 4.977483832120858653e-01 5.022494032747277792e-01 4.977489200231283162e-01
4.963962387469065263e-01 5.036041986310613172e-01 4.963975058586506117e-01 5.036030856242477149e-01
5.035929408055210832e-01 4.964075624194179692e-01 5.035953509990730437e-01 4.964056640635922668e-01
4.977496195396891032e-01 5.022502030860046540e-01 4.977496466479850445e-01 5.022500773432180265e-01
5.009381095102867221e-01 4.990618831573725434e-01 5.009380986535076907e-01 4.990619013501977896e-01
4.997175280656496743e-01 5.002824614587784158e-01 4.997175285090610375e-01 5.002824466753998944e-01
5.000661987420277343e-01 4.999338001342872873e-01 5.000661985885170857e-01 4.999338000373891311e-01
4.999867372107716368e-01 5.000132593721020591e-01 4.999867312953124587e-01 5.000132545493111147e-01
5.000021958575400216e-01 4.999977998507512122e-01 5.000021962601595149e-01 4.999978002665175225e-01
4.999994438976779754e-01 5.000005437623306070e-01 4.999994432875935479e-01 5.000005427333832353e-01
