1.375033860361396520e-01 1.375033730937777199e-01 1.375033555217583248e-01 1.375033653457033156e-01
2.564507630555867834e-01 2.564507733298332370e-01 2.564507516124524544e-01 2.564507688181999479e-01
2.633831421734518785e-01 2.633831373154301159e-01 2.633831359173539610e-01 2.633831396253508705e-01
2.632300333360252376e-01 2.632300219850931544e-01 2.632300221572704269e-01 2.632300214960033302e-01
2.634962427780663807e-01 2.634962333269486590e-01 2.634962365522641181e-01 2.634962316912244917e-01
2.695840998254334653e-01 2.695841056521395274e-01 2.695841064329264070e-01 2.695841020139598809e-01
2.727529292709692244e-01 2.727529398370940328e-01 2.727529366525275889e-01 2.727529416356783143e-01
2.740343048073165533e-01 2.740343008414662385e-01 2.740342992981147363e-01 2.740343017827659988e-01
2.740346727220069334e-01 2.740346719971864520e-01 2.740346726617383100e-01 2.740346732196397572e-01
2.727530271017650776e-01 2.727530266493670696e-01 2.727530293994784860e-01 2.727530333941852736e-01
2.695822960298377424e-01 2.695823071907099688e-01 2.695823043629317350e-01 2.695823158356193128e-01
2.634755759014961729e-01 2.634755806479587292e-01 2.634755965596307092e-01 2.634755986278810580e-01
2.632284541086520879e-01 2.632284599168369099e-01 2.632284667528278499e-01 2.632284636868191252e-01
2.633780041413747441e-01 2.633779975149685426e-01 2.633780053544895750e-01 2.633780117617916527e-01
2.563277501280123438e-01 2.563277775922301882e-01 2.563278032446171806e-01 2.563278142118167180e-01
1.367852453623607245e-01 1.367852639933300751e-01 1.367852972982877280e-01 1.367852994119105881e-01
