2.816155269183117649e-01 2.816149586488778112e-01 2.816081141389617515e-01 2.816035657668836123e-01
4.097890377232498715e-01 4.097675583286163881e-01 4.097700380377817808e-01 4.097468165078332336e-01
3.324788627914683770e-01 3.324596141622729317e-01 3.325324941905180021e-01 3.325326253207401273e-01
3.928985366216106168e-01 3.928714929955867685e-01 3.928154337589989664e-01 3.927623988238154729e-01
3.416803703403912817e-01 3.415165320419961681e-01 3.415410428728379300e-01 3.413158821948956700e-01
3.504225805084646428e-01 3.501977205120180847e-01 3.512503856598144236e-01 3.513655856038442327e-01
3.511198540021929770e-01 3.510833399774967445e-01 3.506182015812682184e-01 3.504011332613747864e-01
2.914472456475148965e-01 2.911512981400906086e-01 2.895437863278417789e-01 2.892359639618770073e-01
2.890182110360312029e-01 2.891837259471639610e-01 2.908552926440883257e-01 2.915665360399596895e-01
3.502719848116185308e-01 3.504992633528268842e-01 3.509441513565815240e-01 3.511803799566263762e-01
3.513631815066672881e-01 3.515424567420874502e-01 3.503342414392839888e-01 3.502424687234029221e-01
3.412990008356667770e-01 3.415513874061372190e-01 3.414435780428295986e-01 3.417192026438401475e-01
3.926404967436118443e-01 3.927035499640231242e-01 3.927682886799303552e-01 3.928398895342031794e-01
3.325109535148935147e-01 3.325331257543971408e-01 3.324438248146259212e-01 3.324418742139471639e-01
4.096971557578265033e-01 4.097297906735404283e-01 4.097185001481617461e-01 4.097550896466217729e-01
2.816008501241025752e-01 2.816075389839635679e-01 2.816153572418410023e-01 2.816206543500414106e-01
