1.978266641707681628e-01 1.978260190168331378e-01 1.978266126610664088e-01 1.978266431440605932e-01 1.978241486649887360e-01
2.523541875002586754e-01 2.523523654308533204e-01 2.523530103075040665e-01 2.523517795033061728e-01 2.523454048895826807e-01
2.496961923840666508e-01 2.496939010624418254e-01 2.496946411423321133e-01 2.496913409419814767e-01 2.496861798331130866e-01
2.469912090672197746e-01 2.469895893265722786e-01 2.469907299029023284e-01 2.469866036627785533e-01 2.469898154643626886e-01
2.370691888629381794e-01 2.370686465169944412e-01 2.370690314006890786e-01 2.370716787406157156e-01 2.370718055921550438e-01
2.320629725320674519e-01 2.320626206176028272e-01 2.320628203568848857e-01 2.320627449244766771e-01 2.320628815344640550e-01
2.371678076845906702e-01 2.371674016878261015e-01 2.371675112098567961e-01 2.371678054317463424e-01 2.371679030533197508e-01
2.468158558060548347e-01 2.468164970561607663e-01 2.468164796830230046e-01 2.468164677700525611e-01 2.468165747303027735e-01
2.468279015378025687e-01 2.468286689187041416e-01 2.468285856867040717e-01 2.468285512002939275e-01 2.468286726447876944e-01
2.371517554001976447e-01 2.371520990342317059e-01 2.371521176532237207e-01 2.371522403023631487e-01 2.371522817459146282e-01
2.316015907206687152e-01 2.316016795207516410e-01 2.316016075311169153e-01 2.316017798937033134e-01 2.316019185832788041e-01
2.358600199183689683e-01 2.358600794053173633e-01 2.358600738681579656e-01 2.358601807310918563e-01 2.358602868967436816e-01
2.469874611408721665e-01 2.469874929154333432e-01 2.469874297517530293e-01 2.469874436147805885e-01 2.469875748242039426e-01
2.478359551910324643e-01 2.478359546445025596e-01 2.478359484241329513e-01 2.478359847535922533e-01 2.478360499135698058e-01
2.165608606604646214e-01 2.165608805514475099e-01 2.165608850428318299e-01 2.165608451420731884e-01 2.165608687336177118e-01
3.719690534830455420e-02 3.719690656378216859e-02 3.719691237180156040e-02 3.719690421472053588e-02 3.719691173499684034e-02
