1.185565457739425933e-02 1.185565458150096216e-02 1.185565457895692079e-02 1.185565458065021040e-02
1.135582969279337745e-01 1.135582969403312603e-01 1.135582969316194651e-01 1.135582969370190071e-01
1.593910140851180768e-01 1.593910140929243879e-01 1.593910140815026355e-01 1.593910140872434877e-01
1.805605986712145172e-01 1.805605986702251420e-01 1.805605986626940829e-01 1.805605986623268489e-01
1.603284248716729810e-01 1.603284248664026690e-01 1.603284248611750451e-01 1.603284248541711754e-01
1.599352689430787455e-01 1.599352689306453301e-01 1.599352689230432167e-01 1.599352689161416818e-01
1.805452139159082758e-01 1.805452139200506290e-01 1.805452139095133912e-01 1.805452139071958839e-01
1.599738355718413330e-01 1.599738355948124857e-01 1.599738355763910269e-01 1.599738355856338556e-01
1.581102885134628433e-01 1.581102885440454631e-01 1.581102885340118502e-01 1.581102885452588536e-01
1.802295947825022226e-01 1.802295948041184870e-01 1.802295948082128507e-01 1.802295948112934698e-01
1.594251611731558327e-01 1.594251611860364182e-01 1.594251611965950555e-01 1.594251612001288676e-01
1.604761830780330467e-01 1.604761830781874787e-01 1.604761831041199016e-01 1.604761831032584518e-01
1.810860661374096847e-01 1.810860661468781940e-01 1.810860661365814028e-01 1.810860661372587777e-01
1.660481900317815618e-01 1.660481900643278330e-01 1.660481900034615765e-01 1.660481900283166667e-01
1.943608604527342631e-01 1.943608604823287289e-01 1.943608604584505239e-01 1.943608604498877901e-01
1.741153481892759591e-01 1.741153482115120055e-01 1.741153482067547553e-01 1.741153481843895345e-01
