4.468281950793488999e-01 4.467837752281321184e-01 4.467971361568594535e-01 4.468001845450547682e-01 4.467443363319693050e-01
5.520039504212503889e-01 5.519195162850872860e-01 5.518730232648967338e-01 5.518044802742185784e-01 5.516815118835438625e-01
5.424061958295521846e-01 5.422795840032804682e-01 5.421154321129972864e-01 5.419484280349468053e-01 5.417233226704040172e-01
4.962059852425969586e-01 4.959966667627820347e-01 4.958623918539343256e-01 4.957554970202341371e-01 4.954896974905614315e-01
5.328698731477909956e-01 5.327199978328712726e-01 5.327764832325144750e-01 5.328499917087442528e-01 5.326832584669387582e-01
5.236377305129962245e-01 5.234557463688576107e-01 5.234218982795524333e-01 5.234296147026415991e-01 5.232883896288943459e-01
4.889452307089710015e-01 4.888764827261950496e-01 4.889865151733568394e-01 4.890792692784248774e-01 4.889693266287967188e-01
5.173863964712785979e-01 5.173967726958988989e-01 5.171581682375561151e-01 5.169723981027541937e-01 5.170415968326913525e-01
4.978647988307944305e-01 4.978507457724288265e-01 4.976001922934041866e-01 4.974442957647174923e-01 4.976086726476425248e-01
4.737250793875255606e-01 4.737532670821427705e-01 4.737818040313924728e-01 4.737987396323953826e-01 4.737363217086956180e-01
5.186339739628201828e-01 5.186408801415545167e-01 5.184943605717482473e-01 5.183648979192633233e-01 5.184178193828749004e-01
5.062328714912948113e-01 5.062682730332316305e-01 5.062114778147300820e-01 5.061568679048241703e-01 5.061641912738427118e-01
4.695510022949666018e-01 4.695739909231319009e-01 4.696103148937585958e-01 4.696346687527326313e-01 4.696787308120331517e-01
4.883516434747988133e-01 4.884195915601803328e-01 4.884498135070456937e-01 4.884508378675438967e-01 4.884801021524968201e-01
5.132497297366094280e-01 5.132972447608447064e-01 5.133184793330433093e-01 5.133009635141173588e-01 5.132999291669821940e-01
4.335041740973122892e-01 4.335251861235093207e-01 4.335269386080718990e-01 4.335261662450820008e-01 4.335365102992194686e-01
