1.738524732503231817e-05 1.738525984171331834e-05 1.738520395006568501e-05 1.738514813846226540e-05 1.738517442575336538e-05
1.689575394946808782e-04 1.689574434209626427e-04 1.689572234268864911e-04 1.689570799415572415e-04 1.689573014922462774e-04
1.046507840858505126e-03 1.046507734095518220e-03 1.046507323462796818e-03 1.046507130562993916e-03 1.046507698967964793e-03
4.732579304643770059e-03 4.732578751774656721e-03 4.732577929881601371e-03 4.732577489856274432e-03 4.732578039846419872e-03
1.556287200990333526e-02 1.556287173323974392e-02 1.556287089839355001e-02 1.556287055750419333e-02 1.556287112906286005e-02
3.671609329070084360e-02 3.671609302741897507e-02 3.671609235792535481e-02 3.671609210052684952e-02 3.671609257531952691e-02
6.240308743076708464e-02 6.240308731240908069e-02 6.240308697293626278e-02 6.240308683535853579e-02 6.240308711997184093e-02
7.935252054684378831e-02 7.935252054102362451e-02 7.935252035714897290e-02 7.935252025753153360e-02 7.935252039460199969e-02
7.935252044993681975e-02 7.935252056047442659e-02 7.935252048608895659e-02 7.935252037862944308e-02 7.935252036645305818e-02
6.240308714184179817e-02 6.240308737653236376e-02 6.240308734464984630e-02 6.240308717354110801e-02 6.240308707473112698e-02
3.671609250331719226e-02 3.671609287445586761e-02 3.671609293310893612e-02 3.671609259317906715e-02 3.671609242137381657e-02
1.556287122580700399e-02 1.556287170757978192e-02 1.556287173238203418e-02 1.556287131895467066e-02 1.556287107079267450e-02
4.732578077854477511e-03 4.732578573212737130e-03 4.732578593011223765e-03 4.732578197598904558e-03 4.732578015804139553e-03
1.046507507446376925e-03 1.046507819237710779e-03 1.046507819475642632e-03 1.046507525518814352e-03 1.046507417856910437e-03
1.689572316031899297e-04 1.689573813607655464e-04 1.689573854518893348e-04 1.689572380785287766e-04 1.689571690660295565e-04
1.738519056421448068e-05 1.738523124148233290e-05 1.738523174507471960e-05 1.738519119672951712e-05 1.738515485081484264e-05
