2.461946817305284141e-01 2.461960499786543244e-01 2.461958049991617437e-01 2.461950609702876214e-01 2.461966973474222498e-01
4.136918352682512068e-01 4.136946670474206389e-01 4.136939192711923674e-01 4.136921959945417671e-01 4.136956733037806533e-01
4.272783952905738203e-01 4.272783617072820062e-01 4.272785636554123356e-01 4.272787407905416224e-01 4.272787209073281578e-01
4.067715026962747116e-01 4.067757486091944097e-01 4.067747649173701907e-01 4.067723625059941894e-01 4.067775871834501400e-01
4.604929585810292325e-01 4.604940914233117133e-01 4.604937958737259085e-01 4.604930900415103445e-01 4.604944071356942281e-01
4.416940008274802265e-01 4.416940031452616378e-01 4.416942016794328518e-01 4.416943551834323078e-01 4.416943966629218732e-01
4.439553705802331551e-01 4.439557545616656942e-01 4.439556383022066899e-01 4.439553933412737075e-01 4.439558487954586297e-01
4.604229557251440785e-01 4.604230141171073987e-01 4.604230766781779449e-01 4.604231116708842331e-01 4.604231892597899223e-01
4.608736559523127219e-01 4.608737502180335621e-01 4.608737150671446403e-01 4.608736705422357693e-01 4.608737744365102307e-01
4.440363379670614896e-01 4.440366800569952033e-01 4.440366058019005191e-01 4.440364040816695002e-01 4.440368167902356555e-01
4.473384471738763857e-01 4.473385476646294379e-01 4.473385207443623668e-01 4.473384582301485612e-01 4.473385785392914316e-01
4.632113708181996303e-01 4.632123371153942792e-01 4.632121056938038883e-01 4.632114953775229860e-01 4.632126666722910513e-01
4.582366035461516440e-01 4.582405853584452515e-01 4.582395951735807604e-01 4.582372208791231638e-01 4.582420648479376135e-01
4.273087481219770001e-01 4.273087519241627330e-01 4.273087193516331705e-01 4.273086869269218102e-01 4.273087106598919549e-01
4.604560083099784040e-01 4.604586431462086571e-01 4.604579803340678734e-01 4.604564126239095168e-01 4.604596271958902309e-01
3.380239583910470968e-01 3.380251939120051397e-01 3.380248498791160183e-01 3.380241080739954107e-01 3.380256046400561543e-01
