3.081500036242063034e-02 3.081500030537099102e-02 3.081500005628489899e-02 3.081499974756319454e-02 3.081499983116369953e-02
1.851881364528329965e-01 1.851881362519724183e-01 1.851881354893109843e-01 1.851881338247052811e-01 1.851881340701325707e-01
2.121448933025347483e-01 2.121448925549108411e-01 2.121448925077000780e-01 2.121448901173912382e-01 2.121448898232471680e-01
2.126279476890254594e-01 2.126279463751702126e-01 2.126279469710841141e-01 2.126279431490263883e-01 2.126279428312408681e-01
2.133725009268288286e-01 2.133724995450207718e-01 2.133724997439288285e-01 2.133724963425798204e-01 2.133724960918572389e-01
2.142134621777962433e-01 2.142134610504011494e-01 2.142134610666758254e-01 2.142134627722250551e-01 2.142134626143481213e-01
2.155253810102540357e-01 2.155253802928894236e-01 2.155253800490963823e-01 2.155253804857610866e-01 2.155253806843171194e-01
2.161147966740897541e-01 2.161147958789281509e-01 2.161147959925462381e-01 2.161147966822361544e-01 2.161147960742534901e-01
2.161179924815802289e-01 2.161179926504363802e-01 2.161179931017509770e-01 2.161179926374205418e-01 2.161179909473290028e-01
2.155874965609937965e-01 2.155874964003395844e-01 2.155874969570852340e-01 2.155874969744731029e-01 2.155874966479825461e-01
2.146680267096741646e-01 2.146680267079352222e-01 2.146680271964845899e-01 2.146680274010674128e-01 2.146680285565182311e-01
2.134262540675554709e-01 2.134262549246985774e-01 2.134262548129978176e-01 2.134262546904146240e-01 2.134262553838123522e-01
2.127615746524804674e-01 2.127615749209388618e-01 2.127615748183634969e-01 2.127615751151797074e-01 2.127615746820926135e-01
2.147939522052372541e-01 2.147939525938230843e-01 2.147939525503844149e-01 2.147939526270868094e-01 2.147939532299962817e-01
2.299258923035081836e-01 2.299258925889373084e-01 2.299258927042600320e-01 2.299258926972196637e-01 2.299258940851116040e-01
1.827166980312565081e-01 1.827166986182337527e-01 1.827166986894367962e-01 1.827166984981571651e-01 1.827167007086821504e-01
