3.174031859035646879e-04 3.174031858716395418e-04 3.174031872962832564e-04 3.174031873290233973e-04
4.094909130240672289e-03 4.094909130006281657e-03 4.094909137223818121e-03 4.094909137436724203e-03
2.559671156497041883e-02 2.559671156420498597e-02 2.559671157593483570e-02 2.559671157668254315e-02
7.458129398447375935e-02 7.458129398255998466e-02 7.458129394959887859e-02 7.458129395131740669e-02
9.270076261910512039e-02 9.270076260767706744e-02 9.270076230950455298e-02 9.270076231868330796e-02
6.191114990445506505e-02 6.191114987016829024e-02 6.191114894776569150e-02 6.191114898120916171e-02
8.635554512008646044e-02 8.635554508418341602e-02 8.635554404892031855e-02 8.635554408461187936e-02
1.544422256682730366e-01 1.544422257711578483e-01 1.544422256544893401e-01 1.544422255509733943e-01
1.544422244791600063e-01 1.544422251548911718e-01 1.544422268420616584e-01 1.544422261763491178e-01
8.635554163823223883e-02 8.635554327278087416e-02 8.635554753772609060e-02 8.635554591019140025e-02
6.191114678890261014e-02 6.191114823089095137e-02 6.191115205682735934e-02 6.191115061153558419e-02
9.270076159174990560e-02 9.270076209036667847e-02 9.270076335292855296e-02 9.270076284416145507e-02
7.458129383810464808e-02 7.458129388798280524e-02 7.458129413036561350e-02 7.458129404795131590e-02
2.559671158052281154e-02 2.559671156408816275e-02 2.559671155102087245e-02 2.559671156558905938e-02
4.094909160223402997e-03 4.094909148885448116e-03 4.094909105977583355e-03 4.094909119748752456e-03
3.174031931987427130e-04 3.174031911121012522e-04 3.174031807601578286e-04 3.174031834102396970e-04
