2.177756924313857968e-03 2.177756925202685174e-03 2.177756924455296478e-03 2.177756925800750608e-03
2.545273573045658128e-02 2.545273573949711349e-02 2.545273573089144176e-02 2.545273574129854402e-02
9.729699165697865137e-02 9.729699173057454464e-02 9.729699165753619150e-02 9.729699173493314146e-02
1.070407883212407540e-01 1.070407887785210371e-01 1.070407883248801623e-01 1.070407887900840238e-01
8.887413622367003330e-02 8.887413765876568672e-02 8.887413625802054185e-02 8.887413771134319851e-02
1.266494983400790753e-01 1.266495002993454633e-01 1.266494981846424395e-01 1.266495003048085655e-01
1.121183634266655627e-01 1.121183648120511883e-01 1.121183628782608938e-01 1.121183645282492203e-01
1.903897267180594266e-01 1.903897270902167316e-01 1.903897264678070245e-01 1.903897269715242313e-01
1.903897269776691215e-01 1.903897266265607846e-01 1.903897270444481482e-01 1.903897266419901091e-01
1.121183646316871590e-01 1.121183631738098263e-01 1.121183647924529209e-01 1.121183632564829030e-01
1.266495004085715637e-01 1.266494983454390100e-01 1.266495004473057462e-01 1.266494983563639654e-01
8.887413778280393861e-02 8.887413625066731271e-02 8.887413780057255852e-02 8.887413623697286436e-02
1.070407888209168740e-01 1.070407883085306017e-01 1.070407887866120511e-01 1.070407882755134987e-01
9.729699174651385007e-02 9.729699166786165421e-02 9.729699175463600580e-02 9.729699166692540313e-02
2.545273573794968464e-02 2.545273573023222255e-02 2.545273576007248129e-02 2.545273575092761240e-02
2.177756924037721649e-03 2.177756923973098429e-03 2.177756931093594462e-03 2.177756930263050929e-03
