2.177756924993319663e-03 2.177756924934829558e-03 2.177756924652628212e-03 2.177756925875026263e-03
2.545273573581711968e-02 2.545273573718180582e-02 2.545273573381594615e-02 2.545273574035882697e-02
9.729699168506390772e-02 9.729699171033497074e-02 9.729699168113455088e-02 9.729699171501868249e-02
1.070407884644803687e-01 1.070407886408163978e-01 1.070407884600744486e-01 1.070407886425549376e-01
8.887413667979486565e-02 8.887413723564031864e-02 8.887413667948881879e-02 8.887413724222821554e-02
1.266494989165815599e-01 1.266494996745514134e-01 1.266494989416276362e-01 1.266494997186166094e-01
1.121183636011686413e-01 1.121183641625453919e-01 1.121183636539088424e-01 1.121183642288357957e-01
1.903897266841552971e-01 1.903897268441099300e-01 1.903897267394071002e-01 1.903897268871894144e-01
1.903897268829907174e-01 1.903897267387478776e-01 1.903897269036165241e-01 1.903897267286950301e-01
1.121183642564810706e-01 1.121183636688242169e-01 1.121183642702553301e-01 1.121183636549993035e-01
1.266494998103911418e-01 1.266494989743627286e-01 1.266494998070154809e-01 1.266494989697304896e-01
8.887413732371858555e-02 8.887413671559393769e-02 8.887413733748521227e-02 8.887413670596358561e-02
1.070407886651108809e-01 1.070407884660020958e-01 1.070407886204726711e-01 1.070407884305572127e-01
9.729699172856574874e-02 9.729699170292462063e-02 9.729699171378725087e-02 9.729699168702676815e-02
2.545273574524935245e-02 2.545273574577354078e-02 2.545273574916971301e-02 2.545273574799689423e-02
2.177756926553899453e-03 2.177756927392201971e-03 2.177756928804624233e-03 2.177756928795111877e-03
