2.261770200562576716e-01 2.261767175527925333e-01 2.261767835468698473e-01 2.261769808779975632e-01 2.261765956402937705e-01
3.194613322781790221e-01 3.194609284773078373e-01 3.194610083191615768e-01 3.194612611295262750e-01 3.194607440832757939e-01
2.827478483215873917e-01 2.827478638396537236e-01 2.827478609361627759e-01 2.827478527085779958e-01 2.827478673998387038e-01
3.036123104506721071e-01 3.036122226788185441e-01 3.036122478620897347e-01 3.036123109284493693e-01 3.036121927940458876e-01
2.840254639635779732e-01 2.840249108195362360e-01 2.840250328590473439e-01 2.840253866933156179e-01 2.840246884521723802e-01
3.002440825806085289e-01 3.002438522435892931e-01 3.002439036307607001e-01 3.002440492529378502e-01 3.002437563694290157e-01
2.888265059587852290e-01 2.888265071851465748e-01 2.888265048333866214e-01 2.888265037290083104e-01 2.888265039259163558e-01
2.945057746595239334e-01 2.945053945444439103e-01 2.945054709766772860e-01 2.945057092419209321e-01 2.945052352207863100e-01
2.926467217097750151e-01 2.926463386334087757e-01 2.926463939711060891e-01 2.926466181118622667e-01 2.926461571393886851e-01
2.887720018888632612e-01 2.887720007432855174e-01 2.887720012794963154e-01 2.887719989807825960e-01 2.887719950967285731e-01
2.995784523685277034e-01 2.995782199252025046e-01 2.995782694661076051e-01 2.995784142150816898e-01 2.995781254131815174e-01
2.670192290476054997e-01 2.670186731700343041e-01 2.670187703077456232e-01 2.670191070941800859e-01 2.670184293128882724e-01
2.792828202749795263e-01 2.792827253433461387e-01 2.792827306691916811e-01 2.792827820243622416e-01 2.792826782643941241e-01
2.827036753218683529e-01 2.827036881763749232e-01 2.827036854184507009e-01 2.827036786239581212e-01 2.827036982748408755e-01
3.033334067082925634e-01 3.033330043520562902e-01 3.033330892286340008e-01 3.033333474535344632e-01 3.033328407475416322e-01
8.706601629457647040e-02 8.706571479436070460e-02 8.706576973056513735e-02 8.706595656260503191e-02 8.706558683891281458e-02
