1.826838164469329340e-01 1.826838120662759024e-01 1.826838174700277928e-01 1.826838163531719905e-01 1.826838123703189154e-01
2.299938085448947900e-01 2.299937966882892315e-01 2.299938126699706820e-01 2.299938062696604280e-01 2.299937884460161452e-01
2.149084026522057600e-01 2.149083949080936029e-01 2.149084054554336320e-01 2.149083614727652358e-01 2.149083247635473204e-01
2.129131125930106838e-01 2.129130986706250506e-01 2.129130599993341588e-01 2.129129833659326732e-01 2.129129447989570600e-01
2.135941850779632945e-01 2.135939787608329421e-01 2.135938800430722262e-01 2.135938387728568699e-01 2.135937829622851225e-01
2.147300547892921907e-01 2.147299778213165034e-01 2.147298209315407491e-01 2.147297347326706241e-01 2.147296742557797122e-01
2.153055009152233801e-01 2.153055770767651478e-01 2.153054339745744394e-01 2.153053337782795951e-01 2.153052892372731564e-01
2.154998041545885257e-01 2.155000227730420048e-01 2.154999042047450186e-01 2.154998304703060474e-01 2.154997923697011819e-01
2.158332083981831795e-01 2.158332961503821035e-01 2.158332180573849790e-01 2.158332142080983118e-01 2.158332187350228970e-01
2.155812191929966370e-01 2.155812728225125485e-01 2.155812671844268558e-01 2.155813587150300914e-01 2.155813611793273021e-01
2.143525650177029451e-01 2.143526128622243732e-01 2.143526528732803693e-01 2.143527819718091532e-01 2.143527986611337144e-01
2.135128215463561463e-01 2.135128452873607252e-01 2.135128978516079856e-01 2.135129859592001800e-01 2.135130039755261944e-01
2.127381331822383315e-01 2.127381285805956257e-01 2.127381542106954737e-01 2.127381960343688594e-01 2.127382179621528091e-01
2.122283370962776416e-01 2.122283404632337167e-01 2.122283504249364572e-01 2.122283539558526833e-01 2.122283600314144869e-01
1.852641800671855354e-01 1.852641824675443638e-01 1.852641773350859056e-01 1.852641755514420063e-01 1.852641772196590708e-01
3.086107074209811646e-02 3.086107217363206687e-02 3.086106750315109615e-02 3.086106519017111152e-02 3.086106605133593153e-02
