3.797103584768882212e-01 3.796623838602762868e-01 3.796816542321478360e-01 3.796901320907156152e-01 3.796434411859641589e-01
4.101086212875909021e-01 4.100436701234794201e-01 4.100656534742789239e-01 4.100761403131017446e-01 4.100099254246606928e-01
4.032248648782565392e-01 4.031360711356195003e-01 4.031542308233125871e-01 4.031625368898168471e-01 4.030790447541189314e-01
3.974681538335053110e-01 3.972083434000040492e-01 3.973325740171109732e-01 3.973926425166944831e-01 3.971728460220193546e-01
3.916886804523268539e-01 3.915401925593949284e-01 3.915460521773022617e-01 3.915727760553255887e-01 3.914211438476302152e-01
3.959094391731429186e-01 3.946197291402891438e-01 3.950838991346126705e-01 3.953539949679281684e-01 3.942044152682760982e-01
3.443118449738289399e-01 3.423977673814726508e-01 3.432009450062716849e-01 3.436733523235896981e-01 3.419687570005693344e-01
3.943616970439242642e-01 3.936105429529348498e-01 3.939058297215429216e-01 3.941028640678880812e-01 3.933950218221875517e-01
3.874589880116292018e-01 3.870958987722065148e-01 3.872200408796434568e-01 3.872569227386740143e-01 3.869329489890817597e-01
3.863864959842371882e-01 3.861705753576624711e-01 3.861815335891903844e-01 3.861821323545676643e-01 3.860002946781988520e-01
3.922575311478049276e-01 3.915228806634236114e-01 3.918115755052374860e-01 3.918642687396988178e-01 3.913166146202594620e-01
3.386122985140915254e-01 3.378039499467540008e-01 3.382297748061009468e-01 3.383200720763890890e-01 3.377434626339252399e-01
3.847893879558008656e-01 3.846718409071855360e-01 3.847970362625654506e-01 3.848362998333915708e-01 3.847703756236883765e-01
3.835931559718347983e-01 3.834908520588587444e-01 3.835704649722764814e-01 3.836085615481381050e-01 3.835357925164313286e-01
3.875910441534335393e-01 3.875364693468438260e-01 3.875853730876990810e-01 3.876072678665670734e-01 3.875604948730199117e-01
2.270269280584874816e-01 2.270148588542371948e-01 2.270436489936860092e-01 2.270650054639146709e-01 2.270446478332292517e-01
