5.738694001644584989e-04 5.738694000968610955e-04 5.738694001668172891e-04 5.738694002949304125e-04 5.738694002635143536e-04
5.329535037159742993e-03 5.329535036992544272e-03 5.329535037469218528e-03 5.329535038148199705e-03 5.329535037555197495e-03
2.415090485995608632e-02 2.415090486010596990e-02 2.415090486122065117e-02 2.415090486262243263e-02 2.415090486049981805e-02
5.678281970675708168e-02 5.678281970861773220e-02 5.678281970824573116e-02 5.678281970712582144e-02 5.678281970403994267e-02
6.842541286327617767e-02 6.842541287132442029e-02 6.842541286013875679e-02 6.842541284685683955e-02 6.842541284672948310e-02
5.552233735682027271e-02 5.552233737866976021e-02 5.552233734825466616e-02 5.552233731219239493e-02 5.552233731569659186e-02
7.413318770891869081e-02 7.413318773208298074e-02 7.413318769775699424e-02 7.413318766033634433e-02 7.413318766424782658e-02
1.150819330990647676e-01 1.150819331055254330e-01 1.150819330999983264e-01 1.150819330929181011e-01 1.150819330927524142e-01
1.150819330770447152e-01 1.150819330526729051e-01 1.150819330943788216e-01 1.150819331416458868e-01 1.150819331297763259e-01
7.413318765007459454e-02 7.413318759200629438e-02 7.413318768178771279e-02 7.413318779247249357e-02 7.413318777038535590e-02
5.552233729418862979e-02 5.552233724524929109e-02 5.552233732984936804e-02 5.552233742353952090e-02 5.552233740102822945e-02
6.842541281896714900e-02 6.842541280906640211e-02 6.842541286712933157e-02 6.842541290556095057e-02 6.842541289533819737e-02
5.678281971992397981e-02 5.678281971946809448e-02 5.678281971733274702e-02 5.678281968683256131e-02 5.678281968166948995e-02
2.415090486409780454e-02 2.415090487227075644e-02 2.415090487103029038e-02 2.415090484865436635e-02 2.415090483109675473e-02
5.329535047701621994e-03 5.329535045793094838e-03 5.329535043810467235e-03 5.329535042159548250e-03 5.329535043811424802e-03
5.738694047684381313e-04 5.738694022716396819e-04 5.738693997208499159e-04 5.738694006365617582e-04 5.738694037391908059e-04
