5.792517731783337898e-02 5.792514203589450156e-02 5.792508042030170695e-02 5.792504292862893367e-02
1.798704027576683850e-01 1.798703286687826364e-01 1.798702805977654140e-01 1.798701110638278866e-01
1.904407174032430039e-01 1.904406281176325988e-01 1.904406910435191558e-01 1.904406206964040782e-01
1.896641171774022805e-01 1.896636898708529417e-01 1.896638344640745044e-01 1.896637008329212504e-01
2.045928584850925935e-01 2.045926829243536194e-01 2.045926719660705329e-01 2.045925023369168649e-01
2.119096423807874940e-01 2.119093592102350987e-01 2.119092260879217871e-01 2.119091479835016611e-01
2.045530492038806769e-01 2.045530607811919810e-01 2.045530825365110827e-01 2.045534050826108285e-01
1.893705730857682401e-01 1.893705037433374705e-01 1.893706403334378396e-01 1.893705960946990008e-01
1.893733818844546835e-01 1.893732140371581774e-01 1.893732942993264778e-01 1.893733211956947771e-01
2.045970998199667101e-01 2.045970084106097930e-01 2.045970576979936617e-01 2.045971200510256771e-01
2.120381893478384683e-01 2.120381131842577760e-01 2.120381822587231735e-01 2.120382178295706910e-01
2.045927799175446538e-01 2.045924571578937867e-01 2.045922732744001327e-01 2.045929778833688595e-01
1.897931383592089960e-01 1.897927409491274864e-01 1.897924207578689515e-01 1.897931206806314774e-01
1.927177364520688274e-01 1.927180071210278789e-01 1.927172992023199749e-01 1.927179714806019628e-01
2.156380052943270564e-01 2.156391280469598937e-01 2.156396235269153472e-01 2.156398578146920264e-01
1.629225776398882664e-01 1.629244507617912119e-01 1.629236431396330620e-01 1.629230228900771793e-01
