1.447569865510691112e-01 1.447569865494905128e-01 1.447569865488722018e-01 1.447569865475940576e-01 1.447569865429920999e-01
1.913861033119560462e-01 1.913861033018872670e-01 1.913861033011899360e-01 1.913861033010479662e-01 1.913861032846816412e-01
1.630978704739884932e-01 1.630978704537304202e-01 1.630978704520966716e-01 1.630978704523129985e-01 1.630978704275069524e-01
1.573902564315685093e-01 1.573902564098352830e-01 1.573902564113752456e-01 1.573902564108264901e-01 1.573902563829024936e-01
1.613914323920465355e-01 1.613914323777350390e-01 1.613914323731156786e-01 1.613914323701020614e-01 1.613914323585872446e-01
1.639422514416829790e-01 1.639422514428419131e-01 1.639422514309301637e-01 1.639422514309484824e-01 1.639422514406092546e-01
1.613301925778105606e-01 1.613301925976868834e-01 1.613301925792603730e-01 1.613301925824027760e-01 1.613301925947073501e-01
1.567037093154569627e-01 1.567037093459470176e-01 1.567037093239491696e-01 1.567037093297428685e-01 1.567037093452330887e-01
1.566954628899416835e-01 1.566954629143231803e-01 1.566954629002989818e-01 1.566954629088150031e-01 1.566954629225436046e-01
1.613221796690627319e-01 1.613221796811323272e-01 1.613221796794734875e-01 1.613221796842999600e-01 1.613221796933980157e-01
1.639416137095324466e-01 1.639416137178261457e-01 1.639416137194346645e-01 1.639416137220181258e-01 1.639416137323795875e-01
1.613708655199857511e-01 1.613708655280261528e-01 1.613708655245691959e-01 1.613708655266426484e-01 1.613708655401863146e-01
1.570883333621158062e-01 1.570883333879057875e-01 1.570883333739442611e-01 1.570883333790182024e-01 1.570883333952610705e-01
1.571018107086479543e-01 1.571018107490454174e-01 1.571018107319742396e-01 1.571018107395564245e-01 1.571018107532803632e-01
1.236793956360116714e-01 1.236793956677236933e-01 1.236793956556523494e-01 1.236793956652335602e-01 1.236793956750626838e-01
1.880153593858702871e-02 1.880153594941767412e-02 1.880153594543360410e-02 1.880153595048805054e-02 1.880153595405241115e-02
