4.384580468653658802e-01 4.302560536036310612e-01 4.345372163062130033e-01 4.407823523676325794e-01 4.408172233179628030e-01
5.219166978413722902e-01 5.133874813020656847e-01 5.171121248454797481e-01 5.255544257817850173e-01 5.258769827930284135e-01
4.668009859345273460e-01 4.747259254367214298e-01 4.692117203445212992e-01 4.682748638726399459e-01 4.712514374043674792e-01
4.991071649441798930e-01 5.019807734281540590e-01 4.986258577059529129e-01 5.035916090646115340e-01 5.069467091398595082e-01
4.782110063577113546e-01 4.676231842476564204e-01 4.738498151467160913e-01 4.766832126372946288e-01 4.740684030788370196e-01
4.955345801223208224e-01 4.976238031234030412e-01 4.976148675818019562e-01 4.894246553366088937e-01 4.850771469071649133e-01
4.714558615949974718e-01 4.752642137124419852e-01 4.725594371137017413e-01 4.730611666227378387e-01 4.757818384874319406e-01
4.826967281913749352e-01 4.829400849143725694e-01 4.826251088312107917e-01 4.842790011659330318e-01 4.866385559661048354e-01
4.738401544942504873e-01 4.757343063991513743e-01 4.748116560922742702e-01 4.733784089764671577e-01 4.728984407417193836e-01
4.749990980518971062e-01 4.748194617252898819e-01 4.751936890011715375e-01 4.734807641187149807e-01 4.721155310632406121e-01
4.759571613011090996e-01 4.753440224445387718e-01 4.754923313955718989e-01 4.767107701329105218e-01 4.769656688493481567e-01
4.645982850659795549e-01 4.644053861448457776e-01 4.644595567874955089e-01 4.649475073606008646e-01 4.653023579504446117e-01
4.655222386794315992e-01 4.682409757518812277e-01 4.672006694213595712e-01 4.650451465577539190e-01 4.648121514308352076e-01
4.634845633993827096e-01 4.643627927119276522e-01 4.644766006332852748e-01 4.637755708740333715e-01 4.637994015172616780e-01
4.972920620013883131e-01 4.999558816284046525e-01 4.990249448301261603e-01 4.961707002813232070e-01 4.953097339381530850e-01
4.286187197118458414e-01 4.297210530435572329e-01 4.293663401477260666e-01 4.282055877543604616e-01 4.279319841491062704e-01
