2.862609538299581459e-03 2.862609532680082235e-03 2.862609520844930019e-03 2.862609518714247670e-03 2.862609525510066352e-03
2.421096066446013287e-02 2.421096066704926317e-02 2.421096060496852331e-02 2.421096061078305620e-02 2.421096065745895198e-02
7.273010895916658114e-02 7.273010935994961290e-02 7.273010903802916427e-02 7.273010908918083051e-02 7.273010937134359588e-02
8.409466890992386978e-02 8.409467170899929955e-02 8.409466993894686160e-02 8.409467010475578375e-02 8.409467172715856531e-02
7.806896239064001208e-02 7.806897095055204128e-02 7.806896550601533091e-02 7.806896591030801358e-02 7.806897084326137881e-02
9.604222795732933471e-02 9.604224002004259353e-02 9.604223250928958788e-02 9.604223310267709368e-02 9.604223995409141845e-02
9.775950364860604147e-02 9.775951230295185090e-02 9.775950724053013297e-02 9.775950784911147107e-02 9.775951252720938012e-02
1.442309374447759696e-01 1.442309403615157359e-01 1.442309388258447012e-01 1.442309391101099514e-01 1.442309405950347179e-01
1.442309388347492727e-01 1.442309396023034873e-01 1.442309392189470019e-01 1.442309391775543348e-01 1.442309397042434438e-01
9.775950812389297417e-02 9.775950909726539850e-02 9.775950862981679090e-02 9.775950834119769006e-02 9.775950926477443292e-02
9.604223385005931923e-02 9.604223517776487584e-02 9.604223458429135551e-02 9.604223419504616388e-02 9.604223541270644204e-02
7.806896666964055487e-02 7.806896760374354427e-02 7.806896719124487016e-02 7.806896692489256884e-02 7.806896776509467117e-02
8.409467046990384831e-02 8.409467076986576473e-02 8.409467063226680472e-02 8.409467055021664639e-02 8.409467082159588491e-02
7.273010935528501086e-02 7.273010939931862096e-02 7.273010937399583542e-02 7.273010936428943307e-02 7.273010940805975377e-02
2.421096088054010623e-02 2.421096088253548925e-02 2.421096087932592469e-02 2.421096087982359951e-02 2.421096088379477360e-02
2.862609596586664952e-03 2.862609596364318939e-03 2.862609596085083970e-03 2.862609596343863947e-03 2.862609596475539434e-03
