7.217700282917265120e-02 7.217700267367307965e-02 7.217700283797297278e-02 7.217700301902982285e-02
1.205799794821688781e-01 1.205799788154394425e-01 1.205799795002167329e-01 1.205799803386967406e-01
7.566556436977020517e-02 7.566556345583298759e-02 7.566556438286695108e-02 7.566556587828254798e-02
8.156609463696480600e-02 8.156609436579774497e-02 8.156609465883153665e-02 8.156609607143075480e-02
9.187671963508320383e-02 9.187672002859406661e-02 9.187671970937298649e-02 9.187672069264868346e-02
5.339590088673181606e-02 5.339590130670784918e-02 5.339590099747910240e-02 5.339590162068521412e-02
4.542183456821319298e-02 4.542183475885522986e-02 4.542183468738809904e-02 4.542183502881608215e-02
8.431620833358940970e-02 8.431620845430519429e-02 8.431620823666194364e-02 8.431620839834386150e-02
8.431611601878523377e-02 8.431611601198257810e-02 8.431611558905362236e-02 8.431611558086864189e-02
4.541939520352344245e-02 4.541939519720593343e-02 4.541939499069717889e-02 4.541939467871106834e-02
5.334214180390110804e-02 5.334214179211153178e-02 5.334214142525189190e-02 5.334214122807309083e-02
9.099004338521335389e-02 9.099004057684814684e-02 9.099004127494880745e-02 9.099004004142619007e-02
7.227521801074690555e-02 7.227520742554331690e-02 7.227521795541091976e-02 7.227522058337647326e-02
2.447738560986827128e-02 2.447738342893391456e-02 2.447738485859673324e-02 2.447738627196910377e-02
3.881157129699266180e-03 3.881156597037196780e-03 3.881156843062524928e-03 3.881157309930157156e-03
2.992421468528636561e-04 2.992420678507071142e-04 2.992421141715191006e-04 2.992421887151778355e-04
