1.274536561270627789e-02 1.274537570013072399e-02 1.274537683641684127e-02 1.274536666989404404e-02 1.274534332547042070e-02
8.804673167900342601e-02 8.804673606485852178e-02 8.804674015596203329e-02 8.804673387222036740e-02 8.804666415932882462e-02
1.301578676073000262e-01 1.301578393868370598e-01 1.301578489115156334e-01 1.301578698333002992e-01 1.301578073658345436e-01
1.383830582839032930e-01 1.383830531025761201e-01 1.383830598996447780e-01 1.383830615021471866e-01 1.383830732144208375e-01
1.311944206117054423e-01 1.311944689626998173e-01 1.311944975814874070e-01 1.311944854055462906e-01 1.311945119891769762e-01
1.311269934839179585e-01 1.311270115882514908e-01 1.311269728703704784e-01 1.311269799185984797e-01 1.311269922562637580e-01
1.377580977802725926e-01 1.377581064352230156e-01 1.377580979685032458e-01 1.377580974667549640e-01 1.377580970038918828e-01
1.311213101435072526e-01 1.311213121315430996e-01 1.311213094270591573e-01 1.311213070065197495e-01 1.311213097993838839e-01
1.311206756884422120e-01 1.311206750230230478e-01 1.311206761848297264e-01 1.311206778662322436e-01 1.311206758661051797e-01
1.377580550543237303e-01 1.377580559653337477e-01 1.377580557753044499e-01 1.377580565402385104e-01 1.377580565947534030e-01
1.311290632521895372e-01 1.311290632069265216e-01 1.311290667178622582e-01 1.311290668166767426e-01 1.311290671807776864e-01
1.312212625470004779e-01 1.312212581631706232e-01 1.312212626901411716e-01 1.312212591232796710e-01 1.312212626494851653e-01
1.389330512920860794e-01 1.389330397324979594e-01 1.389330247775031058e-01 1.389330310520347778e-01 1.389330566944586842e-01
1.401150139417813578e-01 1.401149269778379225e-01 1.401149743513682988e-01 1.401149794438208140e-01 1.401149780840573178e-01
1.678813001964584162e-01 1.678813070712924238e-01 1.678814248070873150e-01 1.678813855430777713e-01 1.678812822161503959e-01
1.213076787617350522e-01 1.213077112543955449e-01 1.213077664968057884e-01 1.213077364837797378e-01 1.213076849016036518e-01
