2.937378662846480415e-01 2.937328223397399074e-01 2.937350447027223810e-01 2.937365424597142560e-01 2.937319893668492443e-01
4.140485854266144905e-01 4.140426705402351359e-01 4.140452415449155654e-01 4.140469490913534223e-01 4.140415652711051386e-01
3.918010148405843829e-01 3.917988564784403716e-01 3.917998355164107882e-01 3.918004828658872007e-01 3.917985825339901917e-01
4.004707362656090286e-01 4.004657259727104623e-01 4.004679360395490550e-01 4.004693729458618234e-01 4.004648498608080476e-01
3.965851641470664046e-01 3.965847847520246328e-01 3.965848571969976533e-01 3.965848347580347433e-01 3.965844867910975347e-01
3.968414800736369541e-01 3.968610278109158118e-01 3.968524709229691028e-01 3.968467865459875954e-01 3.968645470435615552e-01
4.000087655929059904e-01 4.000071951375619439e-01 4.000078690356234090e-01 4.000083170079631323e-01 4.000068809187818930e-01
3.959956399174371922e-01 3.959912967116868687e-01 3.959931002579484272e-01 3.959942680746654231e-01 3.959903260087602739e-01
3.994460800087894503e-01 3.994416752747717569e-01 3.994435994802373324e-01 3.994448616513774919e-01 3.994408493610491773e-01
3.808702297869878128e-01 3.808684785331725164e-01 3.808691510768628663e-01 3.808695045516526378e-01 3.808679736925559833e-01
3.833558473449510950e-01 3.833753523547038800e-01 3.833667965534879318e-01 3.833610818933482212e-01 3.833788270130029097e-01
3.999977227856458262e-01 3.999974373034766995e-01 3.999975621669259462e-01 3.999976448018853215e-01 3.999973792605694412e-01
3.832266852616443842e-01 3.832216961500664043e-01 3.832238039557746001e-01 3.832251814215154595e-01 3.832206844124760314e-01
3.903831182504718944e-01 3.903809326237234756e-01 3.903818881870749768e-01 3.903825210664360057e-01 3.903805427734955980e-01
3.416149520022749297e-01 3.416089482791554999e-01 3.416115368833885779e-01 3.416132275173047739e-01 3.416078078947882291e-01
2.316225923327382141e-01 2.316174833748954054e-01 2.316197360456698218e-01 2.316212366677371792e-01 2.316166009508605628e-01
