4.502033883422181163e-06 4.501982388855960155e-06 4.502079497666882710e-06 4.501973725709319503e-06 4.502047942459617761e-06
4.645939241902115037e-05 4.645894833075991622e-05 4.645978681988096763e-05 4.645887347510246348e-05 4.645951373165106127e-05
3.134053446565126925e-04 3.134030625046036736e-04 3.134073752838262348e-04 3.134026776333613215e-04 3.134059679677828579e-04
1.574927566901676481e-03 1.574919117336482906e-03 1.574935092419336687e-03 1.574917691564205321e-03 1.574929875016934863e-03
5.878055964235388668e-03 5.878032381619532031e-03 5.878076975122745879e-03 5.878028401060210635e-03 5.878062406768001964e-03
1.605082268408104459e-02 1.605077219819312645e-02 1.605086766745903240e-02 1.605076367554959804e-02 1.605083647804352032e-02
3.162636578355015188e-02 3.162628220055475198e-02 3.162644025139155213e-02 3.162626808905051601e-02 3.162638862617477703e-02
4.452822023630625264e-02 4.452811280999581511e-02 4.452831598229019944e-02 4.452809465550763846e-02 4.452824962634149841e-02
4.467648605687182112e-02 4.467637878970859983e-02 4.467658196169400214e-02 4.467636057213471290e-02 4.467651552287370265e-02
3.269426672413896368e-02 3.269418374017073192e-02 3.269434178095223520e-02 3.269416938165468911e-02 3.269428970434692938e-02
2.110071492900731510e-02 2.110066555872004354e-02 2.110076106878751995e-02 2.110065652382104098e-02 2.110072886019402280e-02
2.302767012443017111e-02 2.302764822388144242e-02 2.302769317521407080e-02 2.302764375636678212e-02 2.302767681115508100e-02
4.178878521197860324e-02 4.178877846698147991e-02 4.178879474807974809e-02 4.178877649900032687e-02 4.178878778677472955e-02
6.171670608819551651e-02 6.171670570475137896e-02 6.171671009112730810e-02 6.171670486108979392e-02 6.171670739348145834e-02
5.468615799059350913e-02 5.468615885676646193e-02 5.468615949820419819e-02 5.468615871450432930e-02 5.468615867250475188e-02
2.028655947950594451e-02 2.028655995138647916e-02 2.028656003047381307e-02 2.028655983789946771e-02 2.028655935378637087e-02
