1.185565443791052748e-02 1.185565440998763431e-02 1.185565439956248919e-02 1.185565441284435612e-02
1.135582967659022890e-01 1.135582966867692972e-01 1.135582966475141287e-01 1.135582966467346827e-01
1.593910142396625096e-01 1.593910142575302724e-01 1.593910142073411695e-01 1.593910141320854235e-01
1.805605992957950434e-01 1.805605994100509537e-01 1.805605992843724028e-01 1.805605994409204829e-01
1.603284238324200195e-01 1.603284239750847884e-01 1.603284238220320235e-01 1.603284238007818552e-01
1.599352672505012229e-01 1.599352674034470456e-01 1.599352673324474783e-01 1.599352669004935057e-01
1.805452107434000752e-01 1.805452106537305534e-01 1.805452108073977713e-01 1.805452102666082193e-01
1.599738321617110992e-01 1.599738316387749604e-01 1.599738317150954381e-01 1.599738316404151761e-01
1.581102826009867512e-01 1.581102832917708201e-01 1.581102829312992508e-01 1.581102835358035030e-01
1.802295895254358848e-01 1.802295907758162674e-01 1.802295906478806331e-01 1.802295909856532208e-01
1.594251595077985917e-01 1.594251608848936963e-01 1.594251613278815927e-01 1.594251613707052817e-01
1.604761849472968460e-01 1.604761856610852910e-01 1.604761860367608095e-01 1.604761860253285100e-01
1.810860679254728545e-01 1.810860682104723507e-01 1.810860685158964811e-01 1.810860684520141373e-01
1.660481914367935574e-01 1.660481914170234830e-01 1.660481914729705633e-01 1.660481914827899030e-01
1.943608655852774592e-01 1.943608652453566454e-01 1.943608648057893462e-01 1.943608650952351191e-01
1.741153571264134892e-01 1.741153569567602255e-01 1.741153567215694697e-01 1.741153568745195945e-01
