1.423195400802153010e-01 1.423188874113376634e-01 1.423195340154525812e-01 1.423201517066912114e-01
2.572729690850703577e-01 2.572726843417917353e-01 2.572730166840211941e-01 2.572731629608093207e-01
2.634168748850640451e-01 2.634167557865306764e-01 2.634168479491735826e-01 2.634169149991632541e-01
2.632414105734661725e-01 2.632414017197751699e-01 2.632415339084607231e-01 2.632414593641236866e-01
2.636366037917199923e-01 2.636362605856257812e-01 2.636367986961524190e-01 2.636368614816069766e-01
2.695967395819179324e-01 2.695966258289945738e-01 2.695967784890427876e-01 2.695966556379809087e-01
2.727523137151620647e-01 2.727523190979708190e-01 2.727523279247215382e-01 2.727523795805331663e-01
2.740317570190867746e-01 2.740319337651031528e-01 2.740319118806789911e-01 2.740318812085260625e-01
2.740372537227887539e-01 2.740373301530066308e-01 2.740372658535517592e-01 2.740373313324784843e-01
2.727534021272794429e-01 2.727533728307438565e-01 2.727534180831419630e-01 2.727534007496520418e-01
2.695696078478042601e-01 2.695697722651376749e-01 2.695696504199737720e-01 2.695696813384336754e-01
2.633350718079444652e-01 2.633356028242753166e-01 2.633345194041114556e-01 2.633349192283166995e-01
2.632175295518962010e-01 2.632175500644364785e-01 2.632174572594531137e-01 2.632172376164333416e-01
2.633440013778799993e-01 2.633437178758680219e-01 2.633436820194584582e-01 2.633440263247046609e-01
2.555032081283392653e-01 2.555041723805951959e-01 2.555045719209784183e-01 2.555050311675949315e-01
1.319698486399861204e-01 1.319704944875912944e-01 1.319712212061257273e-01 1.319713562342551272e-01
