2.507900460978777779e-02 2.507901021511868903e-02 2.507900463977228919e-02 2.507898775455658091e-02 2.507898736790746194e-02
1.570541611510715141e-01 1.570541692488477414e-01 1.570541598682714812e-01 1.570541084612832317e-01 1.570541069641139265e-01
1.886841606315556863e-01 1.886841463045966227e-01 1.886841587857837899e-01 1.886840910578970465e-01 1.886840821337104068e-01
1.876402205697499936e-01 1.876401807860081927e-01 1.876402163765756026e-01 1.876401280483887823e-01 1.876401026200137656e-01
1.865493152945522370e-01 1.865492713796312041e-01 1.865493070267920384e-01 1.865492387558429777e-01 1.865492029101053217e-01
1.855915794129161522e-01 1.855915619634977698e-01 1.855915729216822685e-01 1.855916281487032526e-01 1.855916056613127196e-01
1.848790073060128936e-01 1.848790038521034296e-01 1.848790053642335451e-01 1.848790114536989493e-01 1.848790266094454682e-01
1.845232488709809548e-01 1.845232487274838795e-01 1.845232484424911279e-01 1.845232484059184108e-01 1.845232488781037850e-01
1.845303330605262970e-01 1.845303312934075401e-01 1.845303270835018938e-01 1.845303273126527588e-01 1.845303274237089786e-01
1.849507637032561380e-01 1.849507657794359772e-01 1.849507634915187881e-01 1.849507646125705951e-01 1.849507620990125945e-01
1.856432464575028529e-01 1.856432389590837728e-01 1.856432362027139182e-01 1.856432370856118397e-01 1.856432338794813119e-01
1.865565686911801746e-01 1.865565715544712511e-01 1.865565667500707070e-01 1.865565681478853488e-01 1.865565703087101734e-01
1.878483616325642147e-01 1.878484030935379800e-01 1.878483958928719999e-01 1.878483946333007193e-01 1.878484035096549820e-01
1.925352204365363695e-01 1.925352674342973025e-01 1.925352576771766355e-01 1.925352554358810697e-01 1.925352699177791116e-01
2.125362270741976145e-01 2.125362565907892576e-01 2.125362537287362463e-01 2.125362537481775838e-01 2.125362608518016616e-01
1.653986418419591542e-01 1.653986482109076894e-01 1.653986494073022839e-01 1.653986522761532740e-01 1.653986537295907555e-01
