2.911222783304367456e-01 2.911222644274956695e-01 2.911222933931227885e-01 2.911222786732600709e-01
4.382142706209967709e-01 4.382142697594739733e-01 4.382142801127771881e-01 4.382142865492315575e-01
3.552178285625754994e-01 3.552178201062621832e-01 3.552177656444679421e-01 3.552178107788863115e-01
3.627749185870390303e-01 3.627749047269711036e-01 3.627749034368158432e-01 3.627749049898432165e-01
4.275192664721977898e-01 4.275192544768489089e-01 4.275192455459609353e-01 4.275192239476586775e-01
3.474233786194921847e-01 3.474233590356736734e-01 3.474233788996143879e-01 3.474233825156258781e-01
4.272445479977671767e-01 4.272445492887544383e-01 4.272445514672285616e-01 4.272445431170961427e-01
3.504865005204897410e-01 3.504864917483808684e-01 3.504865021978964545e-01 3.504865064169002675e-01
3.504866305214822120e-01 3.504866458239384031e-01 3.504866486666678993e-01 3.504866481732051287e-01
4.272446032193361054e-01 4.272446013456378533e-01 4.272446032116403170e-01 4.272446023473697729e-01
3.474228938469755001e-01 3.474228932058418540e-01 3.474229021177910881e-01 3.474229007692192228e-01
4.275192632719887476e-01 4.275192679211757829e-01 4.275192674910702761e-01 4.275192671321594307e-01
3.627727267796735378e-01 3.627727260604897142e-01 3.627727374215043987e-01 3.627727397063058579e-01
3.552157709739108271e-01 3.552157697150623017e-01 3.552157689264605622e-01 3.552157695203443377e-01
4.382140570445866579e-01 4.382140576097104390e-01 4.382140530073352358e-01 4.382140534777440588e-01
2.911210927479718213e-01 2.911210889092448184e-01 2.911210935554292556e-01 2.911210945115928483e-01
