1.738521216802166043e-05 1.738519574179589049e-05 1.738520092975657776e-05 1.738521952954581788e-05 1.738522689687298789e-05
1.689573058825977767e-04 1.689572453860248833e-04 1.689572767954052425e-04 1.689573429049968933e-04 1.689573701399126320e-04
1.046507657560964786e-03 1.046507663151085166e-03 1.046507667289178897e-03 1.046507642224656824e-03 1.046507633163235723e-03
4.732578377008175852e-03 4.732578520750733639e-03 4.732578334477310737e-03 4.732578111658882966e-03 4.732578156192449904e-03
1.556287114176176968e-02 1.556287129091130095e-02 1.556287130060781711e-02 1.556287143209172767e-02 1.556287124851899947e-02
3.671609274531648787e-02 3.671609264114725213e-02 3.671609266709519731e-02 3.671609260499404670e-02 3.671609265566088548e-02
6.240308714284058256e-02 6.240308711422896254e-02 6.240308708992717279e-02 6.240308717273751471e-02 6.240308712587009504e-02
7.935252036626151695e-02 7.935252043054867588e-02 7.935252038085108262e-02 7.935252035703115048e-02 7.935252034998617476e-02
7.935252035218336164e-02 7.935252046249370583e-02 7.935252042232071590e-02 7.935252035352774458e-02 7.935252032256467913e-02
6.240308710843970458e-02 6.240308723428991677e-02 6.240308720883427224e-02 6.240308712539076319e-02 6.240308706014931206e-02
3.671609257584812491e-02 3.671609268683620475e-02 3.671609268876582094e-02 3.671609261916430889e-02 3.671609251834874466e-02
1.556287139093682874e-02 1.556287154908887749e-02 1.556287154368446272e-02 1.556287135604852122e-02 1.556287133590360423e-02
4.732578326042200488e-03 4.732578380659417487e-03 4.732578359918237880e-03 4.732578302635178508e-03 4.732578283601095170e-03
1.046507657513578212e-03 1.046507658054275040e-03 1.046507652576132577e-03 1.046507633636829544e-03 1.046507638687452658e-03
1.689573056644398739e-04 1.689573056416098016e-04 1.689573057681817859e-04 1.689572986114850554e-04 1.689573018892784838e-04
1.738521157951555568e-05 1.738521175532747604e-05 1.738521148676984914e-05 1.738521032686716987e-05 1.738521088449516624e-05
