1.249502786819490369e-02 1.249502784096375926e-02 1.249502784773308395e-02 1.249502781803932955e-02 1.249502780451371489e-02
8.804393134737295568e-02 8.804393120292612618e-02 8.804393125769444106e-02 8.804393119736753093e-02 8.804393113716101060e-02
1.304391923366849948e-01 1.304391923588274771e-01 1.304391925077208747e-01 1.304391924019209781e-01 1.304391922697543116e-01
1.388722342661589115e-01 1.388722346048561762e-01 1.388722347877928143e-01 1.388722346810804253e-01 1.388722344929178010e-01
1.320239031511525329e-01 1.320239040330312141e-01 1.320239044180289423e-01 1.320239040624643645e-01 1.320239032612019470e-01
1.311474892588942731e-01 1.311474926885333736e-01 1.311474941878352507e-01 1.311474922581775393e-01 1.311474894954673953e-01
1.370217295245433342e-01 1.370217412032654347e-01 1.370217462162573452e-01 1.370217386515668601e-01 1.370217287606155521e-01
1.278553012301175129e-01 1.278553133270261821e-01 1.278553184232502915e-01 1.278553108830480789e-01 1.278553009670047313e-01
1.312809429943521955e-01 1.312809414957377130e-01 1.312809404971364280e-01 1.312809424216871412e-01 1.312809447048249034e-01
1.388174787676908772e-01 1.388174711956401408e-01 1.388174677722301131e-01 1.388174734207495153e-01 1.388174805483360363e-01
1.336543460733832511e-01 1.336543357595325054e-01 1.336543313380859632e-01 1.336543385883090795e-01 1.336543477278682446e-01
1.394712028949483540e-01 1.394711923793582609e-01 1.394711873272376501e-01 1.394711947930824814e-01 1.394712042946770758e-01
1.567879277470759503e-01 1.567879184483386146e-01 1.567879136713104249e-01 1.567879204091356948e-01 1.567879288877729593e-01
1.959012913831132130e-01 1.959012829450997306e-01 1.959012778374837616e-01 1.959012832943629601e-01 1.959012916367304791e-01
1.739403710661112656e-01 1.739403617018779047e-01 1.739403528514202601e-01 1.739403568216715268e-01 1.739403681487701747e-01
3.224765518626136751e-02 3.224765068138125967e-02 3.224764580705589967e-02 3.224764731827318986e-02 3.224765313080656809e-02
