2.257179420706797168e-01 2.257162875545712100e-01 2.257177576709482048e-01 2.257199767153746373e-01 2.257198851228061076e-01
3.194829321662953636e-01 3.194792719117585666e-01 3.194830234968588645e-01 3.194877052671788453e-01 3.194861630549467035e-01
2.825007197988367857e-01 2.825006448051968766e-01 2.824958352137501016e-01 2.824880829276062433e-01 2.824858172502796583e-01
3.050792208785251813e-01 3.050764453159743317e-01 3.050684738404956242e-01 3.050635213755849562e-01 3.050633740789978621e-01
2.830268389999048284e-01 2.830113004950955968e-01 2.830222458964065657e-01 2.830394843322176501e-01 2.830250940670023807e-01
3.008992097577828373e-01 3.009301055503190159e-01 3.008634384469856538e-01 3.007015919211332711e-01 3.006320361097087335e-01
2.891984469548544157e-01 2.891768423266199428e-01 2.890436947609016927e-01 2.889076644675133143e-01 2.888810413279865319e-01
2.940508296653622788e-01 2.939726168718823640e-01 2.939059320573542133e-01 2.940217019265533582e-01 2.940274172150980081e-01
2.910509356700878847e-01 2.911315015829619712e-01 2.907238999705876736e-01 2.907257907275637709e-01 2.909209042183950045e-01
2.871524326577474806e-01 2.871568098456767637e-01 2.873002211305178411e-01 2.875755433935727190e-01 2.874954786916826821e-01
2.983577293454115487e-01 2.984349214834043917e-01 2.988371322796729568e-01 2.989122205757042683e-01 2.988277151753638283e-01
2.441651754339838887e-01 2.442146318878109790e-01 2.439193542654120861e-01 2.436707879292606682e-01 2.438677803836463431e-01
2.422692127805623208e-01 2.423002169508885750e-01 2.419502642996447794e-01 2.416993256522871336e-01 2.419188667781559943e-01
2.811184040519687510e-01 2.811254805909974008e-01 2.811252998910084844e-01 2.811219131261948334e-01 2.811291602302574688e-01
3.095330570494398414e-01 3.095423688402058615e-01 3.094967983451086257e-01 3.094542443685742716e-01 3.094818377807638243e-01
1.468519395803783156e-01 1.468618310172260799e-01 1.468221997453441896e-01 1.467815048913174714e-01 1.468044937138406059e-01
