4.417242798701361273e-01 4.417468793231423829e-01 4.417221068607689038e-01 4.417441810336106833e-01
4.981110618821589786e-01 4.981299939199459459e-01 4.981083030336714290e-01 4.981267575333520048e-01
4.454915234535256063e-01 4.454900843311239700e-01 4.454897098070643713e-01 4.454879260547150999e-01
4.925197757145847177e-01 4.925245167433817128e-01 4.925099551240960105e-01 4.925182889444976730e-01
4.527107458322280897e-01 4.527043824065861144e-01 4.527023707024456778e-01 4.526934084489276366e-01
4.838590915952922233e-01 4.838416638945859383e-01 4.838476163785569995e-01 4.838360516514938481e-01
4.624295977157675264e-01 4.624220360629799909e-01 4.624291694770163996e-01 4.624158758234630517e-01
4.733398818438757649e-01 4.733315981986530585e-01 4.733411655664098161e-01 4.733338846140850986e-01
4.733005912076611588e-01 4.732923188913173429e-01 4.732951710746234331e-01 4.732839380286511521e-01
4.624553258834377401e-01 4.624519086575837323e-01 4.624516465231249263e-01 4.624540983613181777e-01
4.837884602816138746e-01 4.837850021858268179e-01 4.837889681179612378e-01 4.837843741781330809e-01
4.527182664569380233e-01 4.527186880514399991e-01 4.527232345859978913e-01 4.527227165206273440e-01
4.924256706395084837e-01 4.924206569986196991e-01 4.924270648149581819e-01 4.924217037243923123e-01
4.454695600723600490e-01 4.454684674468228911e-01 4.454697330822737222e-01 4.454696099018556898e-01
4.980552941599110106e-01 4.980533739934998039e-01 4.980560163455408640e-01 4.980537308562585364e-01
4.416292063657396572e-01 4.416259628272913296e-01 4.416290360070471710e-01 4.416263199156243435e-01
