4.596397569330985450e-06 4.596397413778471967e-06 4.596397565911947123e-06 4.596397697620493305e-06
6.131538747817132562e-05 6.131538690977196701e-05 6.131538763910655560e-05 6.131538803735777114e-05
5.384901018628265260e-04 5.384901013157331225e-04 5.384901040211156984e-04 5.384901042777388716e-04
3.375243925513000433e-03 3.375243920761310072e-03 3.375243919161568032e-03 3.375243917995145605e-03
1.464544259895021565e-02 1.464544258871001980e-02 1.464544260648261743e-02 1.464544260026527482e-02
4.247042573754831324e-02 4.247042573901069901e-02 4.247042574386331731e-02 4.247042574152959382e-02
8.129061696847049434e-02 8.129061697831591049e-02 8.129061696373630908e-02 8.129061696562879524e-02
1.076138688889231587e-01 1.076138688939998062e-01 1.076138688789741726e-01 1.076138688905289437e-01
1.076138688871163679e-01 1.076138688903201801e-01 1.076138688838867152e-01 1.076138688863696041e-01
8.129061696751335719e-02 8.129061696447574537e-02 8.129061695110119390e-02 8.129061695684584865e-02
4.247042575001935133e-02 4.247042574814111765e-02 4.247042573245189689e-02 4.247042572778904346e-02
1.464544260794265959e-02 1.464544260700008198e-02 1.464544259394307164e-02 1.464544259527165299e-02
3.375243928252818788e-03 3.375243927488166124e-03 3.375243919518771448e-03 3.375243920253804143e-03
5.384901011053856495e-04 5.384901006412410847e-04 5.384900968124321785e-04 5.384900973553788340e-04
6.131538767792641439e-05 6.131538754973613644e-05 6.131538634470072959e-05 6.131538652566281356e-05
4.596397642050856990e-06 4.596397617428733226e-06 4.596397426540442097e-06 4.596397444979757283e-06
