2.555200632284169299e-02 2.555200754890798315e-02 2.555200629546151500e-02 2.555200595378474132e-02
2.090300964727629385e-01 2.090300992719644479e-01 2.090300962087403847e-01 2.090300931864681189e-01
2.378463611503079389e-01 2.378463613551058398e-01 2.378463609250229260e-01 2.378463545154643199e-01
2.358657950267024905e-01 2.358657937452898479e-01 2.358657947579260727e-01 2.358657874946235022e-01
2.320733492184766378e-01 2.320733501779115027e-01 2.320733498648757664e-01 2.320733474505545235e-01
2.298935887659250554e-01 2.298935899218530199e-01 2.298935907585742122e-01 2.298935953115210096e-01
2.281010304845729197e-01 2.281010306321666348e-01 2.281010314083254109e-01 2.281010303331571509e-01
2.266572744641823234e-01 2.266572700922616090e-01 2.266572727305822821e-01 2.266572734171164727e-01
2.266546238493652166e-01 2.266546167661814826e-01 2.266546173920066798e-01 2.266546185546175762e-01
2.281372145949755181e-01 2.281372115368621445e-01 2.281372083714391097e-01 2.281372116388036275e-01
2.306591202110925831e-01 2.306591189857756519e-01 2.306591131319570831e-01 2.306591178530495445e-01
2.332393052084242857e-01 2.332393065950910116e-01 2.332393036594955504e-01 2.332393057307834694e-01
2.358919877884319005e-01 2.358919966140253233e-01 2.358919945174217658e-01 2.358919954351985926e-01
2.403512234208966258e-01 2.403512416761143522e-01 2.403512386080051133e-01 2.403512434270147768e-01
2.562589132680580528e-01 2.562589276413821393e-01 2.562589231566380632e-01 2.562589290609813553e-01
2.237880887903170857e-01 2.237880954689360213e-01 2.237880938816743381e-01 2.237880979015396676e-01
