2.543517714734654378e-01 2.543512174741670573e-01 2.543504934367949444e-01 2.543499972810585597e-01
3.027220400389533661e-01 3.027203330303596118e-01 3.027086972120413555e-01 3.027089067367400577e-01
3.180741721995770654e-01 3.180743301461705363e-01 3.180752348300922017e-01 3.180752666440150866e-01
3.155422708087309847e-01 3.155426032870579656e-01 3.155460685538004073e-01 3.155457410482444547e-01
2.930791089172021802e-01 2.930732979482026379e-01 2.930128951831835749e-01 2.930168131812792565e-01
2.813557730307260085e-01 2.813525247636184390e-01 2.813244865829496733e-01 2.813265182147100529e-01
2.922499571078681635e-01 2.922522777652203363e-01 2.923086548220402703e-01 2.923044987143240125e-01
3.159947205524603620e-01 3.159455659658415017e-01 3.153825123009628140e-01 3.154239296335365483e-01
3.064501731933719775e-01 3.062385908320418015e-01 3.035636720631706420e-01 3.037678052476956991e-01
2.894226965176299182e-01 2.894002441072549558e-01 2.891104044871399270e-01 2.891332145994564562e-01
2.816549879354939834e-01 2.816521451874109405e-01 2.816403210681579505e-01 2.816403748812599250e-01
2.780205825045804491e-01 2.779463919537318861e-01 2.770533322295961054e-01 2.771252288766638538e-01
2.778272522831046754e-01 2.777977503858766184e-01 2.773927420672605004e-01 2.774236157819627291e-01
3.179681375557465994e-01 3.179683971656848684e-01 3.179682279303512327e-01 3.179684701739004526e-01
2.856490983571081665e-01 2.856271616001206937e-01 2.853557659121380707e-01 2.853768666615015825e-01
9.262112953980115859e-02 9.259270229553058507e-02 9.223599408207104611e-02 9.226384363793985188e-02
