4.247033748344702375e-01 4.246981309308260344e-01 4.247026113630740785e-01 4.246979084618966449e-01
4.960558291776646089e-01 4.960528124714488341e-01 4.960518437661341484e-01 4.960477271223221463e-01
4.393657595464066645e-01 4.393578364984208617e-01 4.393560317203072385e-01 4.393476752379960604e-01
4.934657525002263956e-01 4.934551159769732243e-01 4.934540639515198057e-01 4.934486768218098729e-01
4.548522525479851697e-01 4.548437470717292541e-01 4.548353581146878932e-01 4.548315292495876405e-01
4.895591837895038045e-01 4.895553400531001964e-01 4.895468026822608065e-01 4.895437828652240975e-01
4.699242354768618513e-01 4.699229742338294491e-01 4.699179167126721346e-01 4.699145090864489949e-01
4.817866667109871881e-01 4.817910755351604846e-01 4.817892419258137937e-01 4.817916712961271553e-01
4.818914243723166901e-01 4.818911243882118556e-01 4.818962148939427426e-01 4.818960144314851091e-01
4.698270178256612750e-01 4.698407505894218739e-01 4.698337678044791077e-01 4.698418211359188801e-01
4.896552279209824832e-01 4.896624299647874268e-01 4.896662905179542391e-01 4.896725119017202310e-01
4.548348996518858933e-01 4.548511963511296385e-01 4.548493814947333069e-01 4.548536382246349263e-01
4.935274868043604268e-01 4.935372706567473511e-01 4.935340631507305620e-01 4.935505216221827696e-01
4.394939193402853661e-01 4.395057571756741388e-01 4.395042180385449471e-01 4.395071307744121136e-01
4.960798521017926732e-01 4.960854819716877806e-01 4.960845281588279199e-01 4.960901417356792242e-01
4.249658594615159934e-01 4.249654384861853984e-01 4.249683012430451323e-01 4.249688800755121454e-01
