1.738521774077248853e-05 1.738519997399996540e-05 1.738520124062300571e-05 1.738521996559127760e-05 1.738522872354971688e-05
1.689573395544197805e-04 1.689572679567683618e-04 1.689572598422483195e-04 1.689573297105691923e-04 1.689573478365007477e-04
1.046507687925004194e-03 1.046507711238913374e-03 1.046507642022815460e-03 1.046507595507643754e-03 1.046507600687065749e-03
4.732578435704755566e-03 4.732578613558344194e-03 4.732578300810769828e-03 4.732578019948381794e-03 4.732578089837955089e-03
1.556287123388864352e-02 1.556287140734196814e-02 1.556287126868777758e-02 1.556287131116930629e-02 1.556287118107094192e-02
3.671609280734264985e-02 3.671609271117570739e-02 3.671609263240555032e-02 3.671609250502205768e-02 3.671609260910318334e-02
6.240308715928201411e-02 6.240308714459941175e-02 6.240308706553318596e-02 6.240308712652672257e-02 6.240308709824757272e-02
7.935252035883944011e-02 7.935252043154519819e-02 7.935252036976708778e-02 7.935252033528891746e-02 7.935252033913760272e-02
7.935252036111190010e-02 7.935252047205121340e-02 7.935252042572969733e-02 7.935252036308777790e-02 7.935252033985150388e-02
6.240308715458943445e-02 6.240308726039274501e-02 6.240308721898444461e-02 6.240308715106810539e-02 6.240308713658942324e-02
3.671609263040243043e-02 3.671609270385059465e-02 3.671609272366518906e-02 3.671609260263559299e-02 3.671609261669336877e-02
1.556287144496158216e-02 1.556287148443959503e-02 1.556287140744897456e-02 1.556287132464990834e-02 1.556287144927253827e-02
4.732578362263564938e-03 4.732578270771619841e-03 4.732578238370702822e-03 4.732578255978634428e-03 4.732578416962232408e-03
1.046507701428557504e-03 1.046507626750115254e-03 1.046507576843468514e-03 1.046507601234979894e-03 1.046507705046412651e-03
1.689573224283359178e-04 1.689572950208646871e-04 1.689572799287550504e-04 1.689572907143991839e-04 1.689573236740047691e-04
1.738521492695704066e-05 1.738520983132111844e-05 1.738520671590371291e-05 1.738520900418677760e-05 1.738521486873387966e-05
