5.294599126677947739e-04 5.294599127731926692e-04 5.294599125031143301e-04 5.294599123734990446e-04 5.294599124803841400e-04
4.957423153842842843e-03 4.957423154115154530e-03 4.957423153131475246e-03 4.957423152445458031e-03 4.957423152921638758e-03
2.274838662226055797e-02 2.274838662268266129e-02 2.274838662108031109e-02 2.274838661961849084e-02 2.274838662054080168e-02
5.440472750249135403e-02 5.440472750262832780e-02 5.440472750167076044e-02 5.440472750014310049e-02 5.440472750123594159e-02
6.610173540647631962e-02 6.610173540608840770e-02 6.610173540627971300e-02 6.610173540508421097e-02 6.610173540604860620e-02
4.645286565803145862e-02 4.645286565811319185e-02 4.645286565819829738e-02 4.645286565763914743e-02 4.645286565871130369e-02
4.204776029454584951e-02 4.204776029734142578e-02 4.204776029488593858e-02 4.204776029587910247e-02 4.204776029721847552e-02
6.275766367089748166e-02 6.275766367738054574e-02 6.275766367186236261e-02 6.275766367444879368e-02 6.275766367616299191e-02
6.275817297288079077e-02 6.275817298128644195e-02 6.275817297499174108e-02 6.275817297738672806e-02 6.275817297959918051e-02
4.205889792496103619e-02 4.205889793429366807e-02 4.205889792832741975e-02 4.205889792990490095e-02 4.205889793273055038e-02
4.663251211390577466e-02 4.663251212657820721e-02 4.663251211795070572e-02 4.663251212041509552e-02 4.663251212420512631e-02
6.810917082887389673e-02 6.810917084470789751e-02 6.810917083260267790e-02 6.810917083702328068e-02 6.810917084126535959e-02
6.825725907460583608e-02 6.825725908764485039e-02 6.825725907715915475e-02 6.825725908245666718e-02 6.825725908576552037e-02
7.437028512080913478e-02 7.437028512615322107e-02 7.437028512171771355e-02 7.437028512700721850e-02 7.437028512888833875e-02
9.184241263409402556e-02 9.184241263547393563e-02 9.184241263425339807e-02 9.184241263671574784e-02 9.184241263729966964e-02
4.597126706990598000e-02 4.597126707009192847e-02 4.597126707002175544e-02 4.597126707050264854e-02 4.597126707063749207e-02
