1.654005496872571757e-01 1.654005037074488815e-01 1.654005460365690905e-01 1.654004293770237610e-01 1.654004186226297468e-01
2.126434914278660659e-01 2.126433362093406165e-01 2.126434607257156606e-01 2.126431485207792016e-01 2.126431293322348925e-01
1.927383492688865552e-01 1.927382456325669180e-01 1.927382943218340638e-01 1.927378405809272166e-01 1.927378000779593481e-01
1.881371756779049997e-01 1.881371416461523061e-01 1.881371013330354891e-01 1.881365858456982010e-01 1.881365926976094893e-01
1.868799665937478649e-01 1.868800111410710840e-01 1.868798672982790732e-01 1.868796188674932968e-01 1.868796328885441449e-01
1.857734289657569648e-01 1.857734316623358695e-01 1.857732755320414264e-01 1.857731617387449741e-01 1.857731327106877661e-01
1.844794589830757170e-01 1.844793658184359642e-01 1.844792206907331089e-01 1.844791435765473220e-01 1.844791432892591010e-01
1.833943846893264784e-01 1.833947587350227837e-01 1.833944243721117306e-01 1.833943995620460343e-01 1.833945524113190784e-01
1.840239615566161835e-01 1.840244687555714076e-01 1.840253544969401855e-01 1.840252343415269554e-01 1.840255458235870722e-01
1.849587444524738444e-01 1.849591653151412829e-01 1.849603118977465877e-01 1.849603132245984938e-01 1.849605012702961737e-01
1.858748510051745628e-01 1.858750741222484903e-01 1.858759141433547202e-01 1.858760797846975843e-01 1.858760786620927419e-01
1.868195237858320257e-01 1.868196704954686593e-01 1.868199313888695978e-01 1.868199702184520361e-01 1.868200355807153323e-01
1.878313194676530240e-01 1.878313979290091584e-01 1.878313662470443013e-01 1.878313570746030781e-01 1.878314148107825265e-01
1.888050271566608929e-01 1.888050575304396905e-01 1.888050443021723757e-01 1.888050474136203083e-01 1.888050617966039180e-01
1.571353695453349963e-01 1.571353812773309822e-01 1.571353857071012827e-01 1.571353854168394681e-01 1.571353863264323969e-01
2.510234459815872260e-02 2.510234726911502595e-02 2.510235152571889394e-02 2.510235325843552037e-02 2.510235076959141387e-02
