2.658891645064077602e-01 2.658773964565169790e-01 2.658777571155505615e-01 2.658700820798220454e-01
3.504665272973258583e-01 3.504291169868120615e-01 3.502962154414330231e-01 3.502979076010913073e-01
3.448632151114351951e-01 3.448320711008932560e-01 3.446971043686561376e-01 3.446846214421429022e-01
3.030391153529645720e-01 3.030086191005836871e-01 3.029995846806579074e-01 3.029540231283288088e-01
3.208733935560345585e-01 3.207296695267872200e-01 3.202536086768434931e-01 3.202816897403002461e-01
3.247329655778808943e-01 3.246183154876424171e-01 3.235388015847538434e-01 3.234687300327136472e-01
3.043884990173525984e-01 3.042320118091694225e-01 3.038140719872626239e-01 3.037609724717864057e-01
3.056793047501401572e-01 3.056585284098895516e-01 3.056909787754253371e-01 3.056803074388120822e-01
3.075341191195177792e-01 3.072478019238950586e-01 3.068256533716940959e-01 3.067592005634778296e-01
3.041212776098788928e-01 3.042886939674842028e-01 3.043766832781556464e-01 3.044150557676345570e-01
3.098774330056570103e-01 3.101379133371485741e-01 3.102265607160535343e-01 3.104154699277417162e-01
3.057087989542630613e-01 3.057555345492526389e-01 3.057016355422750853e-01 3.057573207529409864e-01
3.032787725256129163e-01 3.032955818462736985e-01 3.033016676821326252e-01 3.033108956767187059e-01
3.401945921258173744e-01 3.401900794411609752e-01 3.402346809076317591e-01 3.402593076487457346e-01
3.446577630496518441e-01 3.446534830395623916e-01 3.446742591905269659e-01 3.446870181650181775e-01
2.661566050925069371e-01 2.661582086470833386e-01 2.661555272951340867e-01 2.661580346659561669e-01
