3,4,1.6,8.0,1.0,6,3.0,True,100,2.860314235362418e-14,-8.81612386848586,-8.81612386848586,1.2017652988433838
3,4,1.6,8.0,1.0,6,3.0,True,100,1.0699773298483706e-06,-8.816123804446496,6.403936403387434e-08,0.18986010551452637
3,4,1.6,8.0,1.0,6,3.0,True,200,4.337569505269736e-14,-8.816123868485855,-6.403935870480382e-08,0.3388702869415283
3,4,1.6,8.0,1.0,6,3.0,True,200,9.961664620988679e-14,-8.816123868485871,-1.5987211554602254e-14,0.13645601272583008
3,4,1.6,8.0,1.0,6,3.0,True,400,4.50080565451274e-14,-8.816123868485864,7.105427357601002e-15,0.1448659896850586
3,4,1.6,8.0,1.0,6,3.0,True,400,1.7129786491653355e-14,-8.81612386848586,3.552713678800501e-15,0.13645601272583008
3,4,1.6,8.0,1.0,6,3.0,True,400,1.9107772229951708e-14,-8.816123868485857,3.552713678800501e-15,0.14505767822265625
3,4,1.6,8.0,1.0,6,3.0,True,800,2.6991296465466918e-15,-8.81612386848586,-3.552713678800501e-15,0.25580263137817383
3,4,1.6,8.0,1.0,6,3.0,True,800,5.752961874653924e-14,-8.816123868485866,-5.329070518200751e-15,0.2628786563873291
3,4,1.6,8.0,1.0,6,3.0,True,800,1.4366763109512248e-14,-8.816123868485858,7.105427357601002e-15,0.25405001640319824
3,4,1.6,8.0,1.0,6,3.0,True,800,4.355286421269629e-14,-8.816123868485864,-5.329070518200751e-15,0.26972341537475586
3,4,1.6,8.0,1.0,6,3.0,True,1600,1.14440557827939e-13,-8.816123868485866,-1.7763568394002505e-15,0.2536499500274658
3,4,1.6,8.0,1.0,6,3.0,True,1600,4.5071095946008424e-14,-8.816123868485858,7.105427357601002e-15,0.2621276378631592
3,4,1.6,8.0,1.0,6,3.0,True,1600,1.3954481204376732e-15,-8.816123868485855,3.552713678800501e-15,0.25486135482788086
3,4,1.6,8.0,1.0,6,3.0,True,2000,1.4336615873349425e-14,-8.816123868485858,-3.552713678800501e-15,0.34064173698425293
3,4,1.6,8.0,1.0,6,3.0,True,2000,9.949089706727594e-14,-8.81612386848587,-1.0658141036401503e-14,0.26354503631591797
3,4,1.6,8.0,1.0,6,3.0,True,2000,1.529627711194553e-14,-8.81612386848586,8.881784197001252e-15,0.2666208744049072
3,4,1.6,8.0,1.0,6,3.0,True,4000,2.906074793783317e-14,-8.81612386848586,0.0,0.2640109062194824
3,4,1.6,8.0,1.0,6,3.0,True,4000,7.108770874185127e-14,-8.816123868485864,-3.552713678800501e-15,0.25644373893737793
3,4,1.6,8.0,1.0,6,3.0,True,4000,2.9140526641626476e-14,-8.816123868485864,0.0,0.2671632766723633
3,4,1.6,8.0,1.0,6,3.0,True,4000,1.434636663638895e-14,-8.816123868485858,5.329070518200751e-15,0.2587258815765381
3,4,1.6,8.0,1.0,6,3.0,True,4000,1.4217497636239346e-14,-8.816123868485862,-3.552713678800501e-15,0.264859676361084
3,4,1.6,8.0,1.0,6,3.0,True,4000,8.638967420647392e-14,-8.816123868485866,-3.552713678800501e-15,0.27359914779663086
3,4,1.6,8.0,1.0,6,3.0,True,100,7.780258990597543e-15,-8.81612386848586,-8.81612386848586,1.6062743663787842
3,4,1.6,8.0,1.0,6,3.0,True,100,1.5795571501118054e-14,-8.81612386848586,0.0,0.15543508529663086
3,4,1.6,8.0,1.0,6,3.0,True,200,4.26386488460935e-14,-8.816123868485864,-3.552713678800501e-15,0.1435701847076416
3,4,1.6,8.0,1.0,6,3.0,True,200,7.195862408557971e-14,-8.816123868485855,8.881784197001252e-15,0.13533568382263184
3,4,1.6,8.0,1.0,6,3.0,True,400,2.926358221819035e-14,-8.816123868485855,0.0,0.14365649223327637
3,4,1.6,8.0,1.0,6,3.0,True,400,1.4463720489743052e-14,-8.816123868485858,-3.552713678800501e-15,0.1349799633026123
3,4,1.6,8.0,1.0,6,3.0,True,400,8.645119749551306e-14,-8.816123868485867,-8.881784197001252e-15,0.14337372779846191
3,4,1.6,8.0,1.0,6,3.0,True,800,4.40133941192605e-14,-8.816123868485857,1.0658141036401503e-14,0.25322985649108887
3,4,1.6,8.0,1.0,6,3.0,True,800,1.9408749736577256e-14,-8.816123868485858,-1.7763568394002505e-15,0.2614157199859619
3,4,1.6,8.0,1.0,6,3.0,True,800,1.43310651021869e-14,-8.816123868485858,0.0,0.2518744468688965
3,4,1.6,8.0,1.0,6,3.0,True,800,1.5200102241237358e-14,-8.81612386848586,-1.7763568394002505e-15,0.2694573402404785
3,4,1.6,8.0,1.0,6,3.0,True,1600,1.7799809573226752e-14,-8.816123868485858,1.7763568394002505e-15,0.26168012619018555
3,4,1.6,8.0,1.0,6,3.0,True,1600,6.861135874469712e-15,-8.816123868485858,0.0,0.26277947425842285
3,4,1.6,8.0,1.0,6,3.0,True,1600,2.063542933274285e-14,-8.816123868485862,-3.552713678800501e-15,0.2541544437408447
3,4,1.6,8.0,1.0,6,3.0,True,2000,4.695761033989409e-14,-8.816123868485864,-1.7763568394002505e-15,0.26220083236694336
3,4,1.6,8.0,1.0,6,3.0,True,2000,1.4649860612384835e-14,-8.816123868485864,0.0,0.2537548542022705
3,4,1.6,8.0,1.0,6,3.0,True,2000,7.170292552923244e-14,-8.816123868485855,8.881784197001252e-15,0.2626516819000244
3,4,1.6,8.0,1.0,6,3.0,True,4000,4.468025494329541e-14,-8.816123868485862,-7.105427357601002e-15,0.2549436092376709
3,4,1.6,8.0,1.0,6,3.0,True,4000,2.399499501931373e-14,-8.816123868485857,5.329070518200751e-15,0.26380228996276855
3,4,1.6,8.0,1.0,6,3.0,True,4000,1.4591155608403844e-14,-8.81612386848586,-3.552713678800501e-15,0.25700950622558594
3,4,1.6,8.0,1.0,6,3.0,True,4000,1.4232960694918587e-14,-8.816123868485857,3.552713678800501e-15,0.2647438049316406
3,4,1.6,8.0,1.0,6,3.0,True,4000,5.697574237950574e-14,-8.816123868485855,1.7763568394002505e-15,0.2540163993835449
3,4,1.6,8.0,1.0,6,3.0,True,4000,8.528014448709678e-14,-8.816123868485867,-1.2434497875801753e-14,0.27234935760498047
