1.534952867431706993e-03 1.361101795347902316e-03 1.270987237038572045e-03 1.596067289266483872e-03 1.160749913956610462e-03
2.768120543968114952e-02 2.697473272584679019e-02 2.663424188645471813e-02 2.799636375015653045e-02 2.613584339008161866e-02
1.449301613909772801e-01 1.431737091351214797e-01 1.425471462470775663e-01 1.462260384436051830e-01 1.408608210907777436e-01
1.938008932723062072e-01 1.900816731043795393e-01 1.887991694623092076e-01 1.954992544201316906e-01 1.858917665176152978e-01
1.742585695791083744e-01 1.699958937769987244e-01 1.686515816376782106e-01 1.752695539298200766e-01 1.659063210218059137e-01
6.346228914203015659e-02 6.154609484553821147e-02 6.088496693674985694e-02 6.398032920185152406e-02 5.964422201735931212e-02
5.036793694922985648e-02 5.427275741566171818e-02 5.622105444675151026e-02 4.913873054759914510e-02 5.873027851620631762e-02
1.567372218359595060e-01 1.668987783722897245e-01 1.720394029405593050e-01 1.535900775077586045e-01 1.783375927546547446e-01
1.809858474758207492e-01 1.864863865705100321e-01 1.893632357626087448e-01 1.801656619828282402e-01 1.921044942448058845e-01
1.644735550521459200e-01 1.654800995841021194e-01 1.661061658163322241e-01 1.650582439453608385e-01 1.660873762641163764e-01
3.215724958136083333e-02 3.232867513890155808e-02 3.237901321179732089e-02 3.223019349157672103e-02 3.241737718059639617e-02
1.591065970696692094e-03 1.625529345596809323e-03 1.628476572187662064e-03 1.594161330088688126e-03 1.646658723444458265e-03
