1.414621053533078815e-03 1.613070817619884209e-03 1.536678924927572989e-03 1.254385205523254020e-03 1.112530911975625906e-03
2.014002037265958181e-02 2.311973497715633791e-02 2.206929282016346569e-02 1.826591671418215101e-02 1.672496352838022393e-02
9.218757230465053631e-02 1.064476863196873874e-01 1.021043717934313200e-01 8.537978494657168238e-02 7.895616074612740731e-02
1.156645898091911845e-01 1.405150873046161764e-01 1.325397516483777238e-01 1.028285032409257255e-01 9.250043137334726384e-02
8.739014545868040162e-02 9.882151004658434879e-02 9.565257385315112382e-02 8.042377097824836285e-02 7.283887278243780794e-02
9.691861694876446887e-02 8.942213093874334939e-02 9.171104067802329785e-02 9.909067146879460553e-02 9.498392396061890175e-02
1.429454613225084603e-01 1.441010888272230561e-01 1.438133355438090122e-01 1.388180146700032647e-01 1.301657612053571667e-01
8.902426989893527653e-02 1.136683717943431232e-01 1.059758073401075168e-01 7.204927564757865333e-02 5.698976539989494827e-02
7.457830868649252543e-02 9.563724097820792969e-02 8.903663060909251803e-02 6.298394638070926865e-02 5.226260846672915045e-02
6.660731376167899898e-02 6.589891686118050373e-02 6.748420117845602140e-02 6.911034245816627397e-02 6.766236556120708290e-02
1.622110134860540315e-02 1.208663099049143812e-02 1.389161031475669335e-02 1.891584524153930996e-02 1.995835490982061575e-02
1.315933572137699230e-03 8.951575991380658149e-04 1.062947185695479026e-03 1.562961100684423553e-03 1.648019218359194791e-03
