2.795061652911642880e-02 2.795061652198440813e-02 2.795061651031487820e-02 2.795061650938781075e-02 2.795061651760417237e-02
1.714454850924729268e-01 1.714454850613602033e-01 1.714454849862117602e-01 1.714454849719173612e-01 1.714454850234913563e-01
2.005916875132866817e-01 2.005916874666429373e-01 2.005916873813399504e-01 2.005916873501555620e-01 2.005916873916839260e-01
2.002267165569802110e-01 2.002267164938188460e-01 2.002267165065424459e-01 2.002267164857327864e-01 2.002267164456406345e-01
1.999985475162612270e-01 1.999985474515415251e-01 1.999985475171893734e-01 1.999985474928392681e-01 1.999985474573803268e-01
1.997869473350606939e-01 1.997869473412353658e-01 1.997869474134808532e-01 1.997869474032963055e-01 1.997869474046484739e-01
1.997869473406604923e-01 1.997869474066073792e-01 1.997869474321364025e-01 1.997869474370045084e-01 1.997869474586276284e-01
1.999985474945595865e-01 1.999985475205265928e-01 1.999985475286779057e-01 1.999985475149163860e-01 1.999985475319097650e-01
2.002267163368347536e-01 2.002267163282867302e-01 2.002267163562410357e-01 2.002267163700091335e-01 2.002267164001158006e-01
2.005916870250792350e-01 2.005916870627409143e-01 2.005916871856685268e-01 2.005916872084472780e-01 2.005916872035554410e-01
1.714454847199887721e-01 1.714454847591870279e-01 1.714454849280175608e-01 1.714454849757083288e-01 1.714454849633347266e-01
2.795061622387106856e-02 2.795061630407030817e-02 2.795061643165384219e-02 2.795061647721888698e-02 2.795061642570801502e-02
