2.411285659152102856e-01 2.411282952487302234e-01 2.411172851465403499e-01 2.411074992299976627e-01 2.411051876772051794e-01
3.724997845028896193e-01 3.725007602375912663e-01 3.724842081057215259e-01 3.724589082482279712e-01 3.724209699072025814e-01
3.914371975657499614e-01 3.913982866895218127e-01 3.913712793690755087e-01 3.913598361177823559e-01 3.913072317649535226e-01
3.969806995563684437e-01 3.969536258628709735e-01 3.969417687439400488e-01 3.969437966795782424e-01 3.969350639594482200e-01
3.987605143992911105e-01 3.987882542387982121e-01 3.988087921726986007e-01 3.988124916014553767e-01 3.988047625670819163e-01
3.992667089454219331e-01 3.992917227423734561e-01 3.992995467892928585e-01 3.993009329658034345e-01 3.992965672625847784e-01
3.992903190743019026e-01 3.992927019465116745e-01 3.992892361835322923e-01 3.992883255674997134e-01 3.992871195004934481e-01
3.988440431592464863e-01 3.988454639823956205e-01 3.988443462728514799e-01 3.988445558984920480e-01 3.988437649135879726e-01
3.970436032337339993e-01 3.970453098495136390e-01 3.970470879372461348e-01 3.970495926303412304e-01 3.970512130674641593e-01
3.913644541096166218e-01 3.913654429612881680e-01 3.913682367443033217e-01 3.913714624581717816e-01 3.913732823033512220e-01
3.723864633825485493e-01 3.723864073892503290e-01 3.723876210039251955e-01 3.723891266661703559e-01 3.723900333952936403e-01
2.410603854226527898e-01 2.410599493962250484e-01 2.410597098757742696e-01 2.410597977417871518e-01 2.410603997191387016e-01
