2.526314391999173996e-03 2.520075520619643843e-03 2.495500003140111757e-03 2.501737594606715832e-03
2.131494917094072308e-02 2.122496739824753301e-02 2.087050148066830688e-02 2.096050296217983472e-02
1.972688973800933859e-02 1.835415287439189080e-02 1.305251158065228768e-02 1.442514374496482905e-02
8.537151600418291242e-02 7.997810614046116373e-02 5.921588973777698606e-02 6.460897780833048387e-02
1.961911120977645195e-01 1.936203573210971418e-01 1.837295034399762939e-01 1.862986727255314112e-01
2.003604759679136760e-01 1.999858881156822143e-01 1.985454538344005315e-01 1.989175617792180439e-01
1.714519509205322534e-01 1.713596361913967969e-01 1.709533539675749392e-01 1.710446331369660233e-01
6.409306951297807919e-02 6.545588953373998597e-02 7.057414176339205092e-02 6.921275232789263210e-02
5.974394004985684320e-02 6.550255976613139630e-02 8.759769621100697845e-02 8.183992102678945557e-02
1.484762338793985670e-01 1.511047340022927954e-01 1.611961564850149520e-01 1.585682756176375330e-01
2.830964307186305262e-02 2.851749590490877673e-02 2.931222847389240369e-02 2.910457307131425822e-02
2.416875629769448149e-03 2.429009740231774517e-03 2.475287341936569831e-03 2.463180940717788099e-03
