2.018611207978634331e-03 2.004956620308521575e-03 1.991183382743947315e-03 1.995258840239055604e-03 2.012141440392256359e-03
2.179809263316131313e-02 2.153354115938610480e-02 2.126213204864815798e-02 2.134754696007603106e-02 2.167809263124992683e-02
9.526769038724335059e-02 9.271390012538872905e-02 9.004373935058460066e-02 9.084954543078270495e-02 9.406370609559257245e-02
1.734120221079823443e-01 1.686630037735754317e-01 1.630583146603205302e-01 1.641465577018276500e-01 1.705109592621220915e-01
1.410331749310624883e-01 1.384037100655835517e-01 1.349199136586101133e-01 1.353193621158303994e-01 1.390826996283898997e-01
1.783712311315532872e-01 1.782133784158368706e-01 1.779520529599630807e-01 1.779767135349311358e-01 1.782404435959533961e-01
1.782488320074128163e-01 1.781372799291738029e-01 1.780029605252238523e-01 1.780602385978971025e-01 1.782177332690227101e-01
1.399881806802454887e-01 1.377791446155750554e-01 1.354635549558907970e-01 1.361644332456396489e-01 1.389469782268321907e-01
1.735355601134200287e-01 1.687322794846858043e-01 1.629883790066406213e-01 1.640439202709381428e-01 1.705230192435438774e-01
9.649261314992581273e-02 9.345041684317001440e-02 8.943357862901063493e-02 8.989455484673630759e-02 9.423418707741446076e-02
2.195327185802142464e-02 2.163131736930997903e-02 2.120457582052716686e-02 2.125114282718608763e-02 2.170943430277896477e-02
2.025897200652976033e-03 2.009523261760406358e-03 1.988666035379646306e-03 1.991035145323918638e-03 2.013615603366838980e-03
