2.155392036336376549e-01 2.155392031503272632e-01 2.155392038686498868e-01 2.155392030763814137e-01
2.788707863643808404e-01 2.788707888688971570e-01 2.788707865901807748e-01 2.788707838021269869e-01
3.248836558428302990e-01 3.248836605304169511e-01 3.248836565531408871e-01 3.248836585382245956e-01
3.570016456167663388e-01 3.570016345810373970e-01 3.570016415308928104e-01 3.570016360407723410e-01
2.654986114183506274e-01 2.654985993399679445e-01 2.654986081312685764e-01 2.654985917083983460e-01
2.939145118931079659e-01 2.939145124763120065e-01 2.939145103976373852e-01 2.939145084785156348e-01
2.703579010319096532e-01 2.703579006217080583e-01 2.703579064554217926e-01 2.703579042951114175e-01
3.835872443255395892e-01 3.835872398846145170e-01 3.835872353445934357e-01 3.835872305760559264e-01
3.435644104034746849e-01 3.435644113119288301e-01 3.435644038496779573e-01 3.435644077218011905e-01
2.631190967735122510e-01 2.631191021323280865e-01 2.631190951444199455e-01 2.631190985566472240e-01
2.637511511215876459e-01 2.637511517004412775e-01 2.637511517318744114e-01 2.637511512854672779e-01
2.399118020015717778e-01 2.399118011087870150e-01 2.399118004855976261e-01 2.399117997037139016e-01
