3.712414128416434145e-01 3.712411632885908586e-01 3.712310802769003826e-01 3.712230750723027883e-01 3.712271153680192781e-01
4.194288101074785113e-01 4.194309554595223033e-01 4.193894191823429041e-01 4.193551176786932677e-01 4.193704135733928307e-01
4.036520685926230367e-01 4.036575147738179492e-01 4.035257105886931317e-01 4.033681343416273268e-01 4.034599029301499939e-01
3.958439892306452323e-01 3.959414389101491571e-01 3.951083779149672237e-01 3.943150396163863092e-01 3.948327464805156950e-01
3.842293615061878054e-01 3.844988250102907568e-01 3.833449323148120369e-01 3.822555038643498104e-01 3.828054076861896471e-01
3.932273719382500810e-01 3.934087157354340114e-01 3.928999842173559465e-01 3.924108348901161891e-01 3.925076324769488645e-01
3.950476630503463316e-01 3.950384273936008439e-01 3.948594383162956634e-01 3.947770493812575721e-01 3.947542725936322161e-01
3.900136451821865635e-01 3.900150259308653999e-01 3.897288355539731408e-01 3.894811962666538396e-01 3.898361109904053823e-01
3.699548264265473119e-01 3.698083470789456650e-01 3.682410806690347149e-01 3.672332482906713325e-01 3.689159497305673496e-01
3.169146916563870819e-01 3.167413634781292009e-01 3.151304223829785034e-01 3.142874572081758577e-01 3.157614198284769413e-01
3.315460540679240342e-01 3.315867657662864842e-01 3.315043277271969568e-01 3.314915401040054999e-01 3.315662560094395084e-01
2.333314796137817559e-01 2.333623047360405267e-01 2.335316779609424853e-01 2.336108644141463297e-01 2.334962023227453720e-01
