2.552410566338375042e-01 2.552414067521238117e-01 2.552409000881142864e-01 2.552392707213427259e-01
3.727521539236050563e-01 3.727470247795838243e-01 3.727445337255775870e-01 3.727419073381371684e-01
3.787484233728685146e-01 3.787340527640143950e-01 3.787349560287326944e-01 3.787272432638439379e-01
3.865307469972495413e-01 3.865140121793478878e-01 3.865137246534035564e-01 3.865070082371646065e-01
4.004195557851469300e-01 4.004195812800500076e-01 4.004180470215277787e-01 4.004171280329575922e-01
4.139156808631894169e-01 4.139135245779934080e-01 4.139143871508646488e-01 4.139154567974476229e-01
4.015440327411304300e-01 4.015419371834534346e-01 4.015419586984415035e-01 4.015441250102522175e-01
3.899839164662156632e-01 3.899840250996742252e-01 3.899856092542490216e-01 3.899869193885227014e-01
3.891283754118738947e-01 3.891324276197613008e-01 3.891339215510620231e-01 3.891365563828779184e-01
3.982315480671763108e-01 3.982373868805386130e-01 3.982380014119834000e-01 3.982402426121076644e-01
4.033423744297868208e-01 4.033456987375851899e-01 4.033473649859722343e-01 4.033473357731481856e-01
3.101826945524192025e-01 3.101835776289585400e-01 3.101843881423798077e-01 3.101837990024146063e-01
