2.712006128443778061e-03 2.712012478696367457e-03 2.712036197689445677e-03 2.712029829754272585e-03
2.581471238716466846e-02 2.581472935308987832e-02 2.581479271741971351e-02 2.581477568385401322e-02
6.913364483716442910e-02 6.913365842045927911e-02 6.913370973333143876e-02 6.913369588416984346e-02
1.271935491097051507e-01 1.271935608359186509e-01 1.271936076444790120e-01 1.271935945871877360e-01
1.998518571533516863e-01 1.998518580977389214e-01 1.998518635466144111e-01 1.998518615259649578e-01
2.094123564495648515e-01 2.094122662372397414e-01 2.094119299839219961e-01 2.094120205803486068e-01
1.786069329509579195e-01 1.786068186155058968e-01 1.786063901950064314e-01 1.786065058861235344e-01
1.244445096720044330e-01 1.244445108924629451e-01 1.244445155846678891e-01 1.244445143454148694e-01
1.327678926732450138e-01 1.327679118668598501e-01 1.327679947221201140e-01 1.327679706914041691e-01
2.010201612631166423e-01 2.010201804809922110e-01 2.010202684059116951e-01 2.010202423906596314e-01
1.951833159848199994e-01 1.951833387936370845e-01 1.951834312746763833e-01 1.951834053809831382e-01
3.385923997752159076e-02 3.385925025901387331e-02 3.385928947539561945e-02 3.385927881421933738e-02
