2.711998766120886969e-03 2.712008170334389082e-03 2.712043472499912813e-03 2.712034024599870204e-03
2.581469297417380779e-02 2.581471802427910342e-02 2.581481240948026862e-02 2.581478710508705934e-02
6.913362885154865356e-02 6.913364878297209581e-02 6.913372568507489269e-02 6.913370486641505497e-02
1.271935334809814466e-01 1.271935512260489454e-01 1.271936241298281256e-01 1.271936038166856520e-01
1.998518515647014493e-01 1.998518547486132502e-01 1.998518700365378431e-01 1.998518646188369441e-01
2.094124577731623360e-01 2.094123263194934415e-01 2.094118274193032536e-01 2.094119602554153359e-01
1.786070658327643390e-01 1.786068963784239738e-01 1.786062567136838530e-01 1.786064284679435843e-01
1.244445082935942831e-01 1.244445099839531083e-01 1.244445176501709494e-01 1.244445155158147298e-01
1.327678682080226380e-01 1.327678958772341988e-01 1.327680216672304514e-01 1.327679850996298649e-01
2.010201357252312249e-01 2.010201636425828775e-01 2.010202964326081587e-01 2.010202566899452481e-01
1.951832876969106789e-01 1.951833215111926090e-01 1.951834603770962184e-01 1.951834212828091053e-01
3.385922768013673728e-02 3.385924300115848717e-02 3.385930186389321528e-02 3.385928588578967363e-02
