2.842134608988458686e-03 2.842134371473281889e-03 2.842134609219238058e-03 2.842134668173011778e-03 2.842134353161947669e-03
3.882319984063662549e-02 3.882319973295347143e-02 3.882320206539882634e-02 3.882320244072042653e-02 3.882319984658647721e-02
1.698488604375405497e-01 1.698488594821010167e-01 1.698488621115555874e-01 1.698488635494987409e-01 1.698488582247450474e-01
1.986316247399969315e-01 1.986316128823925053e-01 1.986316164233498660e-01 1.986316219108189840e-01 1.986316074966986978e-01
1.983580872232682812e-01 1.983580641346361362e-01 1.983580659717179284e-01 1.983580721569866423e-01 1.983580515984007253e-01
1.914961109544706108e-01 1.914961006148708511e-01 1.914960982050012694e-01 1.914960985576846242e-01 1.914960929243532395e-01
1.914961078651946647e-01 1.914961103470770587e-01 1.914961117156046000e-01 1.914961099938326528e-01 1.914961154394998755e-01
1.983580699696786687e-01 1.983580707530748222e-01 1.983580729119893415e-01 1.983580733327545420e-01 1.983580736176894233e-01
1.986316245150157311e-01 1.986316133662041905e-01 1.986316166790520754e-01 1.986316216456133488e-01 1.986316099244590239e-01
1.698488822461740322e-01 1.698488596207011481e-01 1.698488612118647934e-01 1.698488668898824328e-01 1.698488484679949173e-01
3.882322793961936330e-02 3.882321662540022533e-02 3.882321408430125520e-02 3.882321514246936389e-02 3.882320827035988520e-02
2.842139451259815576e-03 2.842138222757873041e-03 2.842138016546136986e-03 2.842138259980907158e-03 2.842137336554253872e-03
