2.842122316731799520e-03 2.842122312486584229e-03 2.842121151835157265e-03 2.842121134093556975e-03 2.842120902091588991e-03
3.882314953935108587e-02 3.882315048349911646e-02 3.882314839016742791e-02 3.882314917806652804e-02 3.882314640336095163e-02
1.698488458159394532e-01 1.698488454959530547e-01 1.698488476439665995e-01 1.698488501030221698e-01 1.698488442352150962e-01
1.986316220864214888e-01 1.986316106600053144e-01 1.986316146243500003e-01 1.986316214753851006e-01 1.986316061209413841e-01
1.983580869048039708e-01 1.983580644851905550e-01 1.983580677328771191e-01 1.983580741405986392e-01 1.983580534033834997e-01
1.914961232214664466e-01 1.914961129529043626e-01 1.914961135119165325e-01 1.914961134147079580e-01 1.914961079411829359e-01
1.914961572045403293e-01 1.914961595368256664e-01 1.914961625279100188e-01 1.914961608606042254e-01 1.914961662447382251e-01
1.983580812011402905e-01 1.983580821315240605e-01 1.983580843265310978e-01 1.983580848485654857e-01 1.983580851185547944e-01
1.986316246088634385e-01 1.986316144518227023e-01 1.986316172444212991e-01 1.986316223027720096e-01 1.986316109966662635e-01
1.698488803189361629e-01 1.698488609256385840e-01 1.698488624329489993e-01 1.698488681472093698e-01 1.698488497314905865e-01
3.882322829496236832e-02 3.882321905502019582e-02 3.882321719585801051e-02 3.882321827828000976e-02 3.882321068462538105e-02
2.842139716000389657e-03 2.842138686088025931e-03 2.842138545848922615e-03 2.842138799070763246e-03 2.842137800634461295e-03
