4.837741202576180122e-01 4.837739996422704136e-01 4.837738220322464477e-01 4.837738955227273707e-01
4.757162917293245585e-01 4.757161127366852926e-01 4.757160666137144611e-01 4.757160731692913758e-01
4.907218496885159542e-01 4.907217635301753811e-01 4.907216632245468002e-01 4.907217060231329198e-01
4.697147919523957937e-01 4.697146386896870474e-01 4.697145813892930621e-01 4.697145461563138058e-01
3.880319894167585382e-01 3.880322198783998644e-01 3.880322803937971132e-01 3.880322764847583539e-01
3.336387616741180451e-01 3.336385990849267125e-01 3.336386308936751255e-01 3.336384816001682352e-01
4.002737920367051005e-01 4.002737847168250096e-01 4.002735429431760195e-01 4.002736615548137533e-01
4.576568958100848961e-01 4.576568622565680422e-01 4.576568602935945917e-01 4.576567961051576372e-01
4.624853361764683091e-01 4.624853009354496503e-01 4.624852776281816458e-01 4.624852975156148460e-01
4.139893136564670173e-01 4.139893265170210834e-01 4.139892928770909641e-01 4.139893041867323542e-01
3.000875422008534854e-01 3.000875155071028866e-01 3.000874100202798878e-01 3.000874204060221540e-01
3.239101401956472337e-01 3.239101147121794533e-01 3.239100418905798695e-01 3.239100080730703546e-01
