1.303724289796905685e-03 1.188679586895088512e-03 8.819057772420895846e-04 8.073329439326371471e-04 1.068035146828501996e-03
1.634898871028412845e-02 1.609294159139267044e-02 1.540992053152439277e-02 1.524368210055768863e-02 1.582405363377374641e-02
7.600872387092723337e-02 7.583576878970484103e-02 7.537451622069532564e-02 7.526204590865226418e-02 7.565402317742074556e-02
9.985636348235771287e-02 9.957374722341526263e-02 9.882017584776833785e-02 9.863681706866729570e-02 9.927742437505480966e-02
1.199218517676477747e-01 1.171828098261234047e-01 1.098794077120475859e-01 1.081045489181165775e-01 1.143113029353435284e-01
1.746146665240998763e-01 1.508403574860505414e-01 8.745047319894259930e-02 7.204677825602387453e-02 1.259172570370699906e-01
1.280797889687710078e-01 1.043058322609114325e-01 4.091516193230506498e-02 2.550972539746841281e-02 7.938088364526450780e-02
1.070977941704092662e-01 1.043586433596730562e-01 9.705459950739618591e-02 9.527797414493623107e-02 1.014850381419287739e-01
9.928162944153443026e-02 9.899873889235517865e-02 9.824523507745486217e-02 9.806184563266047427e-02 9.870224325571767821e-02
7.681838453031687719e-02 7.664544753668454946e-02 7.618431769859509983e-02 7.607222392787707510e-02 7.646413027745496693e-02
1.944068826076934473e-02 1.918460853000670402e-02 1.850175994106050339e-02 1.833581733298635108e-02 1.891613130128060732e-02
1.842380414297975066e-03 1.727330488647918581e-03 1.420571751108173301e-03 1.346028911841847453e-03 1.606721329933121379e-03
