9.797711596560433449e-05 9.798388034027784874e-05 9.798749326946759857e-05 9.798072075647249759e-05
1.030768332453666668e-04 1.030954429997515482e-04 1.031055407243756445e-04 1.030869191856580982e-04
2.243669774226218295e-04 2.243747419758691222e-04 2.243799178423559119e-04 2.243720295459714358e-04
2.192911091179342801e-03 2.192890818543977681e-03 2.192879054508787683e-03 2.192898404150669944e-03
3.829026284791912232e-02 3.829033205470123991e-02 3.829033619750260575e-02 3.829026561141740670e-02
1.685372980541220700e-01 1.685381362900367497e-01 1.685385544582856110e-01 1.685377140667821960e-01
3.873157926989741900e-02 3.873266061946630673e-02 3.873323794623064614e-02 3.873215046265962580e-02
6.927193105041079026e-03 6.927339728046212099e-03 6.927452086495635049e-03 6.927299061387722640e-03
6.876321721886807792e-02 6.876311196311860052e-02 6.876316897806544759e-02 6.876327040524170264e-02
1.543843332608270946e-01 1.543840011850236005e-01 1.543838760887444594e-01 1.543842060353607937e-01
2.084112749529255099e-02 2.084090168217913111e-02 2.084078611742118392e-02 2.084101144240555620e-02
9.054671931879067215e-04 9.054476220058210690e-04 9.054374897993020671e-04 9.054569808051224616e-04
