2.318308590529237767e-01 2.318308692715222441e-01 2.318308747796983260e-01 2.318308748994327151e-01 2.318308702236704932e-01
2.456942860797471095e-01 2.456942818702959608e-01 2.456942934927812128e-01 2.456942931464708990e-01 2.456942793518119839e-01
2.182496329754336772e-01 2.182496372899807024e-01 2.182496364206201467e-01 2.182496330993890232e-01 2.182496303214331301e-01
2.519394677080588063e-01 2.519394832776272741e-01 2.519394883082869407e-01 2.519394878740832677e-01 2.519394817017822086e-01
2.051688753644491936e-01 2.051688891833386985e-01 2.051688994987150294e-01 2.051689021232186161e-01 2.051688936947233810e-01
2.471168499924752404e-01 2.471168606666072631e-01 2.471168759437415707e-01 2.471168758961726775e-01 2.471168569948522242e-01
2.471168680609128199e-01 2.471168511970582571e-01 2.471168689303250843e-01 2.471168651386005943e-01 2.471168466093475180e-01
2.051688817280848121e-01 2.051688818593079833e-01 2.051688796142704940e-01 2.051688747345099539e-01 2.051688751585712400e-01
2.519394533050560714e-01 2.519394661701613858e-01 2.519394741281856809e-01 2.519394753747785098e-01 2.519394688287618367e-01
2.182496165953519141e-01 2.182496252971831419e-01 2.182496340685667613e-01 2.182496363336681455e-01 2.182496293032815671e-01
2.456942752132990626e-01 2.456942780014642336e-01 2.456942823078103189e-01 2.456942816108784733e-01 2.456942761322304380e-01
2.318308637002240991e-01 2.318308578030616185e-01 2.318308589968988420e-01 2.318308573485092228e-01 2.318308559463720386e-01
