2.541785317298503322e-01 2.541789018994685678e-01 2.541784121992133327e-01 2.541768578523430078e-01
3.705142089938950889e-01 3.705144450524566757e-01 3.705130289498332896e-01 3.705098673811083043e-01
3.728937047084294742e-01 3.728930628113087953e-01 3.728911502497451735e-01 3.728883642209115390e-01
3.698936285465100338e-01 3.698907188105144961e-01 3.698878104146593460e-01 3.698902475811542412e-01
3.603148541882955080e-01 3.603040225992683032e-01 3.603027257549986651e-01 3.603129828264605705e-01
2.900426643043391151e-01 2.900192267086924569e-01 2.900469753647593185e-01 2.900690645755247821e-01
3.545439924312650537e-01 3.545186142711674315e-01 3.545608556678722656e-01 3.545894534521841779e-01
3.521618680913321531e-01 3.521531008429835130e-01 3.521554738062911971e-01 3.521660753903311791e-01
3.187341534070661786e-01 3.187253856487007875e-01 3.187051031291271985e-01 3.187148645325094121e-01
2.952651646890636639e-01 2.952659379892804692e-01 2.952608500482769016e-01 2.952658166336892820e-01
3.641537243951038505e-01 3.641551721399347019e-01 3.641558198064644425e-01 3.641566742510760624e-01
2.973207572535840892e-01 2.973216038660223548e-01 2.973219479989527292e-01 2.973221325340643095e-01
