2.530989893928249357e-01 2.496811367737080678e-01 2.531449763158717392e-01 2.509679006849507843e-01 2.510072176178964054e-01
3.096492370044963693e-01 3.058492796552025883e-01 3.096464460534825713e-01 3.070417591444685179e-01 3.071723290571331533e-01
2.721653083985341448e-01 2.721533271090929018e-01 2.721471290209409588e-01 2.719727328336605798e-01 2.720237171080295835e-01
3.317571212314083251e-01 3.309442176416785841e-01 3.317392222246455247e-01 3.311467432690983759e-01 3.311667271542661495e-01
3.461938080643160998e-01 3.454293910304279680e-01 3.460602970351439600e-01 3.455144769586461218e-01 3.455273094718402382e-01
3.342807871406101583e-01 3.350233488432823314e-01 3.342290015551410698e-01 3.346272842030255656e-01 3.345768188449630420e-01
3.317777773811825259e-01 3.323944149616257504e-01 3.316952076118395709e-01 3.321839666129539070e-01 3.320763463550969741e-01
3.305307150073510392e-01 3.296234231619133426e-01 3.304856198758776564e-01 3.301004514779375398e-01 3.299823067809969368e-01
2.699279172321288334e-01 2.691569473778176458e-01 2.699756859816805354e-01 2.697602540347675548e-01 2.696847949264459254e-01
2.687373970693569536e-01 2.686089120375968475e-01 2.687811597127807706e-01 2.687908751773092630e-01 2.687484198735592411e-01
2.640671315038836120e-01 2.601432433834870994e-01 2.641900694328371269e-01 2.618136519625338110e-01 2.618838898919386704e-01
2.952619832217412421e-01 2.918248190595896796e-01 2.953296886002433341e-01 2.932275297458160623e-01 2.932973597089820195e-01
