4.717624124843302624e-01 4.719456206630150419e-01 4.718160662561665109e-01 4.719372415869538262e-01 4.720515418767759486e-01
4.701050118040417392e-01 4.698382038949611150e-01 4.700111012346990247e-01 4.700514815790350354e-01 4.700018048858359831e-01
4.885318745352505432e-01 4.893987591785475266e-01 4.886820189647674284e-01 4.885160905727484737e-01 4.887766939031342739e-01
4.821766952053350708e-01 4.812226521545008850e-01 4.818068680791790515e-01 4.812394511069658654e-01 4.808937660149972260e-01
4.504772519434415701e-01 4.514334541900178466e-01 4.503160055209015633e-01 4.504203362156761203e-01 4.507603156229102459e-01
4.502721988491487082e-01 4.493561100909576056e-01 4.498862847205540860e-01 4.496022075631666559e-01 4.494409406454016875e-01
4.509535763530073682e-01 4.500853962165252131e-01 4.508864036838720057e-01 4.503722379479794258e-01 4.503350240082724110e-01
4.277023934955844764e-01 4.288341193719322764e-01 4.277896456241939704e-01 4.285127870143634610e-01 4.286548029194511278e-01
4.494929170020729448e-01 4.488329699054048327e-01 4.495152158826913880e-01 4.491025247360393990e-01 4.488460340339275323e-01
4.934858088048053038e-01 4.942180518415884571e-01 4.936521234765846589e-01 4.940051417271977274e-01 4.940807305656915172e-01
4.928651577603484490e-01 4.924643155862102883e-01 4.927750481330203103e-01 4.925602466217817166e-01 4.926135521962656250e-01
4.727193938678007634e-01 4.730057673672298235e-01 4.727951012088952298e-01 4.730509026415521401e-01 4.730621486623466376e-01
