9.798134413055008827e-05 9.798260940797948106e-05 9.798327509641755622e-05 9.798200777080598293e-05
1.030885226401087623e-04 1.030920026368525774e-04 1.030938541085444802e-04 1.030903696046230614e-04
2.243723070137694411e-04 2.243737510187825514e-04 2.243746423418745996e-04 2.243731712506106851e-04
2.192898046248724885e-03 2.192894148169067213e-03 2.192891916894782085e-03 2.192895634932698259e-03
3.829029246493217964e-02 3.829030452483641461e-02 3.829030612034739489e-02 3.829029378280630891e-02
1.685378111702663939e-01 1.685379640171644211e-01 1.685380403443577924e-01 1.685378870442089394e-01
3.873225657077134648e-02 3.873245414554866289e-02 3.873255840794175009e-02 3.873235954575119516e-02
6.927298680251333697e-03 6.927325335367977982e-03 6.927344091004242546e-03 6.927316137204356586e-03
6.876320010657052673e-02 6.876318019414304206e-02 6.876318449788999809e-02 6.876320375908641369e-02
1.543841518548728087e-01 1.543840846248318577e-01 1.543840560505107817e-01 1.543841231038796113e-01
2.084099171762203093e-02 2.084094530031676759e-02 2.084092158049892854e-02 2.084096795416988043e-02
9.054553616703808153e-04 9.054513467684113370e-04 9.054492771457781260e-04 9.054532839919472199e-04
