4.721248667728237258e-01 4.722860809068067933e-01 4.722893345269372767e-01 4.723023689490268850e-01 4.722885293283106134e-01
4.706197315718280150e-01 4.704875969514143996e-01 4.706539261246516781e-01 4.705457240777605188e-01 4.704911751746104764e-01
4.891093324546525456e-01 4.898211738944819316e-01 4.893426431378031238e-01 4.888531717532594856e-01 4.895804710506980184e-01
4.827525828871571112e-01 4.818824466119321359e-01 4.823014937168453864e-01 4.821742003399273058e-01 4.815612743199360057e-01
4.508763935598978922e-01 4.518241131605288396e-01 4.510794128667374170e-01 4.507233733825856126e-01 4.510245846878068732e-01
4.503198320385997655e-01 4.495853690131715319e-01 4.498976979236214424e-01 4.497409076347020918e-01 4.494223428412554844e-01
4.508215077213520439e-01 4.500543926945171913e-01 4.505039516675475308e-01 4.505088160440090528e-01 4.499580284350914727e-01
4.268800328470178096e-01 4.278112218732773586e-01 4.271483588247531049e-01 4.275656082347573661e-01 4.281040520490702050e-01
4.488130074208425691e-01 4.481765710638404565e-01 4.485265074113492512e-01 4.485222381732527075e-01 4.482388734384133988e-01
4.930713835250953303e-01 4.936741079988763437e-01 4.933796151228190818e-01 4.933112624672080782e-01 4.937875959449930519e-01
4.924614397199771898e-01 4.921439164558527590e-01 4.923814573904280456e-01 4.922238184780692860e-01 4.920668111826458357e-01
4.725625048238281112e-01 4.727922806157203173e-01 4.726838337757556796e-01 4.728691983617274719e-01 4.729954545781633324e-01
