1.886337830341822119e-02 1.886337830160448106e-02 1.886337830034156768e-02 1.886337829949758654e-02
1.665628454550116266e-01 1.665628454465993280e-01 1.665628454419182947e-01 1.665628454414104787e-01
1.895932618871727093e-01 1.895932618742344755e-01 1.895932618677315940e-01 1.895932618639374068e-01
1.896151378807851007e-01 1.896151378745414839e-01 1.896151378662698506e-01 1.896151378482964500e-01
2.045929446180232703e-01 2.045929446157675191e-01 2.045929446097155824e-01 2.045929446009338848e-01
2.118464915068699328e-01 2.118464915246384417e-01 2.118464915230244272e-01 2.118464915273613469e-01
2.043964109761670922e-01 2.043964109909087723e-01 2.043964109882961122e-01 2.043964109932307760e-01
1.893710068417932824e-01 1.893710068443725247e-01 1.893710068489226905e-01 1.893710068708138183e-01
1.896573551513760225e-01 1.896573551837050509e-01 1.896573551789452194e-01 1.896573551882377862e-01
2.061810592499225547e-01 2.061810592849819546e-01 2.061810592936176023e-01 2.061810593084635601e-01
1.954323144136709822e-01 1.954323144540351109e-01 1.954323144632586773e-01 1.954323144711549443e-01
3.388779361201715162e-02 3.388779363226793878e-02 3.388779364171710939e-02 3.388779363901036484e-02
