4.168222819279447378e-01 4.168226571586008955e-01 4.168234613806808264e-01 4.168249566286135188e-01 4.168267916450855148e-01
3.593435414279954054e-01 3.593422611948225986e-01 3.593424498794772215e-01 3.593433503230141213e-01 3.593419406625001922e-01
4.133840356049683362e-01 4.133855480375299152e-01 4.133846405351407349e-01 4.133848704694643716e-01 4.133861294601859360e-01
4.116391673766730541e-01 4.116384057767595861e-01 4.116383685371458045e-01 4.116391354795325697e-01 4.116380777382846468e-01
4.009761359118875212e-01 4.009759497677871098e-01 4.009746277019311522e-01 4.009732241719402013e-01 4.009720599118801188e-01
3.978805976513133391e-01 3.978801139371824225e-01 3.978792771608230527e-01 3.978780754803461495e-01 3.978782053969387444e-01
3.978783770966203837e-01 3.978774049725179451e-01 3.978764588386897172e-01 3.978744484089615785e-01 3.978740790662442239e-01
4.009602786454756762e-01 4.009598781454556393e-01 4.009588785592871907e-01 4.009584703304944209e-01 4.009583777923951264e-01
4.116204403353194707e-01 4.116200788314055559e-01 4.116199719448526695e-01 4.116194059332693445e-01 4.116194902030841929e-01
4.133614222243122693e-01 4.133616353963710521e-01 4.133611226242039915e-01 4.133613666525791652e-01 4.133617873566367007e-01
3.593344366743254081e-01 3.593341976149509454e-01 3.593342947132842635e-01 3.593352563333715444e-01 3.593347142171261499e-01
4.168050620169870824e-01 4.168047170242701882e-01 4.168047821009293052e-01 4.168045424790073339e-01 4.168042851316982600e-01
