5.803400383188660281e-04 5.803407167382010606e-04 5.803418314603235031e-04 5.803394165567231713e-04 5.803395507528574110e-04
1.185979599027327247e-02 1.185980436995457896e-02 1.185981462597775898e-02 1.185979039754348624e-02 1.185979090054886838e-02
5.703966777518531400e-02 5.703965434156032382e-02 5.703970221192761203e-02 5.703963831875705909e-02 5.703965720814121315e-02
4.585525075262457395e-02 4.585516837237713084e-02 4.585527454431331112e-02 4.585518253356990481e-02 4.585522661302617042e-02
6.786934251063726775e-02 6.786923636332241327e-02 6.786935479183175968e-02 6.786926715516226893e-02 6.786930537728595725e-02
1.679569595601059298e-02 1.679563702583920445e-02 1.679572415563256038e-02 1.679564361648602441e-02 1.679566965527019146e-02
1.679566231526419956e-02 1.679568511961649843e-02 1.679576727208957274e-02 1.679562163465969649e-02 1.679563431656969086e-02
6.786928756175128474e-02 6.786930401920658606e-02 6.786941019908310224e-02 6.786923285116122639e-02 6.786927330766032163e-02
4.585523329472679377e-02 4.585517940366894835e-02 4.585528018613535539e-02 4.585517426887177062e-02 4.585523711887334875e-02
5.703967810465244981e-02 5.703963450645690991e-02 5.703968629086816899e-02 5.703964839618218263e-02 5.703967448512490407e-02
1.185980345655949370e-02 1.185979145928810381e-02 1.185980438270266626e-02 1.185979702752609430e-02 1.185980034011093441e-02
5.803407075450140503e-04 5.803395595782496509e-04 5.803409255144147171e-04 5.803400165359725053e-04 5.803403549286402334e-04
