4.135394220480830274e-01 4.135380830431432675e-01 4.135378455910008744e-01 4.135378504954965728e-01
4.302340785229341602e-01 4.302312861403232436e-01 4.302314568063923539e-01 4.302308001169150575e-01
4.008061020267952856e-01 4.008029233242623168e-01 4.008028448854998871e-01 4.008018102476145761e-01
3.942696865909897097e-01 3.942693781957672394e-01 3.942690870421282634e-01 3.942689933993791529e-01
4.033483376267180121e-01 4.033481633821333068e-01 4.033479476423635912e-01 4.033477055327495120e-01
4.153413740397310372e-01 4.153416659143823741e-01 4.153412953172258004e-01 4.153414852344832209e-01
4.030391323453335617e-01 4.030392172820305152e-01 4.030389207533863205e-01 4.030393060977540687e-01
3.928533263323753522e-01 3.928532441873382464e-01 3.928526128922946725e-01 3.928527852095020645e-01
3.967302754742375037e-01 3.967307505641199938e-01 3.967306826173150891e-01 3.967303476789104111e-01
4.164035679538778956e-01 4.164055069732512937e-01 4.164063931597143942e-01 4.164071938161780784e-01
4.615438824261508532e-01 4.615458775201227160e-01 4.615469923200584690e-01 4.615476795552314049e-01
4.718925779290642497e-01 4.718928970805605916e-01 4.718933762963051226e-01 4.718938303685746849e-01
