2.498987554047161219e-01 2.498987805641507687e-01 2.498987803191139445e-01 2.498988812323275910e-01
3.186477386918004084e-01 3.186477485839884771e-01 3.186477428403350909e-01 3.186477248877057078e-01
4.473917728813150974e-01 4.473917733429483845e-01 4.473917854341052380e-01 4.473917806135631059e-01
4.533648598270788033e-01 4.533648521934625641e-01 4.533648844031526459e-01 4.533649058550312527e-01
3.877428987489572876e-01 3.877429213759484017e-01 3.877429107968708988e-01 3.877428959890792393e-01
3.176366622655916183e-01 3.176366770136858086e-01 3.176366775735274817e-01 3.176367054704072324e-01
3.788433666511151765e-01 3.788433554342900966e-01 3.788433579751641633e-01 3.788433738583223409e-01
4.526278946024538397e-01 4.526278996845999325e-01 4.526278955733983311e-01 4.526278912797329079e-01
4.618812962869251471e-01 4.618812956739442588e-01 4.618812934565521000e-01 4.618812993618894303e-01
4.116492898499747866e-01 4.116492944238652751e-01 4.116492802429514986e-01 4.116492838693578404e-01
2.996354176798900482e-01 2.996354150969715024e-01 2.996354187412187398e-01 2.996354193307437241e-01
3.206799692414047942e-01 3.206799550927308395e-01 3.206799636087098726e-01 3.206799566749972130e-01
