2.055816973020535010e-01 2.055817144544402064e-01 2.055817244887684636e-01 2.055817081065572371e-01
2.471973972439500955e-01 2.471974644486508998e-01 2.471975044399535859e-01 2.471974382472904574e-01
2.507266392381035658e-01 2.507268737562963756e-01 2.507270156484284196e-01 2.507267771201092676e-01
2.926353204640071426e-01 2.926348286635850893e-01 2.926345377252382862e-01 2.926350237012277367e-01
2.392113547561500464e-01 2.392114797726681563e-01 2.392115537581059603e-01 2.392114316421063425e-01
2.526716868105373659e-01 2.526716962900412144e-01 2.526716957934429519e-01 2.526716939972104559e-01
2.378352474235987390e-01 2.378351574527694523e-01 2.378351011575383644e-01 2.378351929800523179e-01
2.485704578182069413e-01 2.485702298563650381e-01 2.485700980634603374e-01 2.485703181999450173e-01
2.836418470009571258e-01 2.836421857730402896e-01 2.836423931345276039e-01 2.836420493437585288e-01
2.427382254155595054e-01 2.427380965744997399e-01 2.427380172322885776e-01 2.427381487521629300e-01
2.608937466471181188e-01 2.608936934748658509e-01 2.608936607355872295e-01 2.608937151166031421e-01
2.382965478850566088e-01 2.382965380635903019e-01 2.382965324118463402e-01 2.382965416177006135e-01
