2.094798231707276359e-01 2.094798237902233684e-01 2.094798237738915991e-01 2.094798233872484927e-01
2.553904804601940248e-01 2.553904827580390502e-01 2.553904829435329482e-01 2.553904811374600459e-01
2.834148719413322470e-01 2.834148764925724095e-01 2.834148753998353976e-01 2.834148706861715494e-01
2.817025054683872098e-01 2.817025081312928281e-01 2.817024912680944349e-01 2.817024867362325491e-01
2.326398494544918705e-01 2.326398486947877375e-01 2.326398419434342058e-01 2.326398387780740928e-01
2.247467784206733654e-01 2.247467756737482891e-01 2.247467739211115589e-01 2.247467729946442949e-01
2.331430717536253638e-01 2.331430756613153965e-01 2.331430794941229956e-01 2.331430787290200701e-01
2.801343370028744895e-01 2.801343454313517389e-01 2.801343590181993304e-01 2.801343553774545692e-01
2.800709392299085554e-01 2.800709420799449290e-01 2.800709447195939839e-01 2.800709447236360283e-01
2.360969525011597514e-01 2.360969537064177004e-01 2.360969538916622146e-01 2.360969546708649169e-01
2.465829059848730631e-01 2.465829073758857570e-01 2.465829071064835898e-01 2.465829082879806566e-01
2.365974727370834807e-01 2.365974739059913401e-01 2.365974745593642237e-01 2.365974746252270111e-01
