2.489049640741642366e-01 2.457349695214457452e-01 2.490092747570074316e-01 2.469003561816779657e-01 2.470562427143420114e-01
3.060701752873678516e-01 3.024601191945234246e-01 3.061844951143862237e-01 3.037747046187395661e-01 3.039502112570719450e-01
2.704848744508153158e-01 2.704269737602172929e-01 2.704888587623784368e-01 2.704533280464744283e-01 2.704558411851465949e-01
3.284541044801596033e-01 3.278646256899089284e-01 3.284810643572468880e-01 3.280921992722242164e-01 3.281292878506915089e-01
3.434093024946371364e-01 3.427193030017538500e-01 3.434350674677225101e-01 3.429672994421922860e-01 3.430032404412021729e-01
3.341116728697464677e-01 3.346458433707603097e-01 3.340892984316450320e-01 3.344419653350294008e-01 3.344127419430506509e-01
3.330017756752113867e-01 3.335437383938374967e-01 3.329867651403509710e-01 3.333540095161173777e-01 3.333221812707209408e-01
3.324501294855755074e-01 3.317698141574633719e-01 3.324706049415971920e-01 3.320120906824285401e-01 3.320391114946269484e-01
2.738769745843288583e-01 2.732612561931924700e-01 2.738971988185077144e-01 2.734952831273464446e-01 2.735084753045308736e-01
2.711730665182201516e-01 2.711180545619210069e-01 2.711763348742017299e-01 2.711475227910957186e-01 2.711403589670534631e-01
2.665747346376929339e-01 2.629677705851595770e-01 2.666979954301540445e-01 2.642830093933861146e-01 2.644654860288388476e-01
2.981230101194635718e-01 2.949421153696319409e-01 2.982279294407548798e-01 2.961019693377319184e-01 2.962588277853871466e-01
