1.744446035351853441e-01 1.744446035427613118e-01 1.744446035384238647e-01 1.744446035405698148e-01 1.744446035237767756e-01
2.213498058358249754e-01 2.213498058159913406e-01 2.213498057866193913e-01 2.213498058057179474e-01 2.213498057803229002e-01
2.037680846248211830e-01 2.037680844638884992e-01 2.037680844152388038e-01 2.037680845258736384e-01 2.037680845268298735e-01
2.004068423290849277e-01 2.004068422666557825e-01 2.004068422196836063e-01 2.004068421761737717e-01 2.004068418775594718e-01
2.000024386098986084e-01 2.000024384974584402e-01 2.000024384657558274e-01 2.000024384585039616e-01 2.000024380098179011e-01
2.000282273286074497e-01 2.000282272248671556e-01 2.000282272420259855e-01 2.000282272801349182e-01 2.000282270334087509e-01
2.000282269470121388e-01 2.000282269672422897e-01 2.000282269556573900e-01 2.000282269704926619e-01 2.000282268644423544e-01
2.000024382641525100e-01 2.000024382691492630e-01 2.000024382760720865e-01 2.000024383139299977e-01 2.000024382942504064e-01
2.004068412790639686e-01 2.004068413389788472e-01 2.004068413611728716e-01 2.004068413228992929e-01 2.004068410108125753e-01
2.037680825523309480e-01 2.037680827399123429e-01 2.037680827401783801e-01 2.037680826393071798e-01 2.037680832042335355e-01
2.213498054163954842e-01 2.213498055731199787e-01 2.213498055784875185e-01 2.213498055040785395e-01 2.213498059324986444e-01
1.744446032934692248e-01 1.744446033415582575e-01 1.744446033364317472e-01 1.744446034024260683e-01 1.744446040287688238e-01
