1.613001405659690926e-03 1.502677902610982923e-03 1.444809765712733044e-03 1.650730053949810540e-03 1.375302883956885242e-03
3.095242002124790059e-02 3.049934129494473109e-02 3.026984714929766007e-02 3.113119529169236163e-02 2.996351276109797054e-02
1.608641751253835905e-01 1.596880149501427315e-01 1.591667984284535486e-01 1.614880169171969693e-01 1.582022268886948135e-01
1.965099022339609203e-01 1.940774110449639267e-01 1.931427373454843721e-01 1.973849026050252531e-01 1.913971841832050047e-01
1.701266457591115722e-01 1.674031597394637916e-01 1.665359881996652802e-01 1.707166349133396321e-01 1.647588736125144837e-01
4.518204739948833426e-02 4.396820793421019752e-02 4.353335688138725013e-02 4.547279235580729134e-02 4.271586265807634369e-02
3.939117637921033671e-02 4.185246671896237364e-02 4.306388139109432883e-02 3.858524137568889595e-02 4.465423837282371522e-02
1.606629379922180356e-01 1.670608350078876259e-01 1.702802599484182500e-01 1.586342809017849964e-01 1.742824455602658973e-01
1.899587434259334962e-01 1.933604881933507491e-01 1.950390224557876362e-01 1.892203757574490719e-01 1.968966930928813808e-01
1.665131094340572826e-01 1.670821372736104038e-01 1.673413987048862628e-01 1.666642262714488343e-01 1.674494027640675564e-01
3.218049132475223756e-02 3.228300163070003254e-02 3.229986672606589837e-02 3.220324214090390658e-02 3.233813972717487772e-02
1.576589643702574952e-03 1.598513757615933504e-03 1.599554774423894580e-03 1.577470869855806396e-03 1.611990677277599666e-03
