2.318308855319255457e-01 2.318309084420847044e-01 2.318309222115295387e-01 2.318309211619029031e-01 2.318309263083454530e-01
2.456940812578275735e-01 2.456941137151115173e-01 2.456940889068184031e-01 2.456941129366279342e-01 2.456940289150235657e-01
2.182496656094604082e-01 2.182496991591201529e-01 2.182495965886069866e-01 2.182495527341634933e-01 2.182495430052368013e-01
2.519392154250620908e-01 2.519392745069483630e-01 2.519393521838614314e-01 2.519393374588161927e-01 2.519392634227468064e-01
2.051686687415952837e-01 2.051687234324559572e-01 2.051688971971974973e-01 2.051689106672257012e-01 2.051688573456992848e-01
2.471167942864942180e-01 2.471168906529392917e-01 2.471169431532859451e-01 2.471169557215112944e-01 2.471168950666819131e-01
2.471168815798829299e-01 2.471169135713351950e-01 2.471169456642018369e-01 2.471169556180015936e-01 2.471167956125946696e-01
2.051688750067111044e-01 2.051688939387456556e-01 2.051688696048343252e-01 2.051688070780195716e-01 2.051687940961523238e-01
2.519394030843574162e-01 2.519394488953299871e-01 2.519395635902266228e-01 2.519395625225453461e-01 2.519394688946418603e-01
2.182496052150678378e-01 2.182496423822223031e-01 2.182497198648844783e-01 2.182497214120703299e-01 2.182496683644555568e-01
2.456942603336382536e-01 2.456943110240442096e-01 2.456943243248790598e-01 2.456943070385744221e-01 2.456942887108028439e-01
2.318312143415413307e-01 2.318312214989764197e-01 2.318311985597924785e-01 2.318311719780259961e-01 2.318311404472477022e-01
