4.839088299639995316e-01 4.839029157161566230e-01 4.839103852177918386e-01 4.839114234108668477e-01
4.758369744362081488e-01 4.758390568381188901e-01 4.758296424843215244e-01 4.758350213706130094e-01
4.907796365156523732e-01 4.907818873869413401e-01 4.907757309984226435e-01 4.907712471925092523e-01
4.697377248703687447e-01 4.697329448380166972e-01 4.697237403617660623e-01 4.697204583179334092e-01
3.879654271914972363e-01 3.879657317269984418e-01 3.879631145046387730e-01 3.879578517808288107e-01
3.335008102800696150e-01 3.334932301547942624e-01 3.334918511559192278e-01 3.334806602749537108e-01
4.002028355109063518e-01 4.002057766361796221e-01 4.001964918149581441e-01 4.002054982435192532e-01
4.576310146032996906e-01 4.576307593399291385e-01 4.576358959125407244e-01 4.576347372327973506e-01
4.624915229219508928e-01 4.624911117080118261e-01 4.624960384964301729e-01 4.624977274336868893e-01
4.140088042528581869e-01 4.140086659988471696e-01 4.140082396550421318e-01 4.140066204150921747e-01
3.000680815964633097e-01 3.000671399774477166e-01 3.000671198346002710e-01 3.000659900781964540e-01
3.238906694934502450e-01 3.238916781546318235e-01 3.238895470257855957e-01 3.238917366740827197e-01
