1.898878893032114948e-02 1.898878895794520183e-02 1.898878878837522571e-02 1.898878870912211470e-02
1.669338352292367156e-01 1.669338352637429190e-01 1.669338352784852098e-01 1.669338351097682527e-01
1.903649579247363166e-01 1.903649579240883905e-01 1.903649580285520504e-01 1.903649581951749603e-01
1.901993774924529146e-01 1.901993772431567198e-01 1.901993772322253806e-01 1.901993774833599382e-01
2.047567632616774658e-01 2.047567636217563769e-01 2.047567639753729019e-01 2.047567641000010985e-01
2.109885500690092675e-01 2.109885511076088627e-01 2.109885519618738825e-01 2.109885518344736532e-01
2.011456630929209788e-01 2.011456643961619661e-01 2.011456651660672168e-01 2.011456649891849302e-01
1.888221108485861333e-01 1.888221119054732389e-01 1.888221117515390401e-01 1.888221120155733901e-01
1.909441309046839008e-01 1.909441319868581954e-01 1.909441320139557696e-01 1.909441319394172554e-01
2.070922798468433079e-01 2.070922801924598433e-01 2.070922800573881672e-01 2.070922801516735801e-01
1.957669751127727176e-01 1.957669750583829194e-01 1.957669748653527164e-01 1.957669750424929356e-01
3.399656272833279785e-02 3.399656274199717304e-02 3.399656273169898713e-02 3.399656273767947406e-02
