1.787768366857395846e-02 1.787768381541250673e-02 1.787768404614818035e-02 1.787768379651808945e-02
1.521521124873310704e-01 1.521521134958896404e-01 1.521521146756417975e-01 1.521521132174917523e-01
7.998024283955601499e-02 7.998024304625576952e-02 7.998024058318903284e-02 7.998023871721141043e-02
8.004341514994092743e-02 8.004341052211921825e-02 8.004339251735928529e-02 8.004339332609425317e-02
1.902327922611086741e-01 1.902327941118766019e-01 1.902327853345256448e-01 1.902327859574545199e-01
2.097414019944395802e-01 2.097414063584512323e-01 2.097414061586967415e-01 2.097414060238453060e-01
1.904848715241095614e-01 1.904848746714351837e-01 1.904848768428235584e-01 1.904848776697989354e-01
7.942817441981578352e-02 7.942817746736700879e-02 7.942818249194537328e-02 7.942818392618437862e-02
7.979003341335046129e-02 7.979003907652149064e-02 7.979004294989844315e-02 7.979004133520919972e-02
1.923042187839976436e-01 1.923042213605598016e-01 1.923042222893326103e-01 1.923042220043526263e-01
1.942136214674832495e-01 1.942136217748958171e-01 1.942136215767442387e-01 1.942136220713126527e-01
3.375142711448924498e-02 3.375142718374758016e-02 3.375142722696988784e-02 3.375142725255884935e-02
