4.630671936611361339e-01 4.630593990894178447e-01 4.630725724328216275e-01 4.630998854949610055e-01 4.631165542112081202e-01
4.536204573611775093e-01 4.536195452766644820e-01 4.535815795261282646e-01 4.535260209790236141e-01 4.535112754226073850e-01
4.479184468621575932e-01 4.476607154480456985e-01 4.477918843559020590e-01 4.476600894619909843e-01 4.476781729359546880e-01
4.172821096732553525e-01 4.172740825327949099e-01 4.171260736644277212e-01 4.170107461496979084e-01 4.169451368978189243e-01
4.039891362474761216e-01 4.038818016274635658e-01 4.038067251949682412e-01 4.037795448836575818e-01 4.036996361050584348e-01
4.175182064682478877e-01 4.174294525736045314e-01 4.173894105789491271e-01 4.173862216453830820e-01 4.173661596895972270e-01
4.175197315433666345e-01 4.174944666073152622e-01 4.174219464317316386e-01 4.173802517916077592e-01 4.174029139408660383e-01
4.038667087421075608e-01 4.038221525334058093e-01 4.038284032634431586e-01 4.038031700889462283e-01 4.037893981974112201e-01
4.169166206288468790e-01 4.169459311568897708e-01 4.169536929603984698e-01 4.169603352200430546e-01 4.169419968900117679e-01
4.464545087561992420e-01 4.464688815395664867e-01 4.464505336152392312e-01 4.464680508796119440e-01 4.464705447679198635e-01
4.511598122196550098e-01 4.512018749471906620e-01 4.511896649144936933e-01 4.512088758530983790e-01 4.512389781503932107e-01
4.613707623496783317e-01 4.613458299756794667e-01 4.613609960392237586e-01 4.613512822640073452e-01 4.613434472800830854e-01
