4.135394220276120691e-01 4.135380805247628189e-01 4.135378451503735620e-01 4.135378494476350530e-01
4.302340769705744750e-01 4.302312856877099634e-01 4.302314568012481910e-01 4.302308039866867273e-01
4.008061102779549856e-01 4.008029261580128289e-01 4.008028529382492988e-01 4.008018166770506707e-01
3.942696865774323323e-01 3.942693787324791366e-01 3.942690867247850006e-01 3.942689885780792935e-01
4.033483339952426139e-01 4.033481592592415010e-01 4.033479425827295461e-01 4.033477005590996312e-01
4.153413729199516569e-01 4.153416644395453994e-01 4.153412936618363638e-01 4.153414834359909769e-01
4.030391329486180396e-01 4.030392173788520660e-01 4.030389209898759262e-01 4.030393070339624573e-01
3.928533258392123972e-01 3.928532448529254983e-01 3.928526124286314536e-01 3.928527862953248850e-01
3.967302751649398052e-01 3.967307503229210996e-01 3.967306838908638000e-01 3.967303461320255131e-01
4.164035694689240952e-01 4.164055068193721620e-01 4.164063950657870827e-01 4.164071941141587740e-01
4.615438827437783886e-01 4.615458770630102014e-01 4.615469918403747873e-01 4.615476793704968994e-01
4.718925784913399202e-01 4.718928969485674529e-01 4.718933759047850285e-01 4.718938307771445850e-01
