3.075937554929957796e-01 3.076171589290834785e-01 3.076629839353418605e-01 3.076088381685470607e-01 3.076609353971015981e-01
3.266892119880081546e-01 3.267687478660498690e-01 3.267443913183157300e-01 3.266227762522446176e-01 3.266905752002267072e-01
3.181241663369732131e-01 3.181611112372796923e-01 3.180597965649591963e-01 3.180524006918016844e-01 3.180853082962553091e-01
3.301254776816058278e-01 3.301355518780311193e-01 3.300121852331175387e-01 3.299286657529360012e-01 3.298717561892992034e-01
3.853368667749410559e-01 3.853117506480442378e-01 3.853000873289658124e-01 3.851362801610810904e-01 3.851171178252014715e-01
3.391144078265426742e-01 3.390864921110426367e-01 3.389660704067257724e-01 3.389519697927353969e-01 3.389868224064174207e-01
3.391282853982763301e-01 3.391038047105456310e-01 3.389661154082344585e-01 3.389555657844778858e-01 3.389176235799961634e-01
3.840726170233916825e-01 3.840822910587684547e-01 3.840135423876243070e-01 3.839976543131862208e-01 3.840265206947964804e-01
3.268721450143718399e-01 3.268746854660956047e-01 3.269212031616672842e-01 3.270152126308735752e-01 3.269654658014776727e-01
3.167811388800692574e-01 3.166805975426376651e-01 3.167377997973808701e-01 3.167342266030613307e-01 3.166775427202822013e-01
3.235296787200545587e-01 3.234388368427550953e-01 3.234996392590678838e-01 3.235578851681683021e-01 3.235002404357455452e-01
3.030277485891149647e-01 3.030275942378575782e-01 3.030949030350645890e-01 3.031405508622453948e-01 3.031352251808737686e-01
