4.837717995661399706e-01 4.837718302373349988e-01 4.837718150067155110e-01 4.837718160552035851e-01
4.757147891409995721e-01 4.757147870852437843e-01 4.757147906497197765e-01 4.757147822027039119e-01
4.907213507179242207e-01 4.907213504842755647e-01 4.907213478981032884e-01 4.907213413801461144e-01
4.697145255837551492e-01 4.697145294727803067e-01 4.697145231150103295e-01 4.697145213085940907e-01
3.880326192965389831e-01 3.880326343055797711e-01 3.880326411945846932e-01 3.880326484233219686e-01
3.336399979915072866e-01 3.336399980839278023e-01 3.336399767120787341e-01 3.336399819300848169e-01
4.002744657456366872e-01 4.002744630682485982e-01 4.002744555667115400e-01 4.002744409689057981e-01
4.576570462170663212e-01 4.576570473773997616e-01 4.576570363175849754e-01 4.576570306402498733e-01
4.624852657842969395e-01 4.624852625091306901e-01 4.624852564898541685e-01 4.624852538998169837e-01
4.139893417916007956e-01 4.139893441478941227e-01 4.139893413852992476e-01 4.139893436889151013e-01
3.000881383214630826e-01 3.000881422645387264e-01 3.000881277825726556e-01 3.000881315847981345e-01
3.239106820343238824e-01 3.239106672797149589e-01 3.239106649153907780e-01 3.239106523764949119e-01
