4.714618627243692406e-01 4.714446620680970979e-01 4.714049011030276293e-01 4.713633521398605808e-01 4.713138940011805111e-01
4.570743128856710746e-01 4.570053987985915334e-01 4.569190593698858605e-01 4.568105591879613181e-01 4.567117110372387323e-01
4.251072629099305056e-01 4.249779925697265148e-01 4.248821035699974491e-01 4.247849064149944454e-01 4.247067067428239029e-01
4.232225611130040477e-01 4.232101740214548879e-01 4.231764299186216438e-01 4.231497528714479595e-01 4.230821379981214436e-01
4.075047823917177792e-01 4.075255407005005104e-01 4.074803296609968983e-01 4.074537886769302175e-01 4.073745216741325725e-01
4.180063377346953102e-01 4.180098196176185166e-01 4.178866280724678473e-01 4.178608354220274546e-01 4.178215764087823691e-01
4.189717727474909781e-01 4.189450095989229461e-01 4.189067586315303737e-01 4.188721561946052718e-01 4.188421721093305017e-01
4.074192020543784820e-01 4.074328580116270970e-01 4.073789608992886557e-01 4.073279342001407399e-01 4.072553528118472710e-01
4.241201099670564023e-01 4.241422731731852025e-01 4.240618931769045141e-01 4.240629230347262579e-01 4.240567546300139101e-01
4.244961580467856987e-01 4.245090782052236000e-01 4.245728538179895373e-01 4.246339379129657754e-01 4.247183217510395736e-01
4.553525775609396087e-01 4.556032612727678455e-01 4.557229919129969775e-01 4.557875845391816116e-01 4.558619629777269089e-01
4.675327081070057011e-01 4.675763395428513269e-01 4.676956665116802636e-01 4.677303868068785064e-01 4.676761379870664759e-01
