4.169173977532209530e-01 4.169098327830119133e-01 4.169221872268079054e-01 4.169324737042084950e-01 4.169365692432913661e-01
3.591470429454589608e-01 3.591488465974983502e-01 3.591404462042590007e-01 3.591459590760843201e-01 3.591477806241131221e-01
4.135441186508360678e-01 4.135457234262859272e-01 4.135414515073581043e-01 4.135444580478492838e-01 4.135322438226145536e-01
4.116407127937605770e-01 4.116315057081702533e-01 4.116320736106213740e-01 4.116320895943310632e-01 4.116159456255469307e-01
4.009285159125566267e-01 4.009268833623352291e-01 4.009348550005822354e-01 4.009194765705518249e-01 4.009014845225262191e-01
3.977288642378822847e-01 3.977242730857344366e-01 3.977303340891851224e-01 3.977377308800318922e-01 3.977265420893565384e-01
3.978098548538024359e-01 3.978064119347220484e-01 3.978079755944325391e-01 3.978213511180552220e-01 3.978281759519182170e-01
4.009510164166317225e-01 4.009526426517835418e-01 4.009578805283016134e-01 4.009515928628460957e-01 4.009514179663094535e-01
4.116516714534732557e-01 4.116495977883538604e-01 4.116483027882235080e-01 4.116523097171585488e-01 4.116535750839625529e-01
4.135548043236339510e-01 4.135620489309876913e-01 4.135565086729661721e-01 4.135594404541174107e-01 4.135544923054901290e-01
3.592256036024671917e-01 3.592177341147770320e-01 3.592184202264170345e-01 3.592221725573718216e-01 3.592198610667980962e-01
4.169117375970609052e-01 4.169119103117167602e-01 4.169084535032415717e-01 4.169073249079269794e-01 4.169078920190826265e-01
