1.898873473329567088e-02 1.898873788218170128e-02 1.898873810165945669e-02 1.898873897444294107e-02
1.669338507798176496e-01 1.669338521556336385e-01 1.669338477332825699e-01 1.669338549874099242e-01
1.903649699071885415e-01 1.903649397850296632e-01 1.903649228253996573e-01 1.903649363573823028e-01
1.901992984047981283e-01 1.901993107436594221e-01 1.901992805183535251e-01 1.901992783276598431e-01
2.047566035754566083e-01 2.047566418522982767e-01 2.047566208289338663e-01 2.047566335002685700e-01
2.109883432893365496e-01 2.109884179456288367e-01 2.109884071067160416e-01 2.109884219516652559e-01
2.011454982793053348e-01 2.011455873103342729e-01 2.011456230429179426e-01 2.011456213207564181e-01
1.888220735174929721e-01 1.888220891239246468e-01 1.888221354679764097e-01 1.888221394863133784e-01
1.909442525829177784e-01 1.909442525417235359e-01 1.909442555976126610e-01 1.909442622797666300e-01
2.070924949036957730e-01 2.070924913395175981e-01 2.070924873704414193e-01 2.070924954117925598e-01
1.957671282553459235e-01 1.957671247617356891e-01 1.957671242138719903e-01 1.957671294073253521e-01
3.399658816708229364e-02 3.399658750287068432e-02 3.399658748553033294e-02 3.399658836223412584e-02
