1.394125805292473078e-03 1.587245074091657654e-03 1.513379422280219065e-03 1.234036096373418781e-03 1.090021854590632680e-03
1.897456364770880657e-02 2.196947065154457313e-02 2.093990434209151361e-02 1.711895949290465763e-02 1.553221507907506099e-02
8.641871943186102412e-02 1.011014301799939841e-01 9.683587852024790055e-02 7.977741192001644444e-02 7.302733831415644805e-02
1.178621958630434036e-01 1.430820982411763198e-01 1.352040299117219790e-01 1.053936103690524401e-01 9.469735778849086572e-02
8.763948274824362450e-02 9.877929236913318700e-02 9.563564672105594189e-02 8.080633285745050798e-02 7.311138862992548615e-02
9.103760878714101112e-02 8.235813028560412530e-02 8.477391683761049956e-02 9.294728583461327187e-02 8.929202709612589495e-02
1.427548172651186831e-01 1.417739717676370637e-01 1.419778508868081157e-01 1.388148496161158152e-01 1.308396610019944561e-01
9.747862202084531247e-02 1.210300183634391014e-01 1.136495589629062664e-01 8.081411974800503661e-02 6.580102335910645306e-02
7.274144885751300527e-02 9.424184923045662854e-02 8.776621534316397799e-02 6.131052557818496285e-02 5.015237478907577651e-02
7.047450962246898376e-02 7.015103836352798439e-02 7.190042685627236196e-02 7.318956563885586908e-02 7.141101130240261330e-02
1.685435980715417614e-02 1.276676627713301503e-02 1.458239339717718602e-02 1.953960878094695985e-02 2.053081968355132542e-02
1.284524052432274013e-03 8.625671436530635760e-04 1.031110242987163823e-03 1.528106116652919308e-03 1.611181751800003269e-03
