1.744451517464323809e-01 1.744450926575793204e-01 1.744449863909096898e-01 1.744449628398356822e-01 1.744450437544664556e-01
2.213502455813636527e-01 2.213501571679875601e-01 2.213499810059597062e-01 2.213499911722809632e-01 2.213500003999996635e-01
2.037683827626687594e-01 2.037682986771712224e-01 2.037679995209720762e-01 2.037680488843521820e-01 2.037679583968874664e-01
2.004069227422308197e-01 2.004068314572855780e-01 2.004064863158049326e-01 2.004065073988214318e-01 2.004064557567415694e-01
2.000021446740599673e-01 2.000021176715110760e-01 2.000021240184904348e-01 2.000021372973615208e-01 2.000020936547566019e-01
2.000280271753859529e-01 2.000280559635392308e-01 2.000280416107974579e-01 2.000280016449685061e-01 2.000280523619804296e-01
2.000280656636748977e-01 2.000280377294631484e-01 2.000281387706104863e-01 2.000280983534516999e-01 2.000281062999550163e-01
2.000023234957346574e-01 2.000023222400192091e-01 2.000023402591165345e-01 2.000023272090248605e-01 2.000023396171382306e-01
2.004067638910936588e-01 2.004067651105715109e-01 2.004068213001926613e-01 2.004068210521516846e-01 2.004068401066860239e-01
2.037680512605980487e-01 2.037680582111559557e-01 2.037681070112357939e-01 2.037681057211464808e-01 2.037681265011710985e-01
2.213498674071006922e-01 2.213498681369128196e-01 2.213498986210694630e-01 2.213499005884271009e-01 2.213499181761484080e-01
1.744447272804751925e-01 1.744447200685025900e-01 1.744447365451663456e-01 1.744447478120183803e-01 1.744447548573360707e-01
