2.498992525512439555e-01 2.498992537358183108e-01 2.498992555773476010e-01 2.498992686873859892e-01
3.186481479694149854e-01 3.186481490938555816e-01 3.186481481073747402e-01 3.186481496871493846e-01
4.473918272700953547e-01 4.473918298902285207e-01 4.473918286413059997e-01 4.473918302483532172e-01
4.533647099673270842e-01 4.533647092523362399e-01 4.533647132932261958e-01 4.533647170917616820e-01
3.877427272822507320e-01 3.877427317593714062e-01 3.877427320490679508e-01 3.877427299305201691e-01
3.176366772358008017e-01 3.176366826692125778e-01 3.176366831126297696e-01 3.176366852112996186e-01
3.788432140700965234e-01 3.788432128719437797e-01 3.788432135215630825e-01 3.788432122679440961e-01
4.526278281307552498e-01 4.526278279712844799e-01 4.526278270389786917e-01 4.526278252380282474e-01
4.618811914291360843e-01 4.618811921302869994e-01 4.618811918822974261e-01 4.618811932037510393e-01
4.116490982533594356e-01 4.116491005055838981e-01 4.116490980718883197e-01 4.116490977609224555e-01
2.996354332850681423e-01 2.996354325898067938e-01 2.996354332250250607e-01 2.996354341307693736e-01
3.206798772288149690e-01 3.206798743842699251e-01 3.206798768032458891e-01 3.206798736908645919e-01
