4.927528070197630394e-01 4.927531062770530434e-01 4.927529359083906435e-01 4.927529895909751323e-01
4.990837738215601616e-01 4.990838078591411930e-01 4.990838783830094383e-01 4.990838825546206059e-01
4.941245405435220617e-01 4.941246793149639549e-01 4.941245789249380516e-01 4.941245792717031682e-01
4.888521854088597185e-01 4.888521453584347976e-01 4.888520462949231260e-01 4.888519593051841028e-01
4.623702400908216159e-01 4.623705832692058815e-01 4.623707102387765722e-01 4.623706705489010194e-01
4.319725150183576501e-01 4.319723572761470232e-01 4.319731160034205319e-01 4.319726302986924282e-01
4.476259554235149651e-01 4.476259118592554320e-01 4.476253074651623809e-01 4.476255777644469469e-01
4.811724239407825787e-01 4.811724424885397422e-01 4.811723137940046024e-01 4.811723155189089329e-01
4.849617559609953332e-01 4.849615814164383587e-01 4.849614269482833695e-01 4.849615014262947388e-01
4.576976804627254647e-01 4.576980979629081681e-01 4.576984602300862015e-01 4.576981537739404082e-01
3.896471876234786080e-01 3.896476425007061040e-01 3.896486441149492053e-01 3.896476607305224271e-01
3.697382831743665776e-01 3.697380620177490584e-01 3.697370424549513701e-01 3.697378523658012006e-01
