2.709311249680284531e-03 2.710594497485835277e-03 2.715710976136635150e-03 2.714433262095608708e-03
2.581058591918412512e-02 2.581402285364677376e-02 2.582769852059449076e-02 2.582429127450286757e-02
6.912867534616108645e-02 6.913148270526120465e-02 6.914249850478779158e-02 6.913979743192685823e-02
1.271872663211472410e-01 1.271899205621858375e-01 1.271998030556345805e-01 1.271974309528253189e-01
1.998502660980227830e-01 1.998509409252920421e-01 1.998525519989576560e-01 1.998522408804737915e-01
2.094576680309559180e-01 2.094394292225940923e-01 2.093668284200022323e-01 2.093851215853781700e-01
1.786653821033021006e-01 1.786419647228786045e-01 1.785495957567849734e-01 1.785726871126001036e-01
1.244442029344732803e-01 1.244444617961042582e-01 1.244454850590975270e-01 1.244452538777040818e-01
1.327567191450958195e-01 1.327617130826853620e-01 1.327784769771608031e-01 1.327747430756882063e-01
2.010070936331520008e-01 2.010125434141820100e-01 2.010299651912116348e-01 2.010262274577439001e-01
1.951654875953381107e-01 1.951708154378510029e-01 1.951900940381359473e-01 1.951855335786635282e-01
3.385294610988084929e-02 3.385511340942951031e-02 3.386349836511071132e-02 3.386142553077126777e-02
