4.519283698583160813e-01 4.519270359791509040e-01 4.519209569175659524e-01 4.519215533690121855e-01
5.028472924381959253e-01 5.028449846362712528e-01 5.028317257938658136e-01 5.028308374625738431e-01
5.395629430386891245e-01 5.395658158598155563e-01 5.395578585051770126e-01 5.395582142677175508e-01
5.313708414109289402e-01 5.313742985726225276e-01 5.313560608904167593e-01 5.313672644248490506e-01
4.871859162771934315e-01 4.871681889633860951e-01 4.871409710901350998e-01 4.871265395619343574e-01
4.723147423482851881e-01 4.723050882915315052e-01 4.723108940588286453e-01 4.723130767388915019e-01
4.860485137873770123e-01 4.860617567974891418e-01 4.860822839818954022e-01 4.861082591734773306e-01
5.304153219101209737e-01 5.304158281235615835e-01 5.304344418819647577e-01 5.304370050672748693e-01
5.322064875463023981e-01 5.322121197524776193e-01 5.321947109160158895e-01 5.322160958314275936e-01
4.898128571290473188e-01 4.898342651991974828e-01 4.898256925075323842e-01 4.898438411608100340e-01
4.900923447234509789e-01 4.900961500915689273e-01 4.901032045545162252e-01 4.901018894754605726e-01
4.862035748846860739e-01 4.862064844354398452e-01 4.862068209523192075e-01 4.862085793612810347e-01
