1.379780648920182718e-03 1.563690695600488626e-03 1.493693475556584927e-03 1.225038865138872559e-03 1.084030342439877602e-03
1.820161869355090001e-02 2.112050666252131281e-02 2.014239872176694715e-02 1.642690426810880164e-02 1.485266633189344897e-02
8.260036203959249257e-02 9.717014907215024144e-02 9.316363538049272919e-02 7.638596522961206559e-02 6.955145500828972815e-02
1.193133451436270975e-01 1.440783749130273572e-01 1.365903806118535790e-01 1.075731340915493800e-01 9.687937131374034505e-02
8.772049012344518282e-02 9.835661294567438206e-02 9.533026764667520969e-02 8.119424274934856911e-02 7.365239890032330983e-02
8.702897880172551226e-02 7.784655979640049683e-02 8.020337649249040246e-02 8.867287914971795637e-02 8.545894572751321083e-02
1.425681099069430191e-01 1.402876018013258508e-01 1.407125320668795310e-01 1.388232440942097079e-01 1.315435564193339346e-01
1.029610195844860576e-01 1.251438205212836996e-01 1.182054105997579069e-01 8.709839410655120795e-02 7.252624681619880553e-02
7.145618572268258584e-02 9.266200628248295879e-02 8.652824728898667050e-02 6.065177837427298407e-02 4.945872178735696845e-02
7.299346463901373872e-02 7.300615504702383241e-02 7.483742720125040326e-02 7.585535856459002524e-02 7.384411370165089306e-02
1.725956260151585014e-02 1.333190210089037729e-02 1.510454401353127953e-02 1.987765269712675822e-02 2.079661097907379089e-02
1.262154339830142032e-03 8.523102898792941830e-04 1.016376888167492935e-03 1.497637391944481441e-03 1.576600329030917579e-03
