2.004401112811690384e-03 2.003704038976142875e-03 2.002982152636031792e-03 2.003230597642279356e-03 2.004100972552649504e-03
2.152043351869422846e-02 2.150712521640933336e-02 2.149363726967308194e-02 2.149859600703020457e-02 2.151509240500742298e-02
9.269135269940328992e-02 9.255936072542939042e-02 9.242207980507517739e-02 9.246889149613242431e-02 9.263510486936095412e-02
1.685149270781115816e-01 1.682136035105734340e-01 1.678474411530645471e-01 1.679214249886250565e-01 1.683335369279311822e-01
1.378948845769429610e-01 1.376973248665667449e-01 1.374347288046275095e-01 1.374694991924249876e-01 1.377535369195246051e-01
1.781359769076637511e-01 1.781216545211703195e-01 1.781018908325807670e-01 1.781039485641384146e-01 1.781249648968178667e-01
1.781219947698876316e-01 1.781167500209697718e-01 1.781122163203503195e-01 1.781150153648018986e-01 1.781210069587314815e-01
1.377678647357624131e-01 1.376515157153732904e-01 1.375339651899419036e-01 1.375736612332769393e-01 1.377182757998128282e-01
1.685311079865793316e-01 1.682185994047873390e-01 1.678356055367529187e-01 1.679089330826297188e-01 1.683382134161090227e-01
9.283951408940828431e-02 9.261085785593203834e-02 9.230758715117491631e-02 9.234785426527339358e-02 9.267563255775840281e-02
2.153773775002833929e-02 2.151306807682869943e-02 2.148053265179881294e-02 2.148483254750500199e-02 2.151975303720999114e-02
2.005200130646442834e-03 2.003968897400853350e-03 2.002384308334623740e-03 2.002607239995398119e-03 2.004307277340195825e-03
