1.744449706143389178e-01 1.744449600203355211e-01 1.744448505821242223e-01 1.744448010265751414e-01 1.744448593955594262e-01
2.213500879196846904e-01 2.213500691808449883e-01 2.213498781773540758e-01 2.213498717429096263e-01 2.213498799406521389e-01
2.037682097230920919e-01 2.037681988459900673e-01 2.037679454938842449e-01 2.037679905196422836e-01 2.037679262966788640e-01
2.004068166098588732e-01 2.004068081088259679e-01 2.004066031315462626e-01 2.004065801815100023e-01 2.004065743025699731e-01
2.000022091786868572e-01 2.000022045447662211e-01 2.000023642254455669e-01 2.000023388268890312e-01 2.000023327178235555e-01
2.000281455185914659e-01 2.000281355780415826e-01 2.000281593045802331e-01 2.000281209388091452e-01 2.000281490370938720e-01
2.000281438549423307e-01 2.000281300857383315e-01 2.000281660752866175e-01 2.000281603526156970e-01 2.000281586129390443e-01
2.000023810231125743e-01 2.000023790914626509e-01 2.000023975260273590e-01 2.000023932223893852e-01 2.000024054284922082e-01
2.004067880385215494e-01 2.004067886939114584e-01 2.004068502657988526e-01 2.004068302265041013e-01 2.004068563170239570e-01
2.037680676716382977e-01 2.037680699409034346e-01 2.037681240877290967e-01 2.037681056146315728e-01 2.037681305685254407e-01
2.213498414929696012e-01 2.213498414753958254e-01 2.213498722895501092e-01 2.213498640494900860e-01 2.213498790032960573e-01
1.744446589985480522e-01 1.744446575125929155e-01 1.744446707454085366e-01 1.744446711238570036e-01 1.744446749259467300e-01
