5.000477839189477747e-01 5.000502352910017878e-01 5.000476422010261546e-01 5.000531729183427254e-01
5.000575755489933272e-01 5.000450729400467420e-01 5.000517129162537211e-01 5.000411772842483504e-01
5.000390185441189184e-01 5.000447547051969366e-01 5.000482107491082129e-01 5.000489274222417180e-01
5.000776708114766933e-01 5.000592051862394749e-01 5.000661718594922034e-01 5.000545799094302524e-01
5.000782263404959238e-01 5.001106772341510354e-01 5.000868731428755876e-01 5.001071006901024463e-01
5.001682448007747084e-01 5.001269032428358186e-01 5.001475042676890581e-01 5.001113140771565879e-01
5.000694007905868155e-01 5.000837260125133854e-01 5.000575044007556924e-01 5.000801099207868861e-01
4.999766656129429609e-01 4.999661353485381210e-01 4.999801304284668402e-01 4.999651946001230640e-01
4.999727594283425725e-01 4.999771919060887471e-01 4.999733920295075795e-01 4.999785829011099136e-01
4.999410792788676616e-01 4.999370199012477256e-01 4.999378486596869342e-01 4.999325480117548515e-01
4.997662072703892289e-01 4.997889636476848807e-01 4.997766741280827429e-01 4.997851707674623722e-01
4.998272866988440200e-01 4.998082537409568316e-01 4.998336356661227109e-01 4.998147628469662984e-01
