1.424099832064820758e-03 1.620689415546895098e-03 1.545150521466533275e-03 1.268226642294634048e-03 1.130501301787725354e-03
2.069585060068104831e-02 2.360531547848859074e-02 2.258274398926892607e-02 1.887874182578168705e-02 1.738559616360378646e-02
9.490840042418705047e-02 1.087098477512823402e-01 1.045969239665851674e-01 8.839392240942256507e-02 8.214603065263544057e-02
1.146057286515690388e-01 1.388151900074603706e-01 1.311520502064016935e-01 1.020589224046015986e-01 9.200090218874103221e-02
8.711027959861122882e-02 9.848110117417001319e-02 9.537003152735627765e-02 8.024747570929259555e-02 7.283937475565864517e-02
9.953507260930605227e-02 9.285549746721466491e-02 9.496348930054489268e-02 1.018001632140391605e-01 9.751762055751295177e-02
1.429818112860756218e-01 1.453450205319979371e-01 1.447069838998138458e-01 1.388891173751301555e-01 1.300135258967567431e-01
8.481080295965393034e-02 1.096649276013890728e-01 1.019691859774902037e-01 6.826809521488617916e-02 5.335993525075143074e-02
7.536079102890744230e-02 9.592213408312355583e-02 8.941899126851907131e-02 6.422183434165794347e-02 5.377241747027650121e-02
6.469534108010825679e-02 6.388298381022856909e-02 6.534812546876070383e-02 6.719464291115660737e-02 6.585926695833607680e-02
1.589486763983524384e-02 1.181733379452615251e-02 1.358343253556016685e-02 1.858792987920186018e-02 1.962401579911202468e-02
1.328477217307523321e-03 9.161978817902810893e-04 1.080390149019917799e-03 1.576450289896291724e-03 1.660030051163044777e-03
