2.795061353358310394e-02 2.795061358022950596e-02 2.795061359624866765e-02 2.795061341856476186e-02 2.795061324474124032e-02
1.714454871367497024e-01 1.714454868383460673e-01 1.714454870988846302e-01 1.714454863387018801e-01 1.714454854337559286e-01
2.005916918663616377e-01 2.005916908962487033e-01 2.005916916735558386e-01 2.005916913179039973e-01 2.005916888856687508e-01
2.002267192655163286e-01 2.002267198115813829e-01 2.002267183765364944e-01 2.002267196916561742e-01 2.002267168069154502e-01
1.999985467659845528e-01 1.999985503024396261e-01 1.999985459686019762e-01 1.999985487919089810e-01 1.999985476011610364e-01
1.997869484886388158e-01 1.997869521948738292e-01 1.997869471778210004e-01 1.997869497788782867e-01 1.997869522894843708e-01
1.997869466414880224e-01 1.997869504867625101e-01 1.997869474834709225e-01 1.997869484400533469e-01 1.997869498717980419e-01
1.999985445941394602e-01 1.999985473000875091e-01 1.999985463148484799e-01 1.999985465934829842e-01 1.999985471300381734e-01
2.002267123477569077e-01 2.002267154875057575e-01 2.002267131948446688e-01 2.002267141918987747e-01 2.002267153023535029e-01
2.005916817693214615e-01 2.005916891016325809e-01 2.005916848169679023e-01 2.005916876272686999e-01 2.005916888655197572e-01
1.714454798741060493e-01 1.714454867908938585e-01 1.714454824381996534e-01 1.714454856611587197e-01 1.714454870647758866e-01
2.795060968207096694e-02 2.795061359975763160e-02 2.795061171342066650e-02 2.795061337471148669e-02 2.795061406812100052e-02
