1.898877711530770271e-02 1.898877723876823964e-02 1.898877751610713802e-02 1.898877660090194514e-02
1.669338226769427613e-01 1.669338224414794181e-01 1.669338230883102014e-01 1.669338221811483003e-01
1.903649460338882604e-01 1.903649459552177181e-01 1.903649453185424223e-01 1.903649450296050483e-01
1.901993674511694987e-01 1.901993671552488774e-01 1.901993634366885011e-01 1.901993639281241155e-01
2.047567526170884222e-01 2.047567554985305072e-01 2.047567583544587788e-01 2.047567591794354769e-01
2.109885521241030570e-01 2.109885578289682484e-01 2.109885634283676925e-01 2.109885647195796077e-01
2.011456668040839113e-01 2.011456750403627092e-01 2.011456816104247036e-01 2.011456824494541606e-01
1.888221172065484843e-01 1.888221231546261258e-01 1.888221250195821488e-01 1.888221247640234357e-01
1.909441368752615997e-01 1.909441381847537256e-01 1.909441430322542932e-01 1.909441431838189429e-01
2.070922891325687742e-01 2.070922889448562343e-01 2.070922902434807478e-01 2.070922903926749603e-01
1.957669813098136535e-01 1.957669811841127872e-01 1.957669801311357760e-01 1.957669801762663420e-01
3.399656355692979443e-02 3.399656355821061710e-02 3.399656356782187333e-02 3.399656355895302323e-02
