2.513815400055478301e-03 2.510613057406627276e-03 2.498385020074467798e-03 2.501550021623099099e-03
2.108460423912294698e-02 2.103856614117078500e-02 2.086212083192612657e-02 2.090784889040242858e-02
1.676101222129521701e-02 1.607233182748622757e-02 1.342538670238926403e-02 1.411312671906232719e-02
7.825575561267390789e-02 7.555881836276058527e-02 6.518797658782428395e-02 6.788395376593306385e-02
1.947271620195451247e-01 1.934422003163010773e-01 1.885021090562160051e-01 1.897868181399272880e-01
2.001090769536111313e-01 1.999218770984788618e-01 1.992026696462519397e-01 1.993901069703996332e-01
1.711878061716098631e-01 1.711341090221463190e-01 1.709332470262874271e-01 1.709873141913482997e-01
6.432718298027553794e-02 6.498932126591097647e-02 6.754959977014383943e-02 6.688703486356240013e-02
6.618958596939053529e-02 6.905635652962878457e-02 8.008723232013839621e-02 7.721955483091016981e-02
1.535823869922691709e-01 1.548916486666603587e-01 1.599356598519659223e-01 1.586261764717696032e-01
2.882969692947125531e-02 2.893247335020404307e-02 2.933435522025628142e-02 2.923154777661980674e-02
2.442688421392243299e-03 2.448657380444810121e-03 2.472227571175097255e-03 2.466250824488312385e-03
