4.927513859648153804e-01 4.927513927194309140e-01 4.927512302923819365e-01 4.927512709068028185e-01
4.990828222312976847e-01 4.990828017698201169e-01 4.990827773493085595e-01 4.990828673547609284e-01
4.941243055248942806e-01 4.941243410638678224e-01 4.941242708193018252e-01 4.941242721736501808e-01
4.888513423714371808e-01 4.888512326184646928e-01 4.888512258945936217e-01 4.888510974718985880e-01
4.623699450485876383e-01 4.623699779816561883e-01 4.623698892645431435e-01 4.623699755987828452e-01
4.319732642980946835e-01 4.319730320533816670e-01 4.319732165623110243e-01 4.319731590397501986e-01
4.476263197416215367e-01 4.476264372759679588e-01 4.476262032887994846e-01 4.476262393137412920e-01
4.811725577216229843e-01 4.811726148996717245e-01 4.811725596561569063e-01 4.811725082512604001e-01
4.849615912316857513e-01 4.849614517372830558e-01 4.849614141921054222e-01 4.849613816373427588e-01
4.576976407971491967e-01 4.576977650198187919e-01 4.576980027672874485e-01 4.576978779601135749e-01
3.896483425256239697e-01 3.896484113837896945e-01 3.896488560814460600e-01 3.896485824285208510e-01
3.697406241179640451e-01 3.697408559069341183e-01 3.697400909304447425e-01 3.697405747600986392e-01
