2.028062027629415429e-03 2.006260348033832384e-03 1.985093639704543517e-03 1.991220006926319036e-03 2.017513053958346330e-03
2.198179917926819729e-02 2.156354575541199678e-02 2.114227361943967626e-02 2.127249992271487006e-02 2.178856818775009446e-02
9.685707133829701831e-02 9.282734538965718707e-02 8.868037503570455615e-02 8.990975679085957961e-02 9.492432961320980411e-02
1.761931010825754096e-01 1.687291241489251026e-01 1.600764113274920908e-01 1.617152093227739451e-01 1.715888839577919267e-01
1.429964135399022229e-01 1.388981399223430391e-01 1.335271438756510942e-01 1.341202124750031366e-01 1.399362848824035055e-01
1.785315375072248911e-01 1.783025466381491508e-01 1.778866170307418781e-01 1.779285701996785873e-01 1.783387926907685495e-01
1.783315009717936495e-01 1.781696241240055822e-01 1.779465842461666891e-01 1.780405926077987255e-01 1.782921763313001506e-01
1.413482193906762940e-01 1.378633676622410265e-01 1.342621404492167769e-01 1.353335485526390713e-01 1.396784760830403205e-01
1.763886277620805021e-01 1.688397394914490923e-01 1.599708523025096252e-01 1.615586179282158252e-01 1.716111622424381089e-01
9.880476800375244395e-02 9.405496056708644026e-02 8.786177293752105155e-02 8.854610578452797032e-02 9.525657312642858698e-02
2.223802083193315848e-02 2.173507613022312296e-02 2.107762470338882949e-02 2.114677081557316679e-02 2.185505686632025282e-02
2.040147105695327458e-03 2.014324076879980309e-03 1.982366966186341166e-03 1.985821158570384715e-03 2.020678270369518151e-03
