1.775719127756952009e-01 1.775737545968119890e-01 1.775280283532384706e-01 1.774980143258869936e-01 1.775247595730502781e-01
2.334339644958875748e-01 2.334410369636889526e-01 2.332526879272782128e-01 2.331291468141043488e-01 2.332391968349388223e-01
2.452813283984796311e-01 2.452986735080733283e-01 2.446517738536654329e-01 2.442316281428897340e-01 2.446109766189311641e-01
2.886530406607579202e-01 2.887809018090519153e-01 2.877839204603018786e-01 2.870040436917828952e-01 2.874886886450914170e-01
2.421973446485178871e-01 2.423713854918707056e-01 2.417743565922152726e-01 2.412079269526750946e-01 2.414278889216555646e-01
2.146098350147226386e-01 2.147158776305511385e-01 2.145906229387332387e-01 2.144345363479387978e-01 2.144773951055900241e-01
2.144839722978589269e-01 2.145878197924430686e-01 2.146788064611231950e-01 2.146675750291178741e-01 2.145873722140302919e-01
2.414907838515109872e-01 2.416912375490630482e-01 2.421409584897118994e-01 2.422612653608067490e-01 2.419022165449727924e-01
2.875515688011842097e-01 2.877219891208140923e-01 2.882069169512901374e-01 2.883529144663415367e-01 2.879655317888950572e-01
2.446362340054548112e-01 2.446839335820331640e-01 2.448572243343085653e-01 2.449195359651372972e-01 2.447875573011434602e-01
2.332356136310600458e-01 2.332517619326492653e-01 2.333048150355287731e-01 2.333226603814883282e-01 2.332820923041842853e-01
1.775178200916910087e-01 1.775220146859250447e-01 1.775349620791007998e-01 1.775390887480142732e-01 1.775291091090892281e-01
