6.680100408529680584e-04 6.626925716719313545e-04 6.549559115601795867e-04 6.722152093745701858e-04 6.537350374151940048e-04
1.393118381287425378e-02 1.387102755925731165e-02 1.378831378232554458e-02 1.397604983534454087e-02 1.378029180056890117e-02
7.448823004480731313e-02 7.389511657995818938e-02 7.314947341257746483e-02 7.484798236856274323e-02 7.317874948387059764e-02
8.275498833796175735e-02 8.073987504047235031e-02 7.885503753662208293e-02 8.301359399418245522e-02 8.014931132453649576e-02
1.850125110233627815e-02 1.686363931450618123e-02 1.555178180065357012e-02 1.838662752693998731e-02 1.701592671193008499e-02
3.043012148623903870e-03 2.616501971418363093e-03 2.091023262190765206e-03 3.242295882460965919e-03 2.165214119462317583e-03
1.913373021263945623e-02 1.880908483362566525e-02 1.832378466191505323e-02 1.939663689324847701e-02 1.823652528129961203e-02
9.137695862985699413e-02 9.064404828894492838e-02 8.969542970283983507e-02 9.184489023643724326e-02 8.970106613518610827e-02
8.556556466190283483e-02 8.364313911082782438e-02 8.179571664896148619e-02 8.588278587197328839e-02 8.293959899196462482e-02
1.722589533728532268e-02 1.585328780078329794e-02 1.479529981648608841e-02 1.708073405210363063e-02 1.608248393524577130e-02
1.015929323328726040e-03 8.654303347564011335e-04 7.467638573529104601e-04 1.002909597329479895e-03 8.835986966759174551e-04
5.810280992838584048e-05 4.873094740858531547e-05 3.940373967878379465e-05 5.974413766382840523e-05 4.461792703458852165e-05
