2.318308497662514289e-01 2.318308803456585188e-01 2.318309000661438191e-01 2.318308958512593776e-01 2.318308887527091577e-01
2.456942465186937874e-01 2.456942347694818785e-01 2.456942654951063953e-01 2.456942618035953541e-01 2.456942257457268852e-01
2.182496374670421513e-01 2.182496492605107696e-01 2.182496451442735297e-01 2.182496191758035997e-01 2.182496222661286511e-01
2.519394005352546539e-01 2.519394396879054421e-01 2.519394680358146843e-01 2.519394659615577514e-01 2.519394512896032667e-01
2.051688198334597202e-01 2.051688538620585478e-01 2.051688932656772213e-01 2.051689078041629422e-01 2.051688899555086099e-01
2.471168251876833533e-01 2.471168431161298862e-01 2.471169071189932009e-01 2.471168984632308718e-01 2.471168572882289638e-01
2.471168898516541423e-01 2.471168479306208310e-01 2.471168884439250701e-01 2.471168905357156720e-01 2.471168246055888140e-01
2.051688776941355263e-01 2.051688837646974406e-01 2.051688713417893217e-01 2.051688607599538305e-01 2.051688573573094698e-01
2.519394230305995186e-01 2.519394580724247934e-01 2.519394896156104124e-01 2.519395003551593848e-01 2.519394755894915905e-01
2.182496080148485229e-01 2.182496295548314036e-01 2.182496574481753993e-01 2.182496628143022754e-01 2.182496433081420606e-01
2.456942703702371944e-01 2.456942768691058321e-01 2.456942923874709528e-01 2.456942887869531245e-01 2.456942748810202748e-01
2.318309374968823000e-01 2.318309245317209111e-01 2.318309228832662883e-01 2.318309185298799424e-01 2.318309093409385291e-01
