1.743370305821128341e-01 1.743370321558062874e-01 1.743370326437850559e-01 1.743370282220160217e-01 1.743370196853381848e-01
2.215310520570304142e-01 2.215310510657168275e-01 2.215310460557306516e-01 2.215310459243355345e-01 2.215310219294203131e-01
2.041658208144905562e-01 2.041658078220266737e-01 2.041658147448614791e-01 2.041658151908531671e-01 2.041657817581535861e-01
2.008777963600039129e-01 2.008777782733446871e-01 2.008777915317746798e-01 2.008777871793905601e-01 2.008777610695536286e-01
2.001191637422469749e-01 2.001191516957907535e-01 2.001191579857291847e-01 2.001191471608914085e-01 2.001191563938649332e-01
1.989693360577905468e-01 1.989693250467256258e-01 1.989693280306179812e-01 1.989693255246069714e-01 1.989693184133194126e-01
1.989693269843331169e-01 1.989693284164527620e-01 1.989693460113057533e-01 1.989693577835066896e-01 1.989693528285728930e-01
2.001191350518009560e-01 2.001191543281656271e-01 2.001191709456201784e-01 2.001191822846841162e-01 2.001191799688187278e-01
2.008777512165206003e-01 2.008777687712537952e-01 2.008777781899660775e-01 2.008777833275849078e-01 2.008777847536634131e-01
2.041657759509744596e-01 2.041657823401872296e-01 2.041657911152208460e-01 2.041657942612276067e-01 2.041657966093656795e-01
2.215309553289962208e-01 2.215309549910876308e-01 2.215309667212198574e-01 2.215309702759162003e-01 2.215309714233102689e-01
1.743368194571358332e-01 1.743368185876333076e-01 1.743368242142497859e-01 1.743368265189029487e-01 1.743368262251583367e-01
