5.803392028282592079e-04 5.803417253924062500e-04 5.803449153099162925e-04 5.803380120556555317e-04 5.803376149899575022e-04
1.185978625108822203e-02 1.185981630365445447e-02 1.185984589589260223e-02 1.185977637248989726e-02 1.185976963448540089e-02
5.703966901368911352e-02 5.703964008638936350e-02 5.703977177933856890e-02 5.703959669610219468e-02 5.703963371093240253e-02
4.585530813123373656e-02 4.585507643449538567e-02 4.585536439947691945e-02 4.585511891233232107e-02 4.585523177427877628e-02
6.786942602367893040e-02 6.786912250735456509e-02 6.786944419920816485e-02 6.786920483304494101e-02 6.786931028683583500e-02
1.679573824630670176e-02 1.679557664774328912e-02 1.679581568451444379e-02 1.679558719790404803e-02 1.679565403046595282e-02
1.679562428161304050e-02 1.679572708515849125e-02 1.679596282491128273e-02 1.679552894925503276e-02 1.679552996903105333e-02
6.786924336393465595e-02 6.786933262656266730e-02 6.786963204361673441e-02 6.786911629177289074e-02 6.786919163225424434e-02
4.585525039920369805e-02 4.585511306045501889e-02 4.585538183549575653e-02 4.585509763785379500e-02 4.585526377003600745e-02
5.703970303185650070e-02 5.703958616838293583e-02 5.703971715102944956e-02 5.703961936997735405e-02 5.703969428388868529e-02
1.185981180454400395e-02 1.185978040294947619e-02 1.185981107833530314e-02 1.185979098177082115e-02 1.185980188749535293e-02
5.803414980664046941e-04 5.803385156057293487e-04 5.803418263010516219e-04 5.803393219228429037e-04 5.803403832077094239e-04
