2.522548527158210204e-03 2.517180460988760991e-03 2.495976483602946328e-03 2.501355567566988878e-03
2.124322352168691100e-02 2.116571568838054168e-02 2.085991173085920483e-02 2.093751137706821239e-02
1.881981818727970421e-02 1.763599934770266123e-02 1.306139831909742220e-02 1.424535910294427547e-02
8.337917715115240880e-02 7.872696533573954325e-02 6.081118908159790365e-02 6.546347868174307028e-02
1.959089211478321768e-01 1.936909953685426733e-01 1.851559648037199857e-01 1.873726056003879314e-01
2.003062609064663324e-01 1.999828551949301148e-01 1.987401482014007070e-01 1.990611701541151468e-01
1.713684403941197754e-01 1.712896552480956402e-01 1.709374796923016360e-01 1.710164192990198673e-01
6.405445058619807508e-02 6.523213487194731708e-02 6.964794005221032480e-02 6.847166697258126600e-02
6.146826927492782255e-02 6.643708198286045474e-02 8.550586808170690389e-02 8.053780728322729177e-02
1.500130306275260783e-01 1.522800754192713268e-01 1.609901983361471389e-01 1.587237199770615281e-01
2.847229967387738744e-02 2.865104749772907217e-02 2.933750029152739150e-02 2.915896532183118173e-02
2.424846117386747057e-03 2.435264161237316385e-03 2.475249885087108317e-03 2.464859010155389350e-03
