4.837732607607690416e-01 4.837730489995969441e-01 4.837729565676593402e-01 4.837730181204187851e-01
4.757156849379525765e-01 4.757155338619130647e-01 4.757155737325500788e-01 4.757155480811398607e-01
4.907216306936574846e-01 4.907215253995863558e-01 4.907214348556099281e-01 4.907215013293192429e-01
4.697145989111918829e-01 4.697144715849316254e-01 4.697144712620308082e-01 4.697144451907069307e-01
3.880321976407644091e-01 3.880324504491963200e-01 3.880324619835552880e-01 3.880324467357041951e-01
3.336393091390377763e-01 3.336391210416339570e-01 3.336392339692086373e-01 3.336390644342922540e-01
4.002740105092573164e-01 4.002740164685358315e-01 4.002738285301005727e-01 4.002739507079283166e-01
4.576569063768760603e-01 4.576568748135170783e-01 4.576568639430647067e-01 4.576568326480813242e-01
4.624852149719164696e-01 4.624852261600319037e-01 4.624852177338018566e-01 4.624852223328193013e-01
4.139893140136552963e-01 4.139893190378270416e-01 4.139893098040398067e-01 4.139893127619502233e-01
3.000879626975129777e-01 3.000879350394090039e-01 3.000879263469691249e-01 3.000879105480206421e-01
3.239104955989273171e-01 3.239104829310212597e-01 3.239104377639915877e-01 3.239104385785586682e-01
