3.599434015485821203e-01 3.599522573607272791e-01 3.599467701591743118e-01 3.599541409007279147e-01 3.599667116051554205e-01
3.546035459879693930e-01 3.546007648376852672e-01 3.546007610596380588e-01 3.545994655831452014e-01 3.545993715678695812e-01
3.210568134269993212e-01 3.210661810607587374e-01 3.210644938811014759e-01 3.210633095707792206e-01 3.210851478571218331e-01
3.902915766838302436e-01 3.902906323746701545e-01 3.902905603088342446e-01 3.902961549340770442e-01 3.902932034076402878e-01
3.845438643920573996e-01 3.845349574249284363e-01 3.845378614984580334e-01 3.845413784469700058e-01 3.845287084369597430e-01
3.895343113369441057e-01 3.895395981791042739e-01 3.895365797874099645e-01 3.895373294635958161e-01 3.895420518274919086e-01
3.895301188629383127e-01 3.895257941480966823e-01 3.895266010831834325e-01 3.895272795444383873e-01 3.895207293733881082e-01
3.845353043706850604e-01 3.845371186582027812e-01 3.845375390019676320e-01 3.845340093741489995e-01 3.845348114346621715e-01
3.902847081415084518e-01 3.902817246149021257e-01 3.902841024177049478e-01 3.902874697500166579e-01 3.902833014169319603e-01
3.210922983102911799e-01 3.210819423617080060e-01 3.210844811634482876e-01 3.210884576673892488e-01 3.210773686332207277e-01
3.546086292765195380e-01 3.546055236372935848e-01 3.546075027430816706e-01 3.546098377811773283e-01 3.546068249689056651e-01
3.599772489203408865e-01 3.599702621422083970e-01 3.599734823225767544e-01 3.599756422185335092e-01 3.599679807508230356e-01
