2.004766395702942475e-03 2.003725236244630233e-03 2.002626847394419797e-03 2.002997197204615769e-03 2.004311712688612059e-03
2.152745271001686375e-02 2.150741083943408932e-02 2.148680067370513369e-02 2.149418708801686256e-02 2.151921851125057975e-02
9.276092436537276831e-02 9.256253377517606462e-02 9.235441662752297276e-02 9.242377648514936428e-02 9.267474724649300832e-02
1.686746549829128416e-01 1.682352247999265304e-01 1.676997603680932536e-01 1.678071161721180482e-01 1.684091677219647087e-01
1.380018336673441703e-01 1.377192587599073703e-01 1.373422165507125481e-01 1.373912840005738489e-01 1.377982373544591188e-01
1.781438899767660844e-01 1.781236732662980216e-01 1.780953468561461139e-01 1.780981663517312852e-01 1.781281760558049709e-01
1.781247189120398200e-01 1.781165715769029712e-01 1.781095581716864440e-01 1.781136890908665560e-01 1.781230824907072685e-01
1.378273203178351225e-01 1.376549417739908743e-01 1.374740879863339538e-01 1.375342002965076749e-01 1.377523699634101706e-01
1.686982080399667128e-01 1.682429747080440852e-01 1.676829877230408827e-01 1.677891545916765093e-01 1.684153984186183006e-01
9.296375351432158152e-02 9.263658417383277555e-02 9.220104803164155816e-02 9.225737251526627825e-02 9.272813993724526860e-02
2.155113164250688565e-02 2.151605112099943748e-02 2.146944087488202729e-02 2.147525178453607228e-02 2.152551803637520189e-02
2.005856793604343137e-03 2.004113307024899503e-03 2.001840958084737804e-03 2.002135363583072442e-03 2.004595288350939121e-03
