1.787767632247848001e-02 1.787767514002897712e-02 1.787767638137025342e-02 1.787767500801079948e-02
1.521520840661315099e-01 1.521520822861069933e-01 1.521520841064312457e-01 1.521520740407473204e-01
7.998014887726163924e-02 7.998022458952153135e-02 7.998014829562352657e-02 7.998002924168297334e-02
8.004327737390021236e-02 8.004360209495468836e-02 8.004327529247881601e-02 8.004283942533618745e-02
1.902326854369158493e-01 1.902328155430313972e-01 1.902326844993313670e-01 1.902325308092407408e-01
2.097413665982480746e-01 2.097413805675215071e-01 2.097413666711054059e-01 2.097414035052737880e-01
1.904850049973115245e-01 1.904849726053094439e-01 1.904850058498039067e-01 1.904851017032410665e-01
7.942812797414035286e-02 7.942804553727808581e-02 7.942812964083634242e-02 7.942827500247787165e-02
7.979001926137965772e-02 7.978999475140506614e-02 7.979001985993322554e-02 7.979010032044786538e-02
1.923044758647256824e-01 1.923044801180213148e-01 1.923044760043174650e-01 1.923045018759869107e-01
1.942136795932813964e-01 1.942136854994914452e-01 1.942136796350273642e-01 1.942136834154773173e-01
3.375143323363769682e-02 3.375143357493167601e-02 3.375143323743469426e-02 3.375143427140329944e-02
