4.837717571437588071e-01 4.837717719867610233e-01 4.837717575990987395e-01 4.837717599352578945e-01
4.757147056627386572e-01 4.757147029097262281e-01 4.757147076368573035e-01 4.757146993952555691e-01
4.907213097985214656e-01 4.907213102966629936e-01 4.907213058907969883e-01 4.907213030698984735e-01
4.697144795436105635e-01 4.697144843019024352e-01 4.697144793298477783e-01 4.697144782429982790e-01
3.880326317039302642e-01 3.880326440864643733e-01 3.880326520885543640e-01 3.880326586125449340e-01
3.336400476157146411e-01 3.336400446287007826e-01 3.336400378690622670e-01 3.336400369638121699e-01
4.002744902346144773e-01 4.002744891773118430e-01 4.002744851496913281e-01 4.002744776749403433e-01
4.576570451263927142e-01 4.576570449252260753e-01 4.576570397473221363e-01 4.576570370120363052e-01
4.624852525684148841e-01 4.624852525713051832e-01 4.624852506365726978e-01 4.624852507479969010e-01
4.139893505049206390e-01 4.139893522233628609e-01 4.139893507350202451e-01 4.139893512265681585e-01
3.000882013383203706e-01 3.000882018817803143e-01 3.000881948470531246e-01 3.000881969522282700e-01
3.239107363042881826e-01 3.239107300048916227e-01 3.239107297140034758e-01 3.239107223834538085e-01
