2.795061656430729291e-02 2.795061655614470078e-02 2.795061653408413907e-02 2.795061653216724187e-02 2.795061653800416657e-02
1.714454854006902396e-01 1.714454853750802810e-01 1.714454852903165849e-01 1.714454852654050121e-01 1.714454852515388261e-01
2.005916877577406665e-01 2.005916877197226056e-01 2.005916876073896293e-01 2.005916875593247717e-01 2.005916874905595004e-01
2.002267165708022378e-01 2.002267165753608413e-01 2.002267165771627888e-01 2.002267164710085090e-01 2.002267165155492412e-01
1.999985473795000412e-01 1.999985474138859520e-01 1.999985475122910694e-01 1.999985473485847987e-01 1.999985475630008669e-01
1.997869472316742001e-01 1.997869472904227617e-01 1.997869474074173701e-01 1.997869472970884575e-01 1.997869474879857277e-01
1.997869473140321539e-01 1.997869474129193579e-01 1.997869474707784643e-01 1.997869474175638926e-01 1.997869475377583026e-01
1.999985474655608941e-01 1.999985474893899995e-01 1.999985475090910736e-01 1.999985474923132167e-01 1.999985475189644535e-01
2.002267161395807349e-01 2.002267162460234506e-01 2.002267162991619720e-01 2.002267161762709136e-01 2.002267164031778235e-01
2.005916867850118246e-01 2.005916869556620130e-01 2.005916870648957739e-01 2.005916869880797482e-01 2.005916873489968777e-01
1.714454846186680703e-01 1.714454846737830385e-01 1.714454848552888488e-01 1.714454848854564117e-01 1.714454851863389528e-01
2.795061595998655363e-02 2.795061600868026935e-02 2.795061616278029376e-02 2.795061622759014569e-02 2.795061630197799574e-02
