2.026822999179623830e-01 2.026823013438354137e-01 2.026823031121700036e-01 2.026823016111120035e-01
2.366902762987713460e-01 2.366902778177803479e-01 2.366902801280570123e-01 2.366902788659711321e-01
2.144101346366393546e-01 2.144101317528575856e-01 2.144101303580855933e-01 2.144101307423317837e-01
2.068910560619390826e-01 2.068910504228148040e-01 2.068910498576856938e-01 2.068910486627440204e-01
2.158053027306915950e-01 2.158052968565939700e-01 2.158052949413864219e-01 2.158052940262746300e-01
2.177150287868262757e-01 2.177150269436156915e-01 2.177150248438912694e-01 2.177150245730644917e-01
2.251461864536611346e-01 2.251461877337840034e-01 2.251461877725654259e-01 2.251461874886671599e-01
2.306598336984060915e-01 2.306598327987575969e-01 2.306598287599765651e-01 2.306598270215359514e-01
2.306598376777909132e-01 2.306598370936761566e-01 2.306598415351692188e-01 2.306598417774367304e-01
2.251461885923942141e-01 2.251461888013933932e-01 2.251461887092342240e-01 2.251461885395890927e-01
2.177150266921462907e-01 2.177150271602778520e-01 2.177150268411307543e-01 2.177150264794035228e-01
2.158052854879675131e-01 2.158052860689129437e-01 2.158052861962559132e-01 2.158052854784117125e-01
2.068910006602785179e-01 2.068910012055775460e-01 2.068909955462816808e-01 2.068909945927893679e-01
2.144100537413836660e-01 2.144100529577731840e-01 2.144100597680506926e-01 2.144100619617713421e-01
2.366902310607046089e-01 2.366902319226593387e-01 2.366902341744520633e-01 2.366902344847282014e-01
2.026822663811921055e-01 2.026822669814534184e-01 2.026822672786589841e-01 2.026822671305365808e-01
