2.216461981318319230e-01 2.216461980943487953e-01 2.216461987239808085e-01 2.216461980115712049e-01 2.216461977975203723e-01
2.354323054347790822e-01 2.354323048303067767e-01 2.354323052390927817e-01 2.354323038014105307e-01 2.354323038767548171e-01
2.175882311490637266e-01 2.175882315491687036e-01 2.175882307908792446e-01 2.175882287794673742e-01 2.175882285336036281e-01
2.391946623705106800e-01 2.391946636257774872e-01 2.391946607793243307e-01 2.391946616136306492e-01 2.391946619905028215e-01
2.030350598828633280e-01 2.030350600210319711e-01 2.030350601560657886e-01 2.030350604074332432e-01 2.030350604665697722e-01
2.502209373955384675e-01 2.502209382129431114e-01 2.502209385416000464e-01 2.502209358021174057e-01 2.502209360436674634e-01
2.095888834259394540e-01 2.095888821079945064e-01 2.095888820400652608e-01 2.095888788797557467e-01 2.095888798334326619e-01
2.232937594807962167e-01 2.232937591101627206e-01 2.232937585623934462e-01 2.232937560454222037e-01 2.232937550934934456e-01
2.232937542641436901e-01 2.232937553742160852e-01 2.232937515784785554e-01 2.232937534471976238e-01 2.232937539995037968e-01
2.095888809905712413e-01 2.095888809871021552e-01 2.095888802443253152e-01 2.095888803791725874e-01 2.095888809730998836e-01
2.502209271527227052e-01 2.502209274941942785e-01 2.502209265766269231e-01 2.502209237503922323e-01 2.502209251218052155e-01
2.030350587715917254e-01 2.030350568931547361e-01 2.030350559799966037e-01 2.030350535957931579e-01 2.030350550925444642e-01
2.391946542998309722e-01 2.391946523863415497e-01 2.391946515028626208e-01 2.391946505278249591e-01 2.391946505994570482e-01
2.175882187760949660e-01 2.175882207343932673e-01 2.175882191374302888e-01 2.175882200462779248e-01 2.175882217383002248e-01
2.354322972889037469e-01 2.354323000289011980e-01 2.354322995657147088e-01 2.354322993879194581e-01 2.354323005140684377e-01
2.216461806341606389e-01 2.216461808450665150e-01 2.216461811318415631e-01 2.216461805075607694e-01 2.216461810476679228e-01
