1.775011904753283354e-01 1.774996764012110595e-01 1.774960143803009927e-01 1.774952443479412001e-01 1.774984089632785367e-01
2.333897154511164473e-01 2.333835547671889443e-01 2.333685381671938008e-01 2.333653712894594445e-01 2.333783240466802134e-01
2.449086980729941188e-01 2.448895481055041734e-01 2.448426596758148110e-01 2.448327515207652239e-01 2.448731399693483413e-01
2.871475134727984879e-01 2.870830327859190123e-01 2.869246109458266636e-01 2.868908631667992926e-01 2.870270222983896669e-01
2.416576769376055644e-01 2.415911138804216762e-01 2.414292131090154947e-01 2.413950171093348918e-01 2.415336937699052167e-01
2.121829934967728593e-01 2.121614011485924434e-01 2.121100246603027928e-01 2.120994209800608765e-01 2.121431998966494259e-01
2.030351865694110247e-01 2.030277811434797464e-01 2.030105641162015528e-01 2.030071182571988597e-01 2.030219617899665097e-01
2.011282139613264630e-01 2.011255323530943551e-01 2.011204259856588517e-01 2.011200533235951993e-01 2.011247711961459406e-01
2.030953706681968285e-01 2.030942016321543309e-01 2.030944119956051286e-01 2.030959803059846080e-01 2.030966987135407464e-01
2.122544195677397716e-01 2.122525522538035170e-01 2.122578046093389348e-01 2.122630679555215505e-01 2.122612220832304775e-01
2.414442963932646458e-01 2.414389126608262326e-01 2.414562328503129518e-01 2.414723976921354653e-01 2.414652133072325568e-01
2.855510120742080216e-01 2.855458581037066956e-01 2.855625140935886264e-01 2.855781936691665357e-01 2.855711472445545129e-01
2.418679897564053882e-01 2.418664700586034277e-01 2.418716653291088647e-01 2.418767194934662579e-01 2.418744283742509937e-01
2.159288118958266334e-01 2.159283403048891381e-01 2.159300266905131993e-01 2.159316669161045754e-01 2.159309628195007491e-01
2.242719999669087194e-01 2.242718730477548106e-01 2.242724246939265254e-01 2.242729469855435365e-01 2.242727294250146941e-01
1.749915373888852876e-01 1.749915142725547434e-01 1.749916525518462884e-01 1.749917707468055250e-01 1.749917194196188575e-01
