4.831631871055405703e-01 4.831630113967240736e-01 4.831833193428882733e-01 4.831744930516424508e-01
4.740328479044502163e-01 4.740341221232718394e-01 4.740147293846819765e-01 4.740230515857776217e-01
4.906142569417602517e-01 4.906152484449354811e-01 4.906129868550223039e-01 4.906153444252687179e-01
4.699466317063867860e-01 4.699420240432511942e-01 4.699369375124521353e-01 4.699307180891379998e-01
3.873795939839304037e-01 3.873765480180897947e-01 3.873715477189714762e-01 3.873704085244521478e-01
3.350470063266062226e-01 3.350291230830386158e-01 3.350269688781565280e-01 3.350110974844391354e-01
4.003854155890309019e-01 4.003855534549246586e-01 4.003736306011491108e-01 4.003851683920308657e-01
4.595860892984931501e-01 4.595852826455626983e-01 4.595883890125955773e-01 4.595869261811305062e-01
4.596041450187124400e-01 4.596042887625892970e-01 4.596045624623075754e-01 4.596075443836461494e-01
4.004497527694970138e-01 4.004498683390506075e-01 4.004500725980135734e-01 4.004518824256880216e-01
3.351086243552215405e-01 3.351051266542531826e-01 3.351027612920732257e-01 3.351047767777036723e-01
3.873608848413066519e-01 3.873642486760475734e-01 3.873682581789426038e-01 3.873670630647263469e-01
4.699049386467818445e-01 4.699058731838202108e-01 4.699073445457207510e-01 4.699063000577812788e-01
4.905466886495336021e-01 4.905480611901316124e-01 4.905478644276449196e-01 4.905475511278722944e-01
4.738639541681771705e-01 4.738609432274666355e-01 4.738664466483201165e-01 4.738687905523666921e-01
4.830344536833184321e-01 4.830382608251597154e-01 4.830311808843660848e-01 4.830258284761544951e-01
