2.222262820766359170e-01 2.222262693073240314e-01 2.222262743503004290e-01 2.222262790789567843e-01
2.873170469411889805e-01 2.873170649518873021e-01 2.873170445318863342e-01 2.873170427167581753e-01
3.535617744946404906e-01 3.535618041275592760e-01 3.535617467818359949e-01 3.535617836950503690e-01
4.036260012079287973e-01 4.036259278886278890e-01 4.036259588546733390e-01 4.036258740118628396e-01
2.801562081185479669e-01 2.801560229468516572e-01 2.801561760775305721e-01 2.801561130147171563e-01
3.038443766085952014e-01 3.038443637670361075e-01 3.038443701593445678e-01 3.038443732888780890e-01
2.688381204652314782e-01 2.688381218534138806e-01 2.688381809157776581e-01 2.688381447447703021e-01
3.804303850339193493e-01 3.804302902832767952e-01 3.804303193238708358e-01 3.804303225063461746e-01
3.804303127563500309e-01 3.804303060598536179e-01 3.804303068049614267e-01 3.804303985633803453e-01
2.688381368582073994e-01 2.688382071796877049e-01 2.688381094379214686e-01 2.688381316221341022e-01
3.038443668598968528e-01 3.038443578267992495e-01 3.038443646450729174e-01 3.038443711754811316e-01
2.801561411253702394e-01 2.801561071772088463e-01 2.801560869643875407e-01 2.801561775105433916e-01
4.036258695175753419e-01 4.036259131838936254e-01 4.036259243168696109e-01 4.036259277793752820e-01
3.535617620096579428e-01 3.535617527212594480e-01 3.535617842900874996e-01 3.535617790580263819e-01
2.873170504191591701e-01 2.873170559736246132e-01 2.873170547525245588e-01 2.873170458416802742e-01
2.222262846234329126e-01 2.222262791458320397e-01 2.222262817022147008e-01 2.222262879724558882e-01
