2.007377312676687509e-01 2.007378269215427391e-01 2.007379137807361880e-01 2.007378629515924051e-01
2.286525595671585753e-01 2.286527309158105925e-01 2.286528346867617856e-01 2.286527842696229884e-01
1.937356669186301172e-01 1.937357903385466817e-01 1.937358518255760942e-01 1.937358233373704108e-01
1.898737061832568296e-01 1.898737935530834531e-01 1.898738541774195598e-01 1.898737749061473745e-01
2.047027659768453911e-01 2.047027568357455418e-01 2.047028093263164594e-01 2.047028135374945323e-01
2.124813487069301399e-01 2.124814246679326835e-01 2.124815870075066337e-01 2.124813963307204678e-01
2.047000950984008971e-01 2.047001174179005067e-01 2.047001287217261878e-01 2.047001728579318780e-01
1.876565833823679308e-01 1.876566420322377249e-01 1.876565414474162530e-01 1.876565592777014180e-01
1.889108444221740957e-01 1.889109883423054081e-01 1.889108967892536295e-01 1.889109950917696457e-01
2.050559371392833008e-01 2.050559206691368597e-01 2.050559289646357863e-01 2.050560000918024151e-01
2.122207373943859610e-01 2.122207369677006905e-01 2.122206982890408045e-01 2.122207109718630136e-01
2.046880043322658327e-01 2.046879522948726049e-01 2.046880631926910055e-01 2.046879391452717245e-01
1.896748702239552109e-01 1.896748483133172958e-01 1.896748847719442743e-01 1.896748952900738916e-01
1.897335692381461880e-01 1.897335650883899272e-01 1.897335214839384332e-01 1.897335849351717840e-01
1.670562644255290663e-01 1.670562240919777619e-01 1.670560852070999414e-01 1.670561994644924608e-01
2.011876422290632613e-02 2.011873964997745734e-02 2.011866404182914222e-02 2.011871722677663343e-02
