2.798073548001163424e-02 2.798073710794160909e-02 2.798073649243915453e-02 2.798073148465499496e-02 2.798073200731782464e-02
1.715280608706137855e-01 1.715280642772256670e-01 1.715280618661577383e-01 1.715280462988943988e-01 1.715280481414920288e-01
2.007021125602206357e-01 2.007021111617838249e-01 2.007021087683079352e-01 2.007020955205877644e-01 2.007020977573264753e-01
2.003937847628421698e-01 2.003937774979727970e-01 2.003937932039646930e-01 2.003937690120828063e-01 2.003937679845976538e-01
2.002300781648979899e-01 2.002300643374778644e-01 2.002300737963149668e-01 2.002300285357259679e-01 2.002300286120994866e-01
2.000250835213580325e-01 2.000250659221568805e-01 2.000251048592401604e-01 2.000250181077763145e-01 2.000250135153709974e-01
1.998519122082803856e-01 1.998518970218388369e-01 1.998519268320365083e-01 1.998519857457924098e-01 1.998519595686825412e-01
1.992877593665644542e-01 1.992877616565754684e-01 1.992877317478693178e-01 1.992880812433273363e-01 1.992880718213311808e-01
1.992878341595723524e-01 1.992878439133366764e-01 1.992878379496016705e-01 1.992882576410031914e-01 1.992882846335158054e-01
1.998520676709840127e-01 1.998520639866492588e-01 1.998521014424543274e-01 1.998523463791137822e-01 1.998523843398318234e-01
2.000252435487114011e-01 2.000252688305582394e-01 2.000252887497195597e-01 2.000253272240965219e-01 2.000253354096189207e-01
2.002301795891584246e-01 2.002302295369391694e-01 2.002302187049231075e-01 2.002301877393937446e-01 2.002301865215834198e-01
2.003938225369671089e-01 2.003938417049996590e-01 2.003938326794288960e-01 2.003938240428478068e-01 2.003938286557985782e-01
2.007021028669941642e-01 2.007021088176399459e-01 2.007021061661300732e-01 2.007021046379138807e-01 2.007021068373880390e-01
1.715280366339389517e-01 1.715280384448069628e-01 1.715280383387267626e-01 1.715280384046921902e-01 1.715280387240883941e-01
2.798072466055858548e-02 2.798072452959073433e-02 2.798072452170656532e-02 2.798072485096959189e-02 2.798072513320795304e-02
