2.807442134721697680e-01 2.811011770779144880e-01 2.808627712466180704e-01 2.803700296789541913e-01 2.802941514493907937e-01
2.728802686961989132e-01 2.754788285284001104e-01 2.737634377634894367e-01 2.701266151554114758e-01 2.695776522110776008e-01
2.961027933150141012e-01 2.964524182611146252e-01 2.962270774814482754e-01 2.957268435568172760e-01 2.956585299722944149e-01
2.702571993659031446e-01 2.702989789218170902e-01 2.702444058902762070e-01 2.701438466939788396e-01 2.701008746029219809e-01
3.280107367481455150e-01 3.309698613742166340e-01 3.290056322558461699e-01 3.248530437906267387e-01 3.242299457267199259e-01
3.264163547170838564e-01 3.271292698566741208e-01 3.266496885931032823e-01 3.256368166473224135e-01 3.255023045807145521e-01
3.055812454175789172e-01 3.056316547570623321e-01 3.055841952025339370e-01 3.054864057763938545e-01 3.054865994471892554e-01
3.310279486296556772e-01 3.311440605176219631e-01 3.310647133587238944e-01 3.309055863356393234e-01 3.308939228669922628e-01
3.328959881031405277e-01 3.329633234879074144e-01 3.329055270763514041e-01 3.327531529517934183e-01 3.327077387687033538e-01
3.051935513315853221e-01 3.052349888955110946e-01 3.052186596570892752e-01 3.051322735308465428e-01 3.051042063250472558e-01
3.211309711076856255e-01 3.218135821600047186e-01 3.213661920764115387e-01 3.204171687106789901e-01 3.202303120288074734e-01
2.916984617234993360e-01 2.945836228121401779e-01 2.926600533486126143e-01 2.885570347600561192e-01 2.879117759314114844e-01
3.084982407780221814e-01 3.085234119506164996e-01 3.085192610814398995e-01 3.084807334346035268e-01 3.084784941050283669e-01
2.510635460264097896e-01 2.514036975466349966e-01 2.512001669174700469e-01 2.507619575671111711e-01 2.507261132136949788e-01
2.987289651647896394e-01 3.012467960996789151e-01 2.995766091922194563e-01 2.960219670423607785e-01 2.955099571051815199e-01
2.827086124074467133e-01 2.830538690452353845e-01 2.828196923865929358e-01 2.823213757230177423e-01 2.822558484843026849e-01
