5.247112629800961122e-04 5.301885073591909147e-04 5.024531387906630260e-04 5.499995357556032019e-04 5.027530904221513093e-04
4.702455142235851919e-03 4.747830079608178315e-03 4.447754827117607855e-03 4.898829344431616419e-03 4.469540697664311883e-03
1.768227298642704309e-02 1.784275301808142464e-02 1.649769026834523380e-02 1.832300840568961212e-02 1.665593087274920558e-02
3.704683210361187778e-02 3.734807629634972342e-02 3.494545775151267769e-02 3.824252337680882075e-02 3.523396254569706454e-02
1.080666428517309922e-02 1.112035026245464069e-02 9.209697675048953563e-03 1.226640011859463260e-02 9.369832917299250261e-03
1.461934679760328558e-02 1.513981477783162000e-02 1.424986988553340883e-02 1.724033512500064771e-02 1.389284778320638326e-02
6.221908039645498295e-02 6.289003528653962227e-02 6.090934395727824052e-02 6.547098911944614075e-02 6.058898909902851043e-02
4.755159111026691088e-02 4.820137423381122554e-02 4.364583541350359336e-02 5.040989075818623488e-02 4.400384345936123043e-02
6.081485579747767517e-02 6.142098850554765510e-02 5.666600874234328789e-02 6.328584015137858620e-02 5.719438058118449936e-02
1.612431670912786719e-02 1.654486962970345282e-02 1.379919319494397542e-02 1.802586837123758279e-02 1.405469247059070934e-02
1.374621136654898164e-02 1.424657871868099598e-02 1.329790976998023941e-02 1.625756129601543462e-02 1.298626813258457399e-02
5.387836037014384627e-02 5.440860799320686170e-02 5.315347154097512655e-02 5.647884275184584385e-02 5.282546183083507152e-02
3.165732169445147071e-02 3.200199685320487264e-02 2.979045187804800141e-02 3.321335385462884093e-02 2.991967711492674389e-02
2.586341617156352399e-02 2.602956553279715812e-02 2.470269476119358112e-02 2.653435905169523878e-02 2.484710270430812509e-02
5.152760167271573481e-03 5.192431593792267916e-03 4.870486076900232102e-03 5.308071918824224314e-03 4.909604692346252949e-03
2.649487040792586389e-04 2.692324528273231103e-04 2.374129047253465297e-04 2.827421220986517164e-04 2.409261127077691467e-04
