1.744451373885882450e-01 1.744450788706590205e-01 1.744449711656948787e-01 1.744449472586130645e-01 1.744450279121238512e-01
2.213502327135548065e-01 2.213501433090700465e-01 2.213499782033906405e-01 2.213499912817468718e-01 2.213499971443698700e-01
2.037684103158122206e-01 2.037683256988459257e-01 2.037680400088645594e-01 2.037681028246063064e-01 2.037679965770607948e-01
2.004067534339895595e-01 2.004066620723024827e-01 2.004062889467926045e-01 2.004063125070672247e-01 2.004062626812986025e-01
1.999998005546896884e-01 1.999997705957809735e-01 1.999996996980594743e-01 1.999997267266342971e-01 1.999996779064978081e-01
2.000119434041849054e-01 2.000119676474349240e-01 2.000118449770101059e-01 2.000118476020007474e-01 2.000118621918198780e-01
2.000160261387595173e-01 2.000159958931724824e-01 2.000160128431626438e-01 2.000159873130649968e-01 2.000159805910332877e-01
2.000025807689247426e-01 2.000025698118308437e-01 2.000026571378959173e-01 2.000026247877950969e-01 2.000026280533919454e-01
2.000026238601979034e-01 2.000026173374332417e-01 2.000026417190526873e-01 2.000026244989591417e-01 2.000026360955257376e-01
2.000160588112866733e-01 2.000160578282394741e-01 2.000160819380801536e-01 2.000160842641817982e-01 2.000160910192246844e-01
2.000119983100542009e-01 2.000119965664806654e-01 2.000120239745956929e-01 2.000120308900525945e-01 2.000120391048763324e-01
1.999999276005446358e-01 1.999999317295790002e-01 1.999999351528204128e-01 1.999999421902601549e-01 1.999999531888645155e-01
2.004065567149420357e-01 2.004065609491534061e-01 2.004066117531174140e-01 2.004066086974979066e-01 2.004066302146371159e-01
2.037680883246504593e-01 2.037680932846965831e-01 2.037681395455098188e-01 2.037681322742192214e-01 2.037681515041591673e-01
2.213498694966420932e-01 2.213498715544652828e-01 2.213499002948428329e-01 2.213499027221134952e-01 2.213499130973246576e-01
1.744447514645737496e-01 1.744447478117588102e-01 1.744447632421700922e-01 1.744447714517793069e-01 1.744447745637478786e-01
