2.216462851441102500e-01 2.216462891591083062e-01 2.216462929488508538e-01 2.216462794240356693e-01 2.216462778096726094e-01
2.354323449054042672e-01 2.354323409674539125e-01 2.354323455429075396e-01 2.354323226367604216e-01 2.354323218490591840e-01
2.175882490748864972e-01 2.175882478664676045e-01 2.175882441583407434e-01 2.175882087569345202e-01 2.175882040469898637e-01
2.391946725656791950e-01 2.391946864281961072e-01 2.391946872573741667e-01 2.391946798635249949e-01 2.391946728648247367e-01
2.030350191571677065e-01 2.030350360683217115e-01 2.030350442420111035e-01 2.030350531811753179e-01 2.030350504654761801e-01
2.502209231009056567e-01 2.502209355152880677e-01 2.502209446954684058e-01 2.502209172789641167e-01 2.502209165789643919e-01
2.095888873881405212e-01 2.095888843697865378e-01 2.095888840973382239e-01 2.095888698602573763e-01 2.095888704567458738e-01
2.232937423651439879e-01 2.232937336079615642e-01 2.232937333120744439e-01 2.232937189442506520e-01 2.232936976705126864e-01
2.232936810444535736e-01 2.232937024247596824e-01 2.232937098753264016e-01 2.232937208749968816e-01 2.232937030510168952e-01
2.095888598837063188e-01 2.095888830592002872e-01 2.095888875286360253e-01 2.095888843713075989e-01 2.095888829534735265e-01
2.502208814626154521e-01 2.502209046741535881e-01 2.502209006373283251e-01 2.502208822570366475e-01 2.502208845993334485e-01
2.030350446427859612e-01 2.030350375688299014e-01 2.030350351026136979e-01 2.030350242202731970e-01 2.030350252687055101e-01
2.391946668776549767e-01 2.391946569677066703e-01 2.391946654565946517e-01 2.391946600548735535e-01 2.391946445078357852e-01
2.175881869122566481e-01 2.175882033847982289e-01 2.175882138629434970e-01 2.175882191437834845e-01 2.175882113633249848e-01
2.354322952360365928e-01 2.354323154497223736e-01 2.354323139527234598e-01 2.354323119866711944e-01 2.354323159048360425e-01
2.216462081375611681e-01 2.216462157109378439e-01 2.216462154225780912e-01 2.216462138073515276e-01 2.216462147327793453e-01
