4.834841800075707630e-01 4.817391438332432885e-01 4.821600584164940084e-01 4.840869296181022907e-01 4.852780416649400408e-01
5.065771060850526863e-01 5.004917921313623008e-01 4.999501364522526137e-01 5.058273900440364290e-01 5.093994126947134493e-01
4.937730584251449617e-01 5.021053783070751342e-01 5.027123438377789633e-01 4.938253628980004972e-01 4.894605191469788563e-01
4.678045018261540733e-01 4.733788988472819592e-01 4.737533512572020822e-01 4.694133688301450613e-01 4.649435241809130037e-01
4.819218128357805608e-01 4.751862294086987015e-01 4.765299046867945143e-01 4.843093314123645965e-01 4.887398904850549508e-01
4.959206142323379640e-01 4.940423685523093189e-01 4.941974517843129022e-01 4.974442506618542148e-01 4.981094025265971892e-01
4.949465470061671368e-01 4.977313975608644858e-01 4.981063153631086760e-01 4.955663423660766620e-01 4.940318465272378612e-01
5.085287960240021388e-01 5.017178455685644689e-01 5.011035074214160723e-01 5.080138362891355452e-01 5.117812954850700091e-01
5.238847371421336829e-01 5.208406687541092817e-01 5.208517470771811819e-01 5.230240800141168211e-01 5.266767013947629694e-01
5.069440583949963441e-01 5.085123877936509329e-01 5.078477221536286113e-01 5.058752376132487072e-01 5.043900266022531831e-01
5.126223787609528459e-01 5.120718484170998508e-01 5.124596967667749414e-01 5.128841595738440340e-01 5.124360327606470866e-01
5.249857816212154527e-01 5.200511104109752925e-01 5.180228067409946568e-01 5.224174466719354593e-01 5.259882760349815500e-01
5.054073273478365547e-01 5.112869021993183827e-01 5.106132797776985477e-01 5.040542875770412934e-01 5.013055261759826742e-01
5.045727992613622259e-01 5.098771807850435156e-01 5.105903185178876091e-01 5.060486205359122636e-01 5.022317728435646833e-01
5.051782019255975920e-01 5.009626617131326398e-01 5.010816066275781688e-01 5.048599749411942783e-01 5.074347819411120231e-01
4.852506137548326937e-01 4.835652613469444971e-01 4.834601934030326453e-01 4.852279943873663570e-01 4.861103055359751735e-01
