9.926539091024376687e-04 9.926535045434766846e-04 9.926539594191366098e-04 9.926534665335216921e-04
7.856241950594800710e-03 7.856239910302669285e-03 7.856243142459199552e-03 7.856240997240224871e-03
5.718783713320226524e-03 5.718776121983495421e-03 5.718791185187315981e-03 5.718780952028361224e-03
2.953057379273801505e-02 2.953054642523520248e-02 2.953059641518760575e-02 2.953055531625231253e-02
1.007901367785809382e-01 1.007900957935527475e-01 1.007901568192659386e-01 1.007900997456387948e-01
1.894727340970533414e-01 1.894726887766701451e-01 1.894727443041282211e-01 1.894726849337493579e-01
1.227618940519818319e-01 1.227618252635727936e-01 1.227619015759097987e-01 1.227618259419310104e-01
4.287706846302528213e-02 4.287702864547462273e-02 4.287709027222218888e-02 4.287704650432924008e-02
4.287701577419063964e-02 4.287706979600845042e-02 4.287705886629656488e-02 4.287708875710422723e-02
1.227618117732418995e-01 1.227618959069419896e-01 1.227618350890776477e-01 1.227619016138511432e-01
1.894726724914556626e-01 1.894727532927169278e-01 1.894726791558636325e-01 1.894727457135153836e-01
1.007900709506466680e-01 1.007901697997130447e-01 1.007900774523070725e-01 1.007901671332874644e-01
2.953052491351073131e-02 2.953059466512682543e-02 2.953054060972314099e-02 2.953060997874327326e-02
5.718763173509546112e-03 5.718786784965566514e-03 5.718783898888675152e-03 5.718797054250645065e-03
7.856234571836762104e-03 7.856241591954934642e-03 7.856243028478163137e-03 7.856244800060464134e-03
9.926528058402165049e-04 9.926539818902518561e-04 9.926535711324269672e-04 9.926542746617810983e-04
