2.783585853075515315e-02 2.783595238230467811e-02 2.783590045808650298e-02 2.783580296319751110e-02 2.783591220527310492e-02
1.708779329858198526e-01 1.708782083352097803e-01 1.708782021085074876e-01 1.708779616394050516e-01 1.708784859774354070e-01
1.962982465900495466e-01 1.962957251616050947e-01 1.962995595714926156e-01 1.963031092253263721e-01 1.963037143109072624e-01
1.648542315518478907e-01 1.648214255917603288e-01 1.648697023959890817e-01 1.649289924300784971e-01 1.649193886032044865e-01
8.087843917040528352e-02 8.069251708777594456e-02 8.103005245537443779e-02 8.142147613395499250e-02 8.131316644166006191e-02
1.643548085702500050e-01 1.641720376532576631e-01 1.644998635662505704e-01 1.648818715906333054e-01 1.647608963824614137e-01
1.951356116560916398e-01 1.951113209536926574e-01 1.951425375528972050e-01 1.951872921204763911e-01 1.951664552951772325e-01
1.993587701056285244e-01 1.993582750918457547e-01 1.993558289612204770e-01 1.993550902285649851e-01 1.993547681771462576e-01
1.993561786411679193e-01 1.993511283759615837e-01 1.993530717960141918e-01 1.993575635300006976e-01 1.993621402905983442e-01
1.951763355118282806e-01 1.951841945959322255e-01 1.951397756948816120e-01 1.951148443179591130e-01 1.951331266995057490e-01
1.647907574949941112e-01 1.649094010693196166e-01 1.644999042806222500e-01 1.641522312564122899e-01 1.643156071134561913e-01
8.133312249324060883e-02 8.145450289486848294e-02 8.103739625222515508e-02 8.066982720043115729e-02 8.084470920875569400e-02
1.649165838854034227e-01 1.649326838815871887e-01 1.648744334603305661e-01 1.648230842056553902e-01 1.648485498945963246e-01
1.963028590289123687e-01 1.963039321332293863e-01 1.963001857807187556e-01 1.962960064898940371e-01 1.962984415611126188e-01
1.708783731389455218e-01 1.708784070286287482e-01 1.708786363788707408e-01 1.708781742456132458e-01 1.708787004854553093e-01
2.783589131662966842e-02 2.783588357398170468e-02 2.783598835615846284e-02 2.783594710931557026e-02 2.783602711384660505e-02
