2.761660836017297473e-03 2.761578426014000762e-03 2.761664996483043696e-03 2.761858723519767817e-03 2.761853507395326587e-03
3.288549242463967293e-02 3.288507533890755452e-02 3.288556128885163077e-02 3.288678533087482925e-02 3.288672761389725696e-02
1.374231105492524641e-01 1.374227391598957515e-01 1.374232508652408202e-01 1.374249777574440834e-01 1.374248416909943926e-01
1.906411489295592454e-01 1.906410371109358848e-01 1.906412351581740217e-01 1.906420690984185484e-01 1.906419071188142356e-01
1.994160822238421060e-01 1.994160809979814153e-01 1.994160218405122698e-01 1.994162015459447768e-01 1.994161042456942257e-01
1.964650283090010607e-01 1.964656312897669621e-01 1.964649339527048677e-01 1.964641196551346058e-01 1.964641500045698763e-01
1.657617413682134777e-01 1.657622607163942996e-01 1.657614768648527359e-01 1.657619585935141693e-01 1.657622177862344559e-01
7.462337942674261704e-02 7.462350840703571575e-02 7.462311379065555972e-02 7.462730707229736637e-02 7.462758335712309232e-02
7.459884793583142215e-02 7.459815341208812789e-02 7.459896323723572142e-02 7.460615149134454394e-02 7.460609676172891280e-02
1.657320877107546775e-01 1.657311468036084812e-01 1.657322019555474146e-01 1.657369513367223102e-01 1.657368177984754887e-01
1.964600754752174050e-01 1.964601625714464117e-01 1.964601019817747984e-01 1.964601437608650414e-01 1.964601075657008145e-01
1.994200044248676251e-01 1.994209144237723830e-01 1.994200556269005720e-01 1.994172122741638409e-01 1.994172413011749134e-01
1.906572210490362074e-01 1.906586862318926101e-01 1.906571509148211885e-01 1.906524996256024618e-01 1.906526370337754406e-01
1.374661833363969854e-01 1.374673106256293076e-01 1.374660669460665841e-01 1.374628151770133644e-01 1.374629494772350302e-01
3.291770777824719330e-02 3.291817803905935924e-02 3.291767415815388675e-02 3.291655266357074866e-02 3.291659590145749187e-02
2.766600205064901393e-03 2.766639735435843725e-03 2.766604853905395376e-03 2.766505051869300787e-03 2.766505973118323601e-03
