2.237547154416469342e-01 2.237560123108803256e-01 2.237556996459309222e-01 2.237544978638077442e-01 2.237449574619737314e-01
2.511871036590008210e-01 2.511827943436209520e-01 2.511833571154735711e-01 2.511853305663041547e-01 2.511613669950715777e-01
2.380975770383080559e-01 2.380935150210553852e-01 2.380934370225493424e-01 2.380989412890507362e-01 2.380836889144595792e-01
2.551943567022273429e-01 2.551950973645113474e-01 2.551923833594367252e-01 2.551966251325696322e-01 2.552053783311676316e-01
2.339454074390394656e-01 2.339416717797850875e-01 2.339415360967039281e-01 2.339477134355457955e-01 2.339391003559200544e-01
2.701098140742826392e-01 2.701101805601760497e-01 2.701101918384043454e-01 2.701105487272474903e-01 2.701069472780862069e-01
2.625669199781819896e-01 2.625667764430058559e-01 2.625734595793306481e-01 2.625615831118181531e-01 2.625759801113259906e-01
2.651465328957108292e-01 2.651498774214876564e-01 2.651495134233340378e-01 2.651495119402072498e-01 2.651539155510346801e-01
2.651505843208212809e-01 2.651523724793806713e-01 2.651479593382345401e-01 2.651533298141148798e-01 2.651487979773265447e-01
2.625720017274813523e-01 2.625676831544694334e-01 2.625676322800091778e-01 2.625751901495682050e-01 2.625670648068525459e-01
2.701166914369689254e-01 2.701165643540344163e-01 2.701165587701953585e-01 2.701174855907720884e-01 2.701177273790696387e-01
2.339402971729242775e-01 2.339392674880197143e-01 2.339436260292561687e-01 2.339365081513926636e-01 2.339446918413387033e-01
2.552140216439887643e-01 2.552142363520071844e-01 2.552141502332313516e-01 2.552156285282271564e-01 2.552155433189959854e-01
2.381029949384851352e-01 2.381023762077769390e-01 2.381012843084846509e-01 2.381035581230216969e-01 2.381030214652908594e-01
2.511752994454315990e-01 2.511749203073010417e-01 2.511748463182666979e-01 2.511758602381444216e-01 2.511763225744889083e-01
2.237341409467189512e-01 2.237342561523898432e-01 2.237338049137930773e-01 2.237334997037600526e-01 2.237341823994147549e-01
