4.207685511449506532e-01 4.207684896307712918e-01 4.207688994115889036e-01 4.207686594911408395e-01
4.476480807304097365e-01 4.476482183518064595e-01 4.476488737863518197e-01 4.476487479766523281e-01
4.371420545028273930e-01 4.371418302869754524e-01 4.371423794382450212e-01 4.371414757392843575e-01
4.287170185341137030e-01 4.287156044119262432e-01 4.287116049938496376e-01 4.287118414367463992e-01
4.297344554644256798e-01 4.297333395593315730e-01 4.297325675400547884e-01 4.297314429785246137e-01
4.343635557065441688e-01 4.343620051306070762e-01 4.343621760378658103e-01 4.343612057722845976e-01
4.439901620508804880e-01 4.439902200901792995e-01 4.439905193974700293e-01 4.439897086207145738e-01
4.577373487525882023e-01 4.577371934483436822e-01 4.577396071687704904e-01 4.577390426807417256e-01
4.577409644041586234e-01 4.577413760821692490e-01 4.577380431610920120e-01 4.577375240129328837e-01
4.439844188056938368e-01 4.439835770005111648e-01 4.439813653272530747e-01 4.439816640901566580e-01
4.343507141616034795e-01 4.343509979830215695e-01 4.343496358267749380e-01 4.343497389592695379e-01
4.296986288388922604e-01 4.296993831752711213e-01 4.296994742329581785e-01 4.297002581960309708e-01
4.286586321742026917e-01 4.286592607439201896e-01 4.286631044755496167e-01 4.286640169687422341e-01
4.370882471872540309e-01 4.370896454479166193e-01 4.370897096546232374e-01 4.370902534107874993e-01
4.476230245204917413e-01 4.476231189113598075e-01 4.476223528474409519e-01 4.476223190072468050e-01
4.207579343776892689e-01 4.207583758354301318e-01 4.207575219089618734e-01 4.207578380037951815e-01
