3.722072011353204091e-01 3.722111475439101591e-01 3.722146986161975479e-01 3.721653637066969500e-01 3.720698564930214891e-01
4.206651634810791296e-01 4.205240490921943741e-01 4.205236051475707559e-01 4.204536728609903906e-01 4.202534002700277216e-01
4.059544875350297177e-01 4.056241986626289986e-01 4.056107919515622440e-01 4.054775616722149367e-01 4.052757580305693108e-01
4.019181453592225450e-01 4.016872831632555263e-01 4.016574902166156202e-01 4.015766118558317110e-01 4.014299566908519079e-01
4.004519987795272518e-01 4.003349086034528881e-01 4.003145525178362640e-01 4.002631893919638695e-01 4.001597454795088882e-01
4.000418046431016839e-01 4.000242634823967802e-01 4.000127031722103266e-01 4.000298851308030645e-01 3.999594063084564444e-01
3.999891512317461095e-01 3.999632311137821805e-01 3.999418283174119293e-01 3.999535864546520103e-01 3.999331952902869247e-01
3.999839163854905788e-01 3.999751729651868648e-01 3.999606785223277505e-01 3.999636300544651690e-01 3.999455047153487874e-01
4.000062512408949500e-01 3.999995606395135850e-01 3.999988790779498982e-01 3.999973836397577864e-01 3.999899004668256430e-01
4.000735008487677491e-01 4.000677499803108050e-01 4.000666675680778495e-01 4.000653716954777339e-01 4.000581879090070458e-01
4.002161470231313523e-01 4.002095367104571699e-01 4.002063663141905980e-01 4.002049487311054032e-01 4.001974186196302075e-01
4.006060424873205683e-01 4.005974574996340465e-01 4.005834080107051887e-01 4.005852888320322602e-01 4.005740746729863910e-01
4.018847447668886241e-01 4.018775649955885765e-01 4.018540675982731347e-01 4.018569973739444801e-01 4.018452035714064619e-01
4.055287727966798150e-01 4.055293441625200113e-01 4.055202443948248692e-01 4.055242097853860028e-01 4.055250339812280780e-01
4.200598639107749332e-01 4.200611748973720472e-01 4.200660142919810935e-01 4.200685466765001763e-01 4.200691980846419371e-01
3.715429736825699436e-01 3.715431366363364241e-01 3.715446280132180257e-01 3.715457454731642684e-01 3.715455968941557829e-01
