1.885826075642808158e-02 1.885826094782634341e-02 1.885826079893979448e-02 1.885826145086645991e-02
1.664549715202267299e-01 1.664549730952183670e-01 1.664549703574547956e-01 1.664549715894159676e-01
1.885046147220119372e-01 1.885046141988473700e-01 1.885046017484040548e-01 1.885046044088477535e-01
1.886630628257139342e-01 1.886630282643844692e-01 1.886629841434827870e-01 1.886630090345095268e-01
2.044531666161754913e-01 2.044532560657665587e-01 2.044532401563851354e-01 2.044532548425986307e-01
2.109706551716067913e-01 2.109707343700379378e-01 2.109707717371517299e-01 2.109707369974497815e-01
1.915186415394831421e-01 1.915187366208941644e-01 1.915188613973923537e-01 1.915187568856525635e-01
8.056979584591132670e-02 8.057016941665398613e-02 8.057032957001285245e-02 8.057002980408023429e-02
8.056945267546314349e-02 8.057022139230826663e-02 8.057002866916146422e-02 8.056940824984307192e-02
1.915184669886429714e-01 1.915189173059911876e-01 1.915188252251465439e-01 1.915185872564821035e-01
2.109708275025315716e-01 2.109709706517402805e-01 2.109709892542533938e-01 2.109709669978569457e-01
2.044538816838786799e-01 2.044539152777801183e-01 2.044539411488398017e-01 2.044539354714472457e-01
1.886686922187506277e-01 1.886687190260286917e-01 1.886687734756283263e-01 1.886687479005285384e-01
1.885103636976127317e-01 1.885103893121466700e-01 1.885104360689916214e-01 1.885104102875813370e-01
1.664555520107508790e-01 1.664555619838385125e-01 1.664555788517677049e-01 1.664555686025968040e-01
1.885831995604186212e-02 1.885832072253140757e-02 1.885832205822619845e-02 1.885832117584848935e-02
