2.390509094584255811e-01 2.390556075962408655e-01 2.390568404548641668e-01 2.390463445881847449e-01 2.390340171121896617e-01
3.679018842152761426e-01 3.679351951532002230e-01 3.678588300252671472e-01 3.677566471755162048e-01 3.677294101142336014e-01
3.798909719585618627e-01 3.799629687843284476e-01 3.795672905372125538e-01 3.791877149432600902e-01 3.790639333046214032e-01
3.607483202868409511e-01 3.616087433759921921e-01 3.590889012409147485e-01 3.569002134461113362e-01 3.569270589573612651e-01
2.980691300848390402e-01 2.990653584817535293e-01 2.960718581790429127e-01 2.943090520513117481e-01 2.939745547002020620e-01
3.116086957558445447e-01 3.115939826720509065e-01 3.106966212385731119e-01 3.112885278490248875e-01 3.104550412061483078e-01
2.867937867491410220e-01 2.866113445732403897e-01 2.868179041531649931e-01 2.874867915883518865e-01 2.869577941745087846e-01
3.193868381860395234e-01 3.194567524203550390e-01 3.194358885472823317e-01 3.194135063897227678e-01 3.193693090256584655e-01
2.859325977424504450e-01 2.860650491362356496e-01 2.857390605067034461e-01 2.854931139474147228e-01 2.856750742878546578e-01
3.097809081664810726e-01 3.098051507031818197e-01 3.097776066729839295e-01 3.097828819043366710e-01 3.098351378560712521e-01
2.857591689807647550e-01 2.858057283234505808e-01 2.859256970017912125e-01 2.859777258755807905e-01 2.859652800297255437e-01
3.170097729007212983e-01 3.170765860378788048e-01 3.171458113413585522e-01 3.171389277384460970e-01 3.171487253690107311e-01
2.837345574967553019e-01 2.837524412345018288e-01 2.837382276611438714e-01 2.837447577230934881e-01 2.837785918265015583e-01
3.044593074094700813e-01 3.044431024115276663e-01 3.044481614001093850e-01 3.044863009478652183e-01 3.044942225877214081e-01
2.649886388209074517e-01 2.649847514108861768e-01 2.649891336507894102e-01 2.649998198117210491e-01 2.649985984996274802e-01
1.889760975676784693e-01 1.889756047022624619e-01 1.889765307291096652e-01 1.889782617828691391e-01 1.889783470482399308e-01
