4.938985600468622783e-01 4.935738022573475936e-01 4.938980831810917405e-01 4.935735230780924354e-01
4.917068647945674886e-01 4.917047017304517209e-01 4.917068796708101708e-01 4.917046786991907115e-01
4.947836539463599248e-01 4.944713175739373079e-01 4.947832804608593427e-01 4.944709914052238253e-01
4.847976459801151550e-01 4.852303859911287764e-01 4.847976906731109037e-01 4.852303209379784654e-01
4.475112035293107859e-01 4.457393704657504618e-01 4.475106349669056294e-01 4.457389461632259575e-01
3.977766363155614271e-01 4.012446725007041692e-01 3.977758577910988080e-01 4.012442448971407782e-01
4.396152858924985973e-01 4.379065212545446562e-01 4.396157188401104698e-01 4.379067248094847264e-01
4.942295236327871044e-01 4.943092202896368081e-01 4.942296803164877295e-01 4.943093086335194064e-01
4.757212949174882688e-01 4.758009804789377073e-01 4.757211025492502077e-01 4.758007934876564704e-01
4.339833102080622451e-01 4.322746407991484574e-01 4.339838237409618382e-01 4.322748424105413712e-01
4.279083118646772044e-01 4.313766492587137180e-01 4.279094964646159571e-01 4.313773821156621224e-01
4.533453264048475928e-01 4.515734533628280034e-01 4.533446698022800536e-01 4.515731309142463901e-01
4.837921181426563244e-01 4.842247835456158778e-01 4.837918926736451408e-01 4.842246378080221070e-01
4.965457349326956593e-01 4.962333976722553830e-01 4.965456855799117442e-01 4.962333709522023795e-01
4.916976064074414232e-01 4.916953071303061251e-01 4.916975780795004303e-01 4.916952617177091089e-01
4.928268358923214576e-01 4.925019944996110732e-01 4.928267097472978087e-01 4.925019457136285972e-01
