5.266374098756186270e-04 5.315513544171324763e-04 5.018598072842114918e-04 5.457032132052803920e-04 5.046545194173314083e-04
4.700350596764061618e-03 4.748084218960501278e-03 4.453777242930387521e-03 4.883264771275193025e-03 4.482759465456416688e-03
1.760171408037949914e-02 1.779823120294981090e-02 1.656590572940722442e-02 1.834732860869646084e-02 1.669200005815635324e-02
3.692561856919390761e-02 3.728024381841778256e-02 3.506332025681964393e-02 3.827147440068554007e-02 3.529119238014470639e-02
1.085217489685880166e-02 1.116680069275446073e-02 9.234713991300529806e-03 1.207034264947756674e-02 9.428427173314175153e-03
1.522530000148505924e-02 1.551674562522361266e-02 1.390582708530112808e-02 1.640127197282130467e-02 1.403441819237304447e-02
6.279924771476994017e-02 6.325701867719342453e-02 6.061367704276218737e-02 6.461033516083836137e-02 6.083922199550664822e-02
4.746851789457456200e-02 4.817911494227697378e-02 4.377539417348150219e-02 5.019511572583755521e-02 4.421106848543718271e-02
6.059418548916415542e-02 6.130218637406235210e-02 5.688019383848306326e-02 6.328793894356120331e-02 5.733075943464198410e-02
1.613324464542421899e-02 1.657261916294321125e-02 1.386049794027071486e-02 1.782732294105721788e-02 1.413405954308056059e-02
1.430914937333907164e-02 1.459897730959456782e-02 1.298276989101810469e-02 1.547586813780854609e-02 1.311512627989916066e-02
5.441464314682579323e-02 5.474504396182271887e-02 5.287175973665109163e-02 5.573218813154125206e-02 5.302484642115586760e-02
3.166716822914707186e-02 3.202430318402998272e-02 2.982461010251455380e-02 3.304374224124705106e-02 3.003867300349204184e-02
2.579549667861820439e-02 2.599230996176114805e-02 2.476145015550158465e-02 2.654363582121243084e-02 2.488651708543308458e-02
5.134789785533940693e-03 5.182105673141256495e-03 4.885780406748020839e-03 5.314164116943986306e-03 4.916305621549282683e-03
2.638634571550090837e-04 2.686919604373067720e-04 2.386275499258447340e-04 2.822811469532128395e-04 2.416973182882986852e-04
