2.002773948027209705e-01 2.002775285010263417e-01 2.002777131736140359e-01 2.002776834618462676e-01
2.284955887063578051e-01 2.284958518864596277e-01 2.284960591302483413e-01 2.284960743532973293e-01
1.937254669048218414e-01 1.937256495910966436e-01 1.937257490090747158e-01 1.937257769831157994e-01
1.898732536458393738e-01 1.898733178189490056e-01 1.898734632890052287e-01 1.898734261052138217e-01
2.047027371928093198e-01 2.047026192927130506e-01 2.047026656402417544e-01 2.047027989355205135e-01
2.124806944900393402e-01 2.124807402300370740e-01 2.124807736972369465e-01 2.124810319242938228e-01
2.047009325604412511e-01 2.047012786424628750e-01 2.047009284515458882e-01 2.047012940336764564e-01
1.876595799699999623e-01 1.876596461221414214e-01 1.876596863793490721e-01 1.876596405215108232e-01
1.889078245287593161e-01 1.889078540310356880e-01 1.889078494850844336e-01 1.889077984102364993e-01
2.050549779136519035e-01 2.050550878952311917e-01 2.050551223964916236e-01 2.050550707531406947e-01
2.122212321493520404e-01 2.122212413729248626e-01 2.122212474227289369e-01 2.122212671064947487e-01
2.046880072190901401e-01 2.046880154900781457e-01 2.046880168076722628e-01 2.046879888371719025e-01
1.896754943788611925e-01 1.896754804817515905e-01 1.896754829641803253e-01 1.896754521327439214e-01
1.897437697193417871e-01 1.897437409753626736e-01 1.897437646958814728e-01 1.897437275798283252e-01
1.672131046481193373e-01 1.672131091131941472e-01 1.672131972823127366e-01 1.672131475412740875e-01
2.057870737871194539e-02 2.057870831409852955e-02 2.057874628675093048e-02 2.057871924181325571e-02
