5.083093632381018301e-01 5.085428245346006459e-01 5.080703054832308441e-01 5.079385088578773910e-01 5.079493991859362900e-01
4.815092020953964380e-01 4.817488403168321831e-01 4.809633570133693969e-01 4.807548823515624403e-01 4.805986918198392743e-01
4.591384142697748083e-01 4.590561234186828488e-01 4.588028648285787936e-01 4.580460950688602928e-01 4.580442998459556270e-01
4.830778527495609431e-01 4.823639848701548605e-01 4.841241484294815933e-01 4.835422079587146094e-01 4.838297353567256320e-01
4.630648053599025760e-01 4.656351900466629279e-01 4.563975623041810481e-01 4.496977839922007836e-01 4.531326382744960690e-01
4.815290360365719335e-01 4.832265919915217922e-01 4.779867077203074910e-01 4.769679464629625887e-01 4.768353074041209450e-01
4.915032165062388492e-01 4.935967857923411195e-01 4.838589514334739605e-01 4.745078971366143983e-01 4.793881727317061969e-01
4.690995352428973808e-01 4.710824727266469392e-01 4.631787301010413804e-01 4.568575029330158022e-01 4.599801437484074551e-01
4.649833191303892610e-01 4.668552681319063646e-01 4.599326561315070228e-01 4.565612563439430116e-01 4.580793540721022628e-01
4.880435500339064259e-01 4.902705641656669444e-01 4.807790217727374582e-01 4.737339225387158792e-01 4.772704786383434872e-01
4.760427378165049128e-01 4.770041600965497786e-01 4.743210875048567421e-01 4.758736102106279064e-01 4.745601660396742139e-01
4.551905984857052001e-01 4.566385404955568550e-01 4.509609173991746545e-01 4.459223445959350496e-01 4.487543769556797679e-01
4.772756327293412593e-01 4.758809036173363705e-01 4.802028390059321916e-01 4.811425524488964212e-01 4.810677529023590360e-01
4.526266899412328404e-01 4.522319548927177246e-01 4.538481323004694423e-01 4.554867091528450596e-01 4.546924947679027995e-01
4.770734990191810021e-01 4.771401793105867206e-01 4.773163479498753747e-01 4.783162451668465098e-01 4.777413901948948105e-01
5.025842028964235819e-01 5.026762206528762045e-01 5.024048318448057771e-01 5.022388613249321176e-01 5.023365496825343834e-01
