2.026822667594158078e-01 2.026822667596187844e-01 2.026822667474718065e-01 2.026822667302043413e-01
2.366902457473598620e-01 2.366902457455253850e-01 2.366902457285369743e-01 2.366902456812352840e-01
2.144100917465637524e-01 2.144100916884436325e-01 2.144100916517404920e-01 2.144100916396559364e-01
2.068910295946830014e-01 2.068910295839604396e-01 2.068910296425594819e-01 2.068910296210767774e-01
2.158053010673458838e-01 2.158053011125516951e-01 2.158053010702079555e-01 2.158053010391911553e-01
2.177150279353090301e-01 2.177150280763919254e-01 2.177150280639965074e-01 2.177150279372798147e-01
2.251461946183634655e-01 2.251461946804184933e-01 2.251461945850106450e-01 2.251461944591130748e-01
2.306598428711964799e-01 2.306598424388151547e-01 2.306598423065966963e-01 2.306598425557830345e-01
2.306598422357518108e-01 2.306598420619987710e-01 2.306598422513550239e-01 2.306598421871853544e-01
2.251461940808056617e-01 2.251461940220734759e-01 2.251461936584517043e-01 2.251461936423552745e-01
2.177150278094168168e-01 2.177150280213755174e-01 2.177150277531076095e-01 2.177150276590500977e-01
2.158053013565184586e-01 2.158053016499061338e-01 2.158053014964771976e-01 2.158053011857344328e-01
2.068910304763778296e-01 2.068910297908166940e-01 2.068910296165694662e-01 2.068910300968915539e-01
2.144100914947396630e-01 2.144100922004273380e-01 2.144100926941303609e-01 2.144100925939364521e-01
2.366902458536257747e-01 2.366902463431439507e-01 2.366902458481882632e-01 2.366902458689195965e-01
2.026822663288301019e-01 2.026822667317185189e-01 2.026822666242641957e-01 2.026822664802315488e-01
