1.744314798681408929e-01 1.744314796204903817e-01 1.744314802315026225e-01 1.744314809180985693e-01 1.744314804311906109e-01
2.214048375121697998e-01 2.214048363887200499e-01 2.214048370241132602e-01 2.214048380333984711e-01 2.214048370446804470e-01
2.038637627775514161e-01 2.038637617682539371e-01 2.038637605791802920e-01 2.038637601961390544e-01 2.038637593469366793e-01
2.005358099442882958e-01 2.005358079551463613e-01 2.005358046339952571e-01 2.005358028992606234e-01 2.005358024394539307e-01
2.001585098176172917e-01 2.001585058327897959e-01 2.001585003227563386e-01 2.001584975571850111e-01 2.001584964787546939e-01
2.001267464897523440e-01 2.001267391730251477e-01 2.001267335165160532e-01 2.001267287800100048e-01 2.001267247892193346e-01
1.999147639323682890e-01 1.999147528499409243e-01 1.999147463841123851e-01 1.999147409064394865e-01 1.999147343734516691e-01
1.995642719938190701e-01 1.995642622672923472e-01 1.995642574986878082e-01 1.995642538978676661e-01 1.995642470019628190e-01
1.995642463206665496e-01 1.995642446309341400e-01 1.995642454190924009e-01 1.995642450827709302e-01 1.995642422942085215e-01
1.999147117527064754e-01 1.999147162188801286e-01 1.999147208183567892e-01 1.999147249113426561e-01 1.999147248427418089e-01
2.001266916588173572e-01 2.001266958257965078e-01 2.001267001940924550e-01 2.001267034683200940e-01 2.001267041933928181e-01
2.001584599482722493e-01 2.001584621023790311e-01 2.001584654482404801e-01 2.001584679450948145e-01 2.001584684819281978e-01
2.005357670347130139e-01 2.005357678509900321e-01 2.005357694498046683e-01 2.005357708629766644e-01 2.005357713739073511e-01
2.038637306960790485e-01 2.038637311729514789e-01 2.038637317119136316e-01 2.038637322916722339e-01 2.038637328268804449e-01
2.214048084856692078e-01 2.214048089454654089e-01 2.214048085327802728e-01 2.214048083264898714e-01 2.214048089545193332e-01
1.744314353667712481e-01 1.744314355430521823e-01 1.744314352233034271e-01 1.744314350139209158e-01 1.744314353019756902e-01
