5.000039130359680284e-01 5.000034899532332933e-01 5.000035710628487617e-01 5.000032996370712413e-01
5.000014910232584153e-01 5.000009283696152940e-01 5.000016197582538569e-01 5.000007938519124284e-01
5.000025325387368325e-01 5.000023444936353423e-01 5.000023263373132298e-01 5.000020854275984972e-01
5.000038382791300862e-01 5.000033140182482683e-01 5.000034032120797001e-01 5.000030378189344038e-01
5.000055983191783460e-01 5.000056981344972451e-01 5.000033126498127922e-01 5.000049687163512502e-01
5.000097125148069699e-01 5.000078620560487463e-01 5.000097139686987546e-01 5.000079930911429660e-01
5.000034685568678361e-01 5.000055590473166944e-01 5.000039310535856485e-01 5.000049129239589885e-01
4.999996480240554431e-01 4.999993721527136725e-01 4.999993939026844414e-01 4.999989767862377255e-01
5.000004975292795528e-01 5.000003160273638336e-01 5.000000965098646555e-01 4.999999136140354516e-01
4.999954369110137797e-01 4.999939595555529248e-01 4.999948488485801423e-01 4.999947918236851141e-01
4.999898442179960822e-01 4.999900992563885982e-01 4.999902868591810101e-01 4.999899445824187993e-01
4.999949420638075681e-01 4.999957655458461270e-01 4.999938811262467087e-01 4.999929508130006583e-01
4.999971062725353521e-01 4.999970753175487781e-01 4.999969956136204319e-01 4.999971310518487866e-01
4.999985352444739628e-01 4.999985590922270684e-01 4.999982443361193907e-01 4.999982527997166581e-01
4.999993973887166820e-01 4.999994867488253281e-01 4.999994559711506970e-01 4.999995521442847646e-01
4.999977168808687478e-01 4.999978722592250402e-01 4.999974920926560928e-01 4.999974407864402060e-01
