1.297717187710793621e-03 1.297717051578244594e-03 1.297717042277287455e-03 1.297716674367630288e-03 1.297716867338772609e-03
2.562139324714892905e-02 2.562139277104004409e-02 2.562139352628843916e-02 2.562139260160126511e-02 2.562139286383638068e-02
1.314524554710474191e-01 1.314524546815133421e-01 1.314524601753033206e-01 1.314524599247484937e-01 1.314524593143686637e-01
1.463995995364490987e-01 1.463996027123879440e-01 1.463995843759350046e-01 1.463995607014212663e-01 1.463995763971432107e-01
1.113648900769142053e-01 1.113649024138456400e-01 1.113648130246143592e-01 1.113647325025359514e-01 1.113647878740432889e-01
4.882539294402946095e-02 4.882540294603143760e-02 4.882531056973365979e-02 4.882522663674820906e-02 4.882528366228989364e-02
5.747193730828044356e-02 5.747193468881606204e-02 5.747191055885231270e-02 5.747187752787653869e-02 5.747189872393841659e-02
7.756664344108156472e-02 7.756664001009358489e-02 7.756664146711780838e-02 7.756663634092594850e-02 7.756663952301943998e-02
7.756664387156553264e-02 7.756664237624008584e-02 7.756665482829894209e-02 7.756666124725856981e-02 7.756665697269417292e-02
5.747194862656437864e-02 5.747194353660650679e-02 5.747198082678215553e-02 5.747200669717477534e-02 5.747199187676236415e-02
4.882527840881191461e-02 4.882525601373870205e-02 4.882535010671237852e-02 4.882541801167928491e-02 4.882538000340353596e-02
1.113647895600596571e-01 1.113647585534509321e-01 1.113648708884390076e-01 1.113649419708736682e-01 1.113649012476680411e-01
1.463996470794245996e-01 1.463996301230075792e-01 1.463996844565714495e-01 1.463997108037901618e-01 1.463996947541833515e-01
1.314525163935492957e-01 1.314525116543936445e-01 1.314525292557211789e-01 1.314525368732060440e-01 1.314525313742989920e-01
2.562140833735315759e-02 2.562140730102003758e-02 2.562141559730306967e-02 2.562142066058755580e-02 2.562141679128976043e-02
1.297718889077822436e-03 1.297718788958025869e-03 1.297719716269895088e-03 1.297720271107881190e-03 1.297719889900282499e-03
