2.867247622699657383e-01 2.867082192934685136e-01 2.867143567140367222e-01 2.867178331293201987e-01 2.867173443344303574e-01
3.099026791226266453e-01 3.099004600349379857e-01 3.099024826795825915e-01 3.098779866588591281e-01 3.098833698195219144e-01
2.982065306258559478e-01 2.982206801118122974e-01 2.982148189042563291e-01 2.981949860388807272e-01 2.982178750357702968e-01
3.205209044442961508e-01 3.205080472022804328e-01 3.205041876784170962e-01 3.205175656332808209e-01 3.205126878470390128e-01
3.802122207685817989e-01 3.802196865507724288e-01 3.801702204360518089e-01 3.801455708843082815e-01 3.801388719894657209e-01
3.292485672151581055e-01 3.292460688365138055e-01 3.292460637981679539e-01 3.292343801283640903e-01 3.292417979963339625e-01
3.427294148784570949e-01 3.427278025190944044e-01 3.427019190757459866e-01 3.427097982450288960e-01 3.426995255203967861e-01
3.347652313904954102e-01 3.347725176225848642e-01 3.347486852594575568e-01 3.347263294780683518e-01 3.347291145841441717e-01
3.345909576381707606e-01 3.345939902417895961e-01 3.346012851263770460e-01 3.346026131289528416e-01 3.345934946717820657e-01
3.428486821865634471e-01 3.428399320818864560e-01 3.428300829867186872e-01 3.428267537982147006e-01 3.428146986758263126e-01
3.291745718280549293e-01 3.291690953163109445e-01 3.291627694666364179e-01 3.291455217088176122e-01 3.291453893944770170e-01
3.793261402246172476e-01 3.793312045115900255e-01 3.793389529319112774e-01 3.793594978295450337e-01 3.793487284851664865e-01
3.198612964759253718e-01 3.198722768326987542e-01 3.198606600133619415e-01 3.198434487937753534e-01 3.198539764827730836e-01
2.974263064405193169e-01 2.974085524219045595e-01 2.974164995596549343e-01 2.974179822896858560e-01 2.974087993746657443e-01
3.089058530055039387e-01 3.089048815530606729e-01 3.089197302397458933e-01 3.089249058169746265e-01 3.089239752183506327e-01
2.856610185178569128e-01 2.856752331561702163e-01 2.856664484983271191e-01 2.856537354410717544e-01 2.856684928789791633e-01
