3.914582230884822329e-03 3.914583594351209866e-03 3.914582208189115037e-03 3.914581434423213858e-03
3.782530474795216258e-02 3.782531607375234917e-02 3.782528579120473383e-02 3.782527461467032753e-02
1.031180322305453867e-01 1.031180561809170865e-01 1.031179825606650530e-01 1.031179639376376550e-01
1.551941866372319734e-01 1.551941921329695884e-01 1.551941612203799337e-01 1.551941586487599056e-01
1.982700416968391777e-01 1.982700386390465752e-01 1.982700290487922623e-01 1.982700343876036275e-01
2.082449755013237869e-01 2.082449715239238774e-01 2.082449655910544040e-01 2.082449696416856233e-01
1.730314496855957784e-01 1.730314457184850274e-01 1.730314288819592150e-01 1.730314312740451888e-01
1.204030733147896243e-01 1.204030606147223625e-01 1.204030432627176822e-01 1.204030493088816545e-01
1.204031809846855955e-01 1.204031751851503407e-01 1.204031753304982688e-01 1.204031741662366234e-01
1.730317164807824715e-01 1.730317158076513928e-01 1.730317094106368081e-01 1.730317103728172545e-01
2.082449246803184661e-01 2.082449254068858557e-01 2.082449337289329905e-01 2.082449371042519592e-01
1.982694211375974069e-01 1.982694186693736982e-01 1.982694259060896746e-01 1.982694260711132250e-01
1.551932982673380201e-01 1.551932936189755474e-01 1.551933203778915471e-01 1.551933189731931617e-01
1.031169906450480761e-01 1.031169925170077606e-01 1.031170377183206477e-01 1.031170304789230385e-01
3.782438321702780853e-02 3.782438486421716567e-02 3.782440353158254137e-02 3.782440012175040250e-02
3.914480003337356996e-03 3.914480146498253328e-03 3.914481549970322792e-03 3.914481189863890272e-03
