9.118819406435420272e-04 9.118327034452501905e-04 8.925845579433746386e-04 9.121976757828712933e-04 9.647781529532539150e-04
1.692012214685098201e-02 1.700519791377673104e-02 1.672416789394219963e-02 1.685341277041696104e-02 1.741250242778561927e-02
8.143525718904870425e-02 8.286759234214582936e-02 8.178539816456421863e-02 8.050604511043332745e-02 8.129002999581003142e-02
6.831913447828243113e-02 7.050594981705730901e-02 6.934003811299699338e-02 6.746764630361884452e-02 6.831378593606916849e-02
5.042186042070056357e-02 5.586127049402116879e-02 5.419474995159570541e-02 5.155750163206579417e-02 5.419468472326849362e-02
6.247690782856069741e-02 7.072250954664985323e-02 6.815426227756291033e-02 6.512668586173972485e-02 7.061788380210372307e-02
5.334530152506216510e-02 5.788843763767313744e-02 5.592830475546646529e-02 5.540274380405105920e-02 6.106142329438583177e-02
5.925903027931669204e-02 6.268806401367098269e-02 5.972675444975659997e-02 5.998198003328922973e-02 6.654039997901614600e-02
6.746660932927768528e-02 7.235106388413868606e-02 6.917364397222326711e-02 6.780986133937422222e-02 7.359759817119337910e-02
4.655980578440007539e-02 5.406316668715508561e-02 5.164626052754911489e-02 4.805453197264623888e-02 5.183309213794345949e-02
7.848972354998240419e-02 8.661656401189034293e-02 8.406431999302621527e-02 8.119304199702152836e-02 8.666969967450220691e-02
9.591508715271335195e-02 1.002844888287665603e-01 9.927246558192329151e-02 9.798520253419690240e-02 1.010885566046749312e-01
4.019995620193184821e-02 3.863116607934469898e-02 3.782290158888155368e-02 4.033727740050065125e-02 4.274617003487941880e-02
4.129520085361586268e-02 3.850976618324888218e-02 3.740369737675199036e-02 4.058978458408895457e-02 4.362624095994634132e-02
9.024703290461099855e-03 9.133613144137421244e-03 8.816838882805237351e-03 8.916887793402062876e-03 9.452501562368072555e-03
5.610356853138893886e-04 5.939206229238625087e-04 5.701840629935105284e-04 5.558867272940045453e-04 5.871712870004771418e-04
