1.875076192480689546e-02 1.875076199528263529e-02 1.875076168501149665e-02 1.875076161558406757e-02
1.638527886206595507e-01 1.638527895892310238e-01 1.638527850797229790e-01 1.638527841066516333e-01
1.596998956861018781e-01 1.596998977666869435e-01 1.596998884458251666e-01 1.596998863394309964e-01
1.604480473465880463e-01 1.604480475531223360e-01 1.604480483918671596e-01 1.604480481422844163e-01
2.023627509634481902e-01 2.023627506683668698e-01 2.023627517141382004e-01 2.023627519578581890e-01
2.118488712434641041e-01 2.118488711181654716e-01 2.118488707705230567e-01 2.118488708711543378e-01
1.998486001066335782e-01 1.998486005520988540e-01 1.998485988317130202e-01 1.998485983707802560e-01
1.331882795904729966e-01 1.331882807887435904e-01 1.331882812592831977e-01 1.331882800983186510e-01
1.331882710614356313e-01 1.331882717184413867e-01 1.331882892028269094e-01 1.331882886211365746e-01
1.998485954163721767e-01 1.998485954396472808e-01 1.998486031007422614e-01 1.998486031380739270e-01
2.118488705523158544e-01 2.118488704072057915e-01 2.118488703671407292e-01 2.118488705150055051e-01
2.023627509111355360e-01 2.023627511557471170e-01 2.023627514995088861e-01 2.023627513379540332e-01
1.604480514377110700e-01 1.604480522146786436e-01 1.604480628456285418e-01 1.604480622112941790e-01
1.596998795604336885e-01 1.596998809884042081e-01 1.596999240119758301e-01 1.596999227773457097e-01
1.638527779422659925e-01 1.638527783490391632e-01 1.638527973689679895e-01 1.638527970781929466e-01
1.875076081897233612e-02 1.875076075464498018e-02 1.875076195081979910e-02 1.875076205093121826e-02
