1.009429754902731771e-04 1.009429761092558390e-04 1.009429749937940443e-04 1.009429778370113915e-04
1.416434230787473277e-04 1.416434309646195943e-04 1.416434209515880934e-04 1.416434331183273078e-04
2.106007606180399297e-04 2.106008026700547406e-04 2.106007711834578279e-04 2.106008064713584405e-04
2.629107760304858887e-03 2.629107917902353837e-03 2.629107846367511984e-03 2.629107952022632921e-03
3.887188707932676124e-02 3.887188728384705083e-02 3.887188729817301486e-02 3.887188748137043043e-02
1.658428901439036596e-01 1.658428902675719019e-01 1.658428902251856407e-01 1.658428906042523077e-01
3.922230430006139190e-02 3.922230450823837450e-02 3.922230421043103321e-02 3.922230476538263871e-02
2.980622702262012477e-03 2.980623019839789920e-03 2.980622676967742760e-03 2.980623035115861560e-03
2.980622661866030344e-03 2.980623038150475787e-03 2.980622762120854318e-03 2.980623017197744484e-03
3.922230401744353223e-02 3.922230467055554115e-02 3.922230459179144868e-02 3.922230460782582390e-02
1.658428900124567229e-01 1.658428904695314621e-01 1.658428903983366620e-01 1.658428903681882782e-01
3.887188723601778945e-02 3.887188744586176498e-02 3.887188721878733627e-02 3.887188736192734306e-02
2.629107826835983680e-03 2.629107950337088856e-03 2.629107814582804740e-03 2.629107936332745598e-03
2.106007651389105867e-04 2.106008043673156434e-04 2.106007716603846484e-04 2.106008014533649329e-04
1.416434192236360292e-04 1.416434344314155907e-04 1.416434296546536240e-04 1.416434317920845897e-04
1.009429734518127258e-04 1.009429774704230401e-04 1.009429767687738928e-04 1.009429764278607633e-04
