3.914976033094601411e-03 3.914978324817688753e-03 3.914975138773936145e-03 3.914973375625714971e-03
3.782863119771908561e-02 3.782864633363747925e-02 3.782862083008329407e-02 3.782860171490794177e-02
1.031191172615649326e-01 1.031191333340365224e-01 1.031190784605676702e-01 1.031190321345883815e-01
1.551929889186263456e-01 1.551929591444606571e-01 1.551929215529185002e-01 1.551929031149544003e-01
1.982679560915544814e-01 1.982678967679987747e-01 1.982678258337595978e-01 1.982678650060206160e-01
2.082445559918010558e-01 2.082444926042831546e-01 2.082444704039965733e-01 2.082445203963206037e-01
1.730305083289192525e-01 1.730304721030135329e-01 1.730304794726685025e-01 1.730304895386003128e-01
1.204041446746674793e-01 1.204041213789546899e-01 1.204041142514393620e-01 1.204041209040604549e-01
1.204044272835943785e-01 1.204044102223476992e-01 1.204044044863684521e-01 1.204044063579042811e-01
1.730311763204924747e-01 1.730311732125940638e-01 1.730311384791697049e-01 1.730311711280837217e-01
2.082445151723149590e-01 2.082444645169882202e-01 2.082444867029842328e-01 2.082445447144611050e-01
1.982669700237851829e-01 1.982669277414652043e-01 1.982669729645588075e-01 1.982670266135865278e-01
1.551912841795318743e-01 1.551912838927360927e-01 1.551913159708423751e-01 1.551913400664710063e-01
1.031171018650837434e-01 1.031171291366383136e-01 1.031172012622814382e-01 1.031171969372787489e-01
3.782701466446625888e-02 3.782702883172625596e-02 3.782706401359776927e-02 3.782705743696129774e-02
3.914795628039420376e-03 3.914797712094082727e-03 3.914801511278559291e-03 3.914800331827652559e-03
