2.798071060571874838e-02 2.798071155463124904e-02 2.798071449238032082e-02 2.798070671081077931e-02 2.798070458946291111e-02
1.715280306630186102e-01 1.715280284229201979e-01 1.715280349757078437e-01 1.715280125314287696e-01 1.715280099791793300e-01
2.007020794781270989e-01 2.007020722447212802e-01 2.007020779532257271e-01 2.007020492427556424e-01 2.007020482695366925e-01
2.003937175177276098e-01 2.003937188093735111e-01 2.003937075593564543e-01 2.003937497353453501e-01 2.003937451825406335e-01
2.002300255287212116e-01 2.002300259738231392e-01 2.002300209522129004e-01 2.002300568615349718e-01 2.002300568792387270e-01
2.000250956731555729e-01 2.000250725626735171e-01 2.000251223996019623e-01 2.000251090045559454e-01 2.000251064897380082e-01
1.998519413811333245e-01 1.998519141793600462e-01 1.998519637376727498e-01 1.998520601428145360e-01 1.998520364464978494e-01
1.992877895872618432e-01 1.992877909370702749e-01 1.992877619318800808e-01 1.992881115127301817e-01 1.992881087606915846e-01
1.992878450180231853e-01 1.992878549399107746e-01 1.992878408298003334e-01 1.992882555429026370e-01 1.992882877716178891e-01
1.998520843823386739e-01 1.998520785698594537e-01 1.998521122680849971e-01 1.998523554593625018e-01 1.998523951145037281e-01
2.000252488194671774e-01 2.000252721599921346e-01 2.000252939207675940e-01 2.000253339727907920e-01 2.000253409043959429e-01
2.002301802313225243e-01 2.002302256510998524e-01 2.002302168085132172e-01 2.002301879328319545e-01 2.002301859130221906e-01
2.003938084479324477e-01 2.003938284367808298e-01 2.003938186925967035e-01 2.003938095317171764e-01 2.003938157902225847e-01
2.007021086724289083e-01 2.007021187513493565e-01 2.007021173217514165e-01 2.007021157595993144e-01 2.007021168435033087e-01
1.715280642094095531e-01 1.715280676481204247e-01 1.715280677720159297e-01 1.715280678337928189e-01 1.715280680825764237e-01
2.798072093768113125e-02 2.798072168107468283e-02 2.798072156911941138e-02 2.798072194103063196e-02 2.798072240672954888e-02
