1.875076188327689727e-02 1.875076189018709885e-02 1.875076180141848833e-02 1.875076179455512082e-02
1.638527873364859500e-01 1.638527874299936793e-01 1.638527861497077187e-01 1.638527860536383440e-01
1.596998921837184671e-01 1.596998923855373620e-01 1.596998896501648224e-01 1.596998894406602421e-01
1.604480463852656080e-01 1.604480464132383155e-01 1.604480462465967816e-01 1.604480462104581340e-01
2.023627503807023664e-01 2.023627503712699949e-01 2.023627505539435101e-01 2.023627505605239130e-01
2.118488704932439959e-01 2.118488704892957930e-01 2.118488704547963897e-01 2.118488704518597943e-01
1.998486006483174982e-01 1.998486006655477987e-01 1.998486001402939582e-01 1.998486001112014798e-01
1.331882918939651661e-01 1.331882919863696113e-01 1.331882914357191139e-01 1.331882913365745602e-01
1.331882902444782024e-01 1.331882904422391489e-01 1.331882930584818159e-01 1.331882928664440691e-01
1.998485997263159120e-01 1.998485998080354042e-01 1.998486010380739752e-01 1.998486009627581661e-01
2.118488704430206149e-01 2.118488704422281932e-01 2.118488704658830768e-01 2.118488704657968125e-01
2.023627505442544827e-01 2.023627505357238898e-01 2.023627505302656726e-01 2.023627505447337660e-01
1.604480466738009148e-01 1.604480467506165797e-01 1.604480482098525618e-01 1.604480481517386314e-01
1.596998886515931249e-01 1.596998890384955794e-01 1.596998954652567582e-01 1.596998950940805018e-01
1.638527853002258727e-01 1.638527854761668567e-01 1.638527883644336769e-01 1.638527881938106889e-01
1.875076171614703177e-02 1.875076172851151968e-02 1.875076192504007006e-02 1.875076191296771999e-02
