2.981176509187358388e-03 2.981176553168399419e-03 2.981176497606597298e-03 2.981176454449560326e-03
2.497345058731301193e-02 2.497345112437936859e-02 2.497345051359490392e-02 2.497344994776850430e-02
1.673381553428979207e-02 1.673381672025690131e-02 1.673381542015859452e-02 1.673381413899488815e-02
7.169382132736150381e-02 7.169382176018566921e-02 7.169382148078720651e-02 7.169382117369833829e-02
1.935282381599691959e-01 1.935282384670257982e-01 1.935282383079304502e-01 1.935282383416048468e-01
2.074356785589295260e-01 2.074356787679611513e-01 2.074356785941849635e-01 2.074356786342733683e-01
1.664086962521440505e-01 1.664086963786420292e-01 1.664086962081791077e-01 1.664086966331800588e-01
6.624505094419264051e-02 6.624504993048066503e-02 6.624505090562417264e-02 6.624505332499688870e-02
6.624503410687351823e-02 6.624502932753148499e-02 6.624503416946812828e-02 6.624504297857632118e-02
1.664086565485844993e-01 1.664086557220449958e-01 1.664086565943589391e-01 1.664086625451866031e-01
2.074356793746188754e-01 2.074356798914054056e-01 2.074356793536085986e-01 2.074356817139765552e-01
1.935282783076757995e-01 1.935282781879793523e-01 1.935282781544161723e-01 1.935282796375923930e-01
7.169384549745515256e-02 7.169384512999076031e-02 7.169384527653506478e-02 7.169384645768094033e-02
1.673385691847709481e-02 1.673385579449031615e-02 1.673385685639735415e-02 1.673385824726666971e-02
2.497353126772301757e-02 2.497353078623288508e-02 2.497353125911659644e-02 2.497353181037935757e-02
2.981185980584308108e-03 2.981185947940005482e-03 2.981185979415334770e-03 2.981186023941870440e-03
