1.744314801336020737e-01 1.744314798899421204e-01 1.744314804402880281e-01 1.744314811557469980e-01 1.744314807443080595e-01
2.214048375931940982e-01 2.214048365843387378e-01 2.214048370925600639e-01 2.214048381325166570e-01 2.214048373081566601e-01
2.038637628109108146e-01 2.038637618044164823e-01 2.038637606744985731e-01 2.038637601246896525e-01 2.038637592653691211e-01
2.005358097171857923e-01 2.005358079260791682e-01 2.005358045178724791e-01 2.005358027000619658e-01 2.005358021523079848e-01
2.001585092529175880e-01 2.001585051537001503e-01 2.001584998629300227e-01 2.001584969780278167e-01 2.001584959244183393e-01
2.001267459397012838e-01 2.001267384645446235e-01 2.001267327699814136e-01 2.001267280961228634e-01 2.001267239943373133e-01
1.999147630620740634e-01 1.999147521726077348e-01 1.999147455936265416e-01 1.999147400630628124e-01 1.999147335086677302e-01
1.995642712152753684e-01 1.995642615128803143e-01 1.995642568206748013e-01 1.995642532543554226e-01 1.995642463870711258e-01
1.995642458826025201e-01 1.995642442588954346e-01 1.995642451741010126e-01 1.995642450484237107e-01 1.995642423884800010e-01
1.999147118092191588e-01 1.999147163932678828e-01 1.999147210794777474e-01 1.999147252869369340e-01 1.999147254371936855e-01
2.001266919742144546e-01 2.001266962652332726e-01 2.001267006073365051e-01 2.001267038621120653e-01 2.001267048002570437e-01
2.001584603302892507e-01 2.001584624962060577e-01 2.001584659509095809e-01 2.001584684724556917e-01 2.001584689096460867e-01
2.005357674230381637e-01 2.005357682368906769e-01 2.005357698156759183e-01 2.005357713915693618e-01 2.005357719242087666e-01
2.038637310128327551e-01 2.038637314649187904e-01 2.038637319578559259e-01 2.038637326366373737e-01 2.038637332312461248e-01
2.214048086345703770e-01 2.214048092635374498e-01 2.214048087671395548e-01 2.214048085390684650e-01 2.214048092048460370e-01
1.744314358840727552e-01 1.744314361201820263e-01 1.744314357909011737e-01 1.744314355811171224e-01 1.744314358976146728e-01
