3.586653827414966744e-01 3.589134150491120057e-01 3.586262167512784260e-01 3.584897283297800996e-01 3.586451257915493906e-01
3.517684450031166032e-01 3.518775626249683319e-01 3.512681371688206600e-01 3.507923763419037999e-01 3.511182210323876562e-01
3.030820233324996726e-01 3.030541908241227711e-01 3.032887679975967976e-01 3.033513522120457884e-01 3.033121640327957613e-01
3.899548341546487107e-01 3.901470715378030363e-01 3.898617867192587516e-01 3.895763557651045761e-01 3.896791873805796058e-01
3.860543295705087252e-01 3.862021819158045211e-01 3.858493784726563791e-01 3.856324705691900334e-01 3.856391196852487768e-01
3.832553186392138045e-01 3.833517904545291066e-01 3.834729491415926894e-01 3.834078321759373242e-01 3.834328293335289572e-01
3.902070595455312541e-01 3.903080552781837409e-01 3.894042080948876827e-01 3.887607042050196249e-01 3.892149847726240619e-01
3.338164577707817271e-01 3.338934113063461440e-01 3.337084018985682077e-01 3.336409261131189075e-01 3.337203626615559138e-01
3.773752869342872907e-01 3.774132233628315625e-01 3.773289983896261357e-01 3.772859532487875533e-01 3.772897541507579944e-01
3.476821335202570085e-01 3.477740455588095858e-01 3.468363060912496576e-01 3.463587384735206665e-01 3.466580548608522161e-01
3.349727855999202752e-01 3.348606989760204988e-01 3.349499592226106159e-01 3.350553595602739909e-01 3.349628515903674830e-01
3.981072622284396179e-01 3.981318189507223604e-01 3.977813429695610248e-01 3.975605695124511119e-01 3.976778123901969497e-01
3.215875698270015404e-01 3.216841669509772350e-01 3.212413644935094292e-01 3.209891779752510610e-01 3.210903730664174116e-01
3.256043374792707557e-01 3.254721300544836660e-01 3.255497558213841236e-01 3.256771241944634299e-01 3.255378434322898085e-01
3.123800635905846779e-01 3.123906113012088204e-01 3.117653901805838013e-01 3.112994678701079820e-01 3.116620313022237521e-01
2.884109273917940253e-01 2.884647444071152256e-01 2.882947842442106223e-01 2.881527937008412366e-01 2.882372707290532521e-01
