1.875076210914949568e-02 1.875076225447038641e-02 1.875076123775488990e-02 1.875076106366738507e-02
1.638527942927269221e-01 1.638527962569652219e-01 1.638527817216981763e-01 1.638527796540851511e-01
1.596999169849384059e-01 1.596999213471700929e-01 1.596998896221021036e-01 1.596998851021460553e-01
1.604480610174293664e-01 1.604480621205666979e-01 1.604480572695358431e-01 1.604480560482793861e-01
2.023627520960324666e-01 2.023627520114794076e-01 2.023627527039851826e-01 2.023627527440723661e-01
2.118488715299456648e-01 2.118488713228718345e-01 2.118488708698415268e-01 2.118488709243668278e-01
1.998486002416250962e-01 1.998486008721541973e-01 1.998485949613408030e-01 1.998485941706800717e-01
1.331882634215973693e-01 1.331882653462988786e-01 1.331882561867226145e-01 1.331882542027966188e-01
1.331882510102925243e-01 1.331882523212415681e-01 1.331882681743346841e-01 1.331882670131697421e-01
1.998485934142320841e-01 1.998485936552398534e-01 1.998486015450270104e-01 1.998486014491042129e-01
2.118488709448037022e-01 2.118488708112930274e-01 2.118488707210597066e-01 2.118488709448744234e-01
2.023627523275180196e-01 2.023627526673863197e-01 2.023627522083853436e-01 2.023627519236732564e-01
1.604480609528255441e-01 1.604480624139462408e-01 1.604480713994606844e-01 1.604480701510417051e-01
1.596998867412027234e-01 1.596998900307589342e-01 1.596999346499842765e-01 1.596999316483729281e-01
1.638527778320190420e-01 1.638527790871193157e-01 1.638527990105606846e-01 1.638527979475522534e-01
1.875076067503576513e-02 1.875076069082880215e-02 1.875076194188225048e-02 1.875076198728534149e-02
