1.981100608857512824e-01 1.981102405621213702e-01 1.981106104344321772e-01 1.981105585117106105e-01
2.277567273289259897e-01 2.277570837226522149e-01 2.277575525950127910e-01 2.277575481022461601e-01
1.936775652108535806e-01 1.936778322230280625e-01 1.936780722704291302e-01 1.936780436851048282e-01
1.898710503804350580e-01 1.898711508662009884e-01 1.898714066375146725e-01 1.898712846726323400e-01
2.047027779682739357e-01 2.047027223397703266e-01 2.047027355380505176e-01 2.047026661652210922e-01
2.124767175185066914e-01 2.124767326922707145e-01 2.124768625646548115e-01 2.124767672908675353e-01
2.047046096686077066e-01 2.047060005881747025e-01 2.047056809298302416e-01 2.047060125300271261e-01
1.876749303953399173e-01 1.876752210025999790e-01 1.876752069701792536e-01 1.876751162719376975e-01
1.888929140103972892e-01 1.888929320108151122e-01 1.888930742200274071e-01 1.888929633436839395e-01
2.050509025689525588e-01 2.050508503572180119e-01 2.050509574624712339e-01 2.050509722327502338e-01
2.122239061699574547e-01 2.122238943304201320e-01 2.122238852259078490e-01 2.122239028569241626e-01
2.046882856271041995e-01 2.046883266830951675e-01 2.046882479980651481e-01 2.046883283700145495e-01
1.896779700221270237e-01 1.896779836882166725e-01 1.896779325994579490e-01 1.896780947997317446e-01
1.897920042406693319e-01 1.897919217321544783e-01 1.897919380674741863e-01 1.897919986319400454e-01
1.679521850252478632e-01 1.679521440365236429e-01 1.679522399235796049e-01 1.679520489863319532e-01
2.274489346585339619e-02 2.274495136192654365e-02 2.274498709126419535e-02 2.274481433641458925e-02
