1.529323364431013329e-03 1.580047510826708846e-03 1.521758618782353923e-03 1.435009903312124864e-03 1.439685239771335609e-03
2.379513733938265138e-02 2.485374892992419163e-02 2.363725210181890496e-02 2.182680313819133910e-02 2.192438218622597135e-02
1.058712848537850942e-01 1.156022564170326034e-01 1.044198884563688201e-01 8.777783118315719835e-02 8.867484384032849054e-02
8.133916757382812779e-02 9.110125921191328247e-02 7.988311864232106041e-02 6.318783291056317974e-02 6.408771864327060530e-02
8.717938453362200635e-02 8.827585320329819907e-02 8.701584160834616166e-02 8.514064090983065880e-02 8.524171486588519309e-02
9.939887738464811551e-02 9.948352831561088627e-02 9.938625199526379683e-02 9.924147943916401815e-02 9.924928215572026424e-02
1.062942844224251393e-01 1.063133817920097618e-01 1.062914403871722674e-01 1.062587819606595624e-01 1.062605395588819557e-01
1.058314262628663599e-01 1.057416808975915890e-01 1.058448174427161076e-01 1.059983048919583143e-01 1.059900286293564420e-01
1.052254732577194846e-01 1.051357262174564128e-01 1.052388601526203504e-01 1.053923480013492925e-01 1.053840743101836369e-01
1.060712398132225842e-01 1.060903345564482708e-01 1.060683899755585496e-01 1.060357326617341334e-01 1.060374936967330706e-01
1.000024679349874185e-01 1.000871174722873791e-01 9.998984255139174715e-02 9.984507291429992049e-02 9.985287535049196250e-02
9.999556354899007127e-02 1.010920310517738202e-01 9.983203626999025138e-02 9.795684622327074931e-02 9.805791203070432505e-02
1.282084043351041369e-01 1.379704749559217680e-01 1.267523717493655999e-01 1.100571280027263232e-01 1.109570072379851835e-01
6.100709308373909040e-02 7.073803949415384540e-02 5.955568808702691591e-02 4.291366790280446569e-02 4.381068521592174081e-02
1.142180150453711920e-02 1.248040885842222406e-02 1.126390689910130097e-02 9.453461639954143306e-03 9.551045950409654817e-03
9.364557696546398167e-04 9.871799580897966560e-04 9.288906872076284002e-04 8.421421551622970073e-04 8.468177992438648098e-04
