2.093484280860238023e-01 2.093478951134806754e-01 2.093474907665834051e-01 2.093479448920342045e-01
2.701511841399352742e-01 2.701495053620893705e-01 2.701475598588078952e-01 2.701494032916559318e-01
3.006090256907921754e-01 3.006125046892953456e-01 3.006181950755039134e-01 3.006155063195256605e-01
3.278669669029838918e-01 3.278642935990831453e-01 3.278593552729666682e-01 3.278599393803688922e-01
2.552446194434795923e-01 2.552408362538096664e-01 2.552408795653766660e-01 2.552413434835618111e-01
2.692452181528943167e-01 2.692441936061703012e-01 2.692434802658265625e-01 2.692441447829305168e-01
2.646062311244523624e-01 2.646064458376075068e-01 2.646076424153583906e-01 2.646063171257440616e-01
3.529381351113594079e-01 3.529330914689143284e-01 3.529281072883845294e-01 3.529311988500177799e-01
3.529303316748989006e-01 3.529324894204164953e-01 3.529338487106890576e-01 3.529331176436201201e-01
2.646068352781166255e-01 2.646074706085953521e-01 2.646058711586624645e-01 2.646071694737827107e-01
2.692452355483913040e-01 2.692446789504233107e-01 2.692444324978918724e-01 2.692447675179371336e-01
2.552426360243889580e-01 2.552436142995818114e-01 2.552442325457820460e-01 2.552439422662365898e-01
3.278657761346893129e-01 3.278641552534937165e-01 3.278597033114235004e-01 3.278623193608642405e-01
3.006136319012148173e-01 3.006141720654436633e-01 3.006164832668488662e-01 3.006158451356106820e-01
2.701482406169286588e-01 2.701487379476987249e-01 2.701491135501585261e-01 2.701484652995305158e-01
2.093462834875152723e-01 2.093464413251471257e-01 2.093465156778891167e-01 2.093463588292130417e-01
