1.009429747682493095e-04 1.009429761814025411e-04 1.009429741050693223e-04 1.009429803041424374e-04
1.416434202515097246e-04 1.416434347383572644e-04 1.416434174866823222e-04 1.416434437301241766e-04
2.106007424710171455e-04 2.106008227228805413e-04 2.106007502979308503e-04 2.106008322917949413e-04
2.629107699547337477e-03 2.629108003054197746e-03 2.629107772654355746e-03 2.629108037922005606e-03
3.887188699965944683e-02 3.887188741396816610e-02 3.887188718143174543e-02 3.887188761771272205e-02
1.658428900039078391e-01 1.658428902372038327e-01 1.658428900236391113e-01 1.658428909262305018e-01
3.922230409948450347e-02 3.922230454017291285e-02 3.922230395896799532e-02 3.922230528477946981e-02
2.980622493085193815e-03 2.980623219749699727e-03 2.980622461687199801e-03 2.980623307591977016e-03
2.980622452927882311e-03 2.980623241115744945e-03 2.980622575588882592e-03 2.980623206996234776e-03
3.922230371749748506e-02 3.922230490558027693e-02 3.922230446481256988e-02 3.922230476969794377e-02
1.658428897770672927e-01 1.658428906073483033e-01 1.658428903127744936e-01 1.658428904603450882e-01
3.887188709141877613e-02 3.887188753734327484e-02 3.887188710718708640e-02 3.887188745632701864e-02
2.629107744180847472e-03 2.629108018248167526e-03 2.629107739082165145e-03 2.629108003319228365e-03
2.106007424397975710e-04 2.106008251173386539e-04 2.106007518942257239e-04 2.106008212737370559e-04
1.416434126880660924e-04 1.416434397410739840e-04 1.416434256892224505e-04 1.416434364182414963e-04
1.009429719903991212e-04 1.009429785802395295e-04 1.009429761962964025e-04 1.009429773152160296e-04
