2.590603683514120653e-03 2.590606237681866448e-03 2.590604145106934972e-03 2.590598777720626994e-03 2.590598455810820457e-03
3.014125825459203212e-02 3.014126667014033548e-02 3.014126568118750960e-02 3.014124840356521493e-02 3.014124422404025616e-02
1.213097692475226808e-01 1.213097786241561782e-01 1.213097830260402021e-01 1.213097741767712318e-01 1.213097683197667948e-01
1.592973556246639610e-01 1.592973576559210402e-01 1.592973751675399452e-01 1.592973492735285379e-01 1.592973499895654066e-01
1.928759865252138161e-01 1.928759811431900173e-01 1.928760012327006002e-01 1.928759298260860899e-01 1.928759429288594562e-01
1.976117156142599973e-01 1.976117121893901374e-01 1.976117184516213987e-01 1.976116758313382349e-01 1.976116849277074761e-01
1.773392550595626893e-01 1.773392469824295048e-01 1.773392704302731160e-01 1.773392801580909728e-01 1.773392812249575123e-01
1.188349157204237616e-01 1.188349155320613942e-01 1.188349331940360409e-01 1.188349439469349594e-01 1.188349447331608355e-01
1.188349212383659204e-01 1.188349322799707869e-01 1.188349596714667333e-01 1.188349504598207873e-01 1.188349508159718265e-01
1.773392328985750055e-01 1.773392445638991566e-01 1.773392743558256379e-01 1.773392015804956534e-01 1.773392156817616694e-01
1.976116358448628263e-01 1.976116417433448902e-01 1.976116432570896586e-01 1.976115952331917724e-01 1.976116080369486327e-01
1.928756887564899714e-01 1.928756749887051147e-01 1.928756805573211275e-01 1.928756913392703498e-01 1.928756994735415786e-01
1.592968179441696108e-01 1.592968058595070069e-01 1.592968027213444437e-01 1.592968228936456065e-01 1.592968306268392475e-01
1.213092286670011677e-01 1.213092238409511914e-01 1.213092163096324144e-01 1.213092296301317291e-01 1.213092341396458107e-01
3.014102468506554486e-02 3.014101859121926311e-02 3.014101829935363769e-02 3.014102974545559283e-02 3.014103280062614340e-02
2.590584801242144190e-03 2.590582701641197094e-03 2.590584451226674023e-03 2.590588586222676310e-03 2.590588637011098823e-03
