3.663272586836869432e-03 3.689151534798461481e-03 3.665263853821537111e-03 3.687999924918901849e-03
3.234894577866213872e-02 3.258015746122402967e-02 3.237768155759765398e-02 3.256353579486204880e-02
4.291788113931113702e-02 4.374412948613320973e-02 4.322973575431490051e-02 4.368907460737570664e-02
5.765025519828499007e-02 5.901268261229129092e-02 5.879920689663029748e-02 5.892331409993954716e-02
1.039802031960847944e-01 1.051113515127781173e-01 1.045393758251457889e-01 1.050704701368514876e-01
1.959585925609307888e-01 1.970574937628497836e-01 1.960576870211878098e-01 1.970470266151249372e-01
1.723158656353234730e-01 1.727768048828053626e-01 1.723754732101002163e-01 1.727439763783030768e-01
1.198052374979863416e-01 1.192307354173123141e-01 1.195951402959069682e-01 1.191858284981394955e-01
1.025852339933452789e-01 1.014959909572366592e-01 1.014552410166916496e-01 1.015614194289174432e-01
1.289473458744808121e-01 1.290676156119564821e-01 1.283988205094861446e-01 1.291078546689469475e-01
2.011512800099660159e-01 2.021524756251180666e-01 2.010757091135512153e-01 2.021628935106301594e-01
1.917911313743387580e-01 1.925740137328038892e-01 1.917293653916326834e-01 1.926081537993203363e-01
9.669103986593864664e-02 9.729109255610920992e-02 9.648087444630783216e-02 9.736676663184305747e-02
3.555817094534213796e-02 3.588718165611483324e-02 3.498608572261699412e-02 3.594227355992905132e-02
1.053368349676275621e-02 1.061058498089832366e-02 1.028859802614920556e-02 1.062856660625371985e-02
1.115587216393303148e-03 1.130764169762402301e-03 1.098626379141815716e-03 1.132008388179871162e-03
