1.885829211415553791e-02 1.885829211766898439e-02 1.885829210569056613e-02 1.885829209974784412e-02
1.664549442326203887e-01 1.664549442478645280e-01 1.664549442027384307e-01 1.664549441760869442e-01
1.885039776036705472e-01 1.885039775904031323e-01 1.885039775056930877e-01 1.885039774669561852e-01
1.886624915636771205e-01 1.886624915275685599e-01 1.886624914818805510e-01 1.886624915130598046e-01
2.044532455403345328e-01 2.044532454704299784e-01 2.044532454680567379e-01 2.044532455050412090e-01
2.109707792936258153e-01 2.109707792541782034e-01 2.109707792505595980e-01 2.109707791996045800e-01
1.915195320510490185e-01 1.915195320626635611e-01 1.915195320150166192e-01 1.915195320147230207e-01
8.057672608702379224e-02 8.057672612089128439e-02 8.057672606854593411e-02 8.057672606482942090e-02
8.057672672902406463e-02 8.057672671218642224e-02 8.057672680528882303e-02 8.057672678109990827e-02
1.915195359015539334e-01 1.915195358416969251e-01 1.915195359449935741e-01 1.915195359069978287e-01
2.109707841829978892e-01 2.109707841595434008e-01 2.109707842008619327e-01 2.109707841935114792e-01
2.044532486397740711e-01 2.044532486622322731e-01 2.044532486651871039e-01 2.044532486614043798e-01
1.886624968455877793e-01 1.886624968980881722e-01 1.886624968927569368e-01 1.886624968677746150e-01
1.885039822408772492e-01 1.885039822654597796e-01 1.885039823370849854e-01 1.885039823291039529e-01
1.664549447699575080e-01 1.664549447657370507e-01 1.664549447976581831e-01 1.664549448055933634e-01
1.885829229641143231e-02 1.885829229285147790e-02 1.885829229351661598e-02 1.885829229720400665e-02
