3.664071064567077027e-03 3.688688972960053533e-03 3.664485841362163411e-03 3.688444215722572975e-03
3.236040315894903041e-02 3.257365251134668183e-02 3.236639384058027230e-02 3.257012210749199443e-02
4.304262071907037634e-02 4.372320958375942868e-02 4.310664992051356503e-02 4.371158281920894256e-02
5.810565077750855234e-02 5.897564560531701888e-02 5.834063712443809946e-02 5.895692095904681018e-02
1.041967790325388499e-01 1.050892359156618688e-01 1.043111145479355267e-01 1.050806918262989220e-01
1.959970934605749782e-01 1.970527004904217838e-01 1.960173869695559512e-01 1.970505068241330537e-01
1.723401480231535887e-01 1.727642231381155691e-01 1.723521140794569140e-01 1.727576075741456829e-01
1.197261001347909304e-01 1.192174429408977693e-01 1.196832468578888642e-01 1.192088756949915979e-01
1.021388288756244211e-01 1.015249622007361741e-01 1.019082213829602956e-01 1.015389201545339737e-01
1.287259397441533337e-01 1.290805807339988898e-01 1.286140850797793944e-01 1.290889759341462550e-01
2.011206825215411387e-01 2.021562626326998680e-01 2.011052475423585340e-01 2.021584164711966447e-01
1.917667180904610025e-01 1.925879062132754005e-01 1.917540676240254149e-01 1.925948691739618190e-01
9.660982194824532798e-02 9.732349632958153807e-02 9.656645093355355203e-02 9.733899185705766066e-02
3.533269555711041759e-02 3.591052978902978254e-02 3.521439775564389613e-02 3.592203651404309722e-02
1.043513904160889641e-02 1.061637939800524726e-02 1.038445226844450509e-02 1.062016703922568674e-02
1.108688994215383016e-03 1.131089049138066932e-03 1.105181239631968133e-03 1.131351177601735676e-03
