3.017354863934271769e-01 3.017344108293426586e-01 3.017262554349885995e-01 3.017278069379106253e-01
4.312979585787646841e-01 4.312988376785448774e-01 4.313047127931881053e-01 4.313035468434212594e-01
4.860957943782871493e-01 4.860961837640741523e-01 4.860962016031075694e-01 4.860949160709615580e-01
4.606726886454887704e-01 4.606721683886183527e-01 4.606714659221661234e-01 4.606716009800073119e-01
3.873641989198317037e-01 3.873639740723400227e-01 3.873640631648647137e-01 3.873632273090313327e-01
3.255790885628629394e-01 3.255784654943102430e-01 3.255768148846782672e-01 3.255758711651053350e-01
3.983238225842153923e-01 3.983241051810467170e-01 3.983228641797733616e-01 3.983227269933413139e-01
4.589569215507532940e-01 4.589573933826260332e-01 4.589553709915890622e-01 4.589542624511120938e-01
4.589553065637848595e-01 4.589551447040030041e-01 4.589556036872771139e-01 4.589559251235508786e-01
3.983266523129787018e-01 3.983268974495753900e-01 3.983238982103199932e-01 3.983234401828973925e-01
3.255767931567856155e-01 3.255760962947099602e-01 3.255776069287800167e-01 3.255776896948842092e-01
3.873567396117332251e-01 3.873572203970014893e-01 3.873564587533009917e-01 3.873562977504029781e-01
4.606690202134393619e-01 4.606689337083151314e-01 4.606698365802027739e-01 4.606698795714391226e-01
4.860906032714852332e-01 4.860911687295445538e-01 4.860868964887894994e-01 4.860863292722518159e-01
4.312960801310691261e-01 4.313002176415650091e-01 4.312723031407881269e-01 4.312680841123751607e-01
3.017063356201899471e-01 3.017006671810025797e-01 3.017385856932173205e-01 3.017440816928709246e-01
