2.216462239814576685e-01 2.216462233810942706e-01 2.216462223866431380e-01 2.216462221671413046e-01 2.216462223918810037e-01
2.354323155941797918e-01 2.354323140310422280e-01 2.354323120950808090e-01 2.354323112344103297e-01 2.354323102883152663e-01
2.175882386422995085e-01 2.175882357768145481e-01 2.175882301945696873e-01 2.175882278447447138e-01 2.175882281226443338e-01
2.391946721214202598e-01 2.391946732471599280e-01 2.391946719362112173e-01 2.391946720965083262e-01 2.391946706406106182e-01
2.030350548677435363e-01 2.030350560989819808e-01 2.030350567753307633e-01 2.030350578343731727e-01 2.030350589845107134e-01
2.502209439613125030e-01 2.502209426602069464e-01 2.502209367888262315e-01 2.502209355259202295e-01 2.502209399186003380e-01
2.095888877852629950e-01 2.095888853158247300e-01 2.095888808829403371e-01 2.095888777867276342e-01 2.095888800324196832e-01
2.232937587875613306e-01 2.232937531427729161e-01 2.232937471044565692e-01 2.232937436293571387e-01 2.232937454007700162e-01
2.232937380301973640e-01 2.232937387012512154e-01 2.232937395668587455e-01 2.232937403477714133e-01 2.232937391540241734e-01
2.095888807012149802e-01 2.095888807458489711e-01 2.095888798708387957e-01 2.095888801851100991e-01 2.095888817316411690e-01
2.502209209864403316e-01 2.502209184635480477e-01 2.502209112198588437e-01 2.502209089666821984e-01 2.502209160472240734e-01
2.030350539326265802e-01 2.030350476049448960e-01 2.030350441135999051e-01 2.030350417882099967e-01 2.030350435709217249e-01
2.391946575522643503e-01 2.391946530586190889e-01 2.391946497799430360e-01 2.391946494001834234e-01 2.391946509033565649e-01
2.175882070999474172e-01 2.175882109248861718e-01 2.175882118588929326e-01 2.175882134914697841e-01 2.175882152616675225e-01
2.354322973299449173e-01 2.354323033117035613e-01 2.354323018064004569e-01 2.354323017461406597e-01 2.354323050517666271e-01
2.216461843025483436e-01 2.216461843593688918e-01 2.216461856725008561e-01 2.216461849806024564e-01 2.216461849208746226e-01
