3.716138199779680518e-01 3.716128695743559640e-01 3.716106678787270412e-01 3.716072866258939289e-01 3.716009711064766075e-01
4.201187337432081281e-01 4.201132482462889284e-01 4.201073671939037357e-01 4.201030125342889998e-01 4.200829390621402815e-01
4.055344198106642373e-01 4.055240831168137605e-01 4.055006030181789178e-01 4.054943089342881168e-01 4.054723954839645761e-01
4.017276045884143332e-01 4.017204145927930070e-01 4.016935595822575533e-01 4.016887855475770319e-01 4.016870104680716480e-01
4.002299138431679726e-01 4.002277327356998371e-01 4.002211186045246394e-01 4.002120276587757264e-01 4.002123866890376913e-01
3.991895234128062797e-01 3.991996479115206276e-01 3.991719562113872355e-01 3.991422616511992039e-01 3.991453108462045263e-01
3.971082019225105064e-01 3.971432897670411077e-01 3.970412909837625071e-01 3.969238285218253948e-01 3.969345910158399438e-01
3.903247200826311381e-01 3.905917638042946671e-01 3.899764931725437367e-01 3.892769242272279828e-01 3.894336393858341960e-01
3.744885985929133909e-01 3.749253996464467775e-01 3.739244192057369909e-01 3.728171427127103255e-01 3.731129615797164623e-01
3.897480449080346077e-01 3.899615082099028296e-01 3.894128190996615224e-01 3.888391651750904843e-01 3.889788338246488175e-01
3.942722305564302365e-01 3.943008104528817892e-01 3.941876435239626830e-01 3.940814129564964019e-01 3.940821120058548011e-01
3.905468356419474762e-01 3.905912201113359572e-01 3.905185172294032281e-01 3.904486575118613634e-01 3.904585353932532032e-01
3.721415949929659517e-01 3.723520627655003135e-01 3.721220369159259911e-01 3.718080884575933887e-01 3.718431477185912271e-01
3.243789083888279912e-01 3.246080114148003903e-01 3.244078184726804093e-01 3.241038039073050880e-01 3.241370634085173896e-01
3.360939226976439320e-01 3.361244493294608393e-01 3.361522051830033164e-01 3.361701002631642399e-01 3.361611170666560233e-01
2.342515641275910443e-01 2.342309576843370211e-01 2.342691766445113288e-01 2.343175966971280388e-01 2.343087819915427583e-01
