4.613322947149389730e-03 4.613322944820137488e-03 4.613322943181907138e-03 4.613322944967942867e-03
4.522572491032418596e-02 4.522572488086643028e-02 4.522572486886158177e-02 4.522572489309122784e-02
1.300536767754552347e-01 1.300536767144804817e-01 1.300536766821708545e-01 1.300536767462140419e-01
1.810750031016423456e-01 1.810750030848413128e-01 1.810750030552204792e-01 1.810750030739937400e-01
2.038202041255665342e-01 2.038202041280905430e-01 2.038202041044145929e-01 2.038202041071532356e-01
2.068250247852670698e-01 2.068250247978966894e-01 2.068250247971785694e-01 2.068250247896183391e-01
1.582253732282201397e-01 1.582253732275488989e-01 1.582253732395557944e-01 1.582253732311828254e-01
7.016166821504510320e-02 7.016166816580043930e-02 7.016166816475251367e-02 7.016166817245428344e-02
7.016166708038018562e-02 7.016166703320944609e-02 7.016166706531579145e-02 7.016166707621968035e-02
1.582253705639396490e-01 1.582253705515924702e-01 1.582253705697677926e-01 1.582253705672775346e-01
2.068250244092142420e-01 2.068250244205058486e-01 2.068250244286801709e-01 2.068250244353033451e-01
2.038202045031431708e-01 2.038202045174854482e-01 2.038202045714055666e-01 2.038202045397318751e-01
1.810750044985369733e-01 1.810750045474257552e-01 1.810750045901649563e-01 1.810750045462755919e-01
1.300536793708226835e-01 1.300536794555653963e-01 1.300536794359900550e-01 1.300536793577918016e-01
4.522572813332953467e-02 4.522572816131622403e-02 4.522572814767655824e-02 4.522572812140041032e-02
4.613323363118019931e-03 4.613323364556214112e-03 4.613323364156244992e-03 4.613323361733322019e-03
