1.529324250235274216e-03 1.580048310765478151e-03 1.521759074242296254e-03 1.435010241424042451e-03 1.439685835502594420e-03
2.379514348658086365e-02 2.485375430628601265e-02 2.363725349655628263e-02 2.182680341063322760e-02 2.192438523492302657e-02
1.058712897286067101e-01 1.156022614577230656e-01 1.044198897499184903e-01 8.777783155795984560e-02 8.867484677952770789e-02
8.133917675045826412e-02 9.110127038477056072e-02 7.988312980128249585e-02 6.318784372810840044e-02 6.408773011714218037e-02
8.717937622496621519e-02 8.827584644189524765e-02 8.701583398538834113e-02 8.514063292572182640e-02 8.524170745161938068e-02
9.939886441313149079e-02 9.948351586007102287e-02 9.938623832780066336e-02 9.924146545310330580e-02 9.924926882152720897e-02
1.062942752036480781e-01 1.063133721959501898e-01 1.062914279931820027e-01 1.062587685706457286e-01 1.062605282337171775e-01
1.058314236331237279e-01 1.057416798974745581e-01 1.058448105132640399e-01 1.059982927787401497e-01 1.059900191683308679e-01
1.052254565078624138e-01 1.051357117867246366e-01 1.052388423242338888e-01 1.053923254164391005e-01 1.053840525219221225e-01
1.060712324303173804e-01 1.060903281647808949e-01 1.060683842324838810e-01 1.060357266445015045e-01 1.060374870002974701e-01
1.000024759950579045e-01 1.000871263849917175e-01 9.998985089087907008e-02 9.984508111285245180e-02 9.985288382088990111e-02
9.999557533991501601e-02 1.010920437413777989e-01 9.983204012406236838e-02 9.795684599979379015e-02 9.805791674607196307e-02
1.282084099517503406e-01 1.379704851926318587e-01 1.267523709318251757e-01 1.100571186437478560e-01 1.109570011454115573e-01
6.100710603995636999e-02 7.073805735855870358e-02 5.955570303027388906e-02 4.291367688963725058e-02 4.381069336140429316e-02
1.142181740673820292e-02 1.248042444832603640e-02 1.126392272689434940e-02 9.453476576882358443e-03 9.551060787205037372e-03
9.364593185602941919e-04 9.871831312423381619e-04 9.288938085344340375e-04 8.421452541460904386e-04 8.468210148642584673e-04
