7.789439410984266583e-04 7.620947879023668835e-04 7.779198233755924962e-04 8.117317505596723538e-04 8.087803539227229888e-04
9.096716340320097974e-03 9.063694816422987119e-03 9.088315117532531906e-03 9.172875576675837764e-03 9.158089239497350237e-03
3.707039468698553747e-02 3.704560892182210546e-02 3.699165470182889243e-02 3.707005249990054374e-02 3.706923565190533426e-02
5.731804220298090252e-02 5.703143780245233802e-02 5.622012377866313082e-02 5.618632573911128830e-02 5.678037094624577980e-02
7.507735762608221119e-02 7.213108943074739154e-02 6.529972769935392385e-02 6.467555266608643327e-02 7.032882758651885780e-02
3.646754005497278295e-02 2.971573917516520322e-02 2.759302921849764861e-02 3.437649041815971779e-02 3.901890165271191396e-02
8.739470992394139659e-02 8.287043269513080790e-02 8.731722651975125371e-02 9.570203972567871420e-02 9.520389217580123298e-02
1.034995374901019061e-01 1.029521029051854997e-01 1.031615648929107149e-01 1.044609622657537290e-01 1.043743643813701411e-01
1.045065692695972825e-01 1.040456640536314564e-01 1.029334313212674906e-01 1.032093316725528481e-01 1.039089541826556107e-01
9.615785302997187367e-02 9.283841173925250212e-02 8.505855750798196890e-02 8.440028204126012734e-02 9.077823785301714077e-02
3.719361252230080073e-02 3.049856911639796386e-02 2.738739794366523012e-02 3.348891708696754427e-02 3.869255376483134862e-02
6.731214136488751498e-02 6.324086806108064618e-02 6.726502055529565149e-02 7.471930000922202830e-02 7.428486821318368294e-02
5.642284213973551565e-02 5.605131504709037066e-02 5.640951936310760473e-02 5.728869015743111998e-02 5.719176751292030791e-02
3.707132198350757829e-02 3.704415924819851047e-02 3.699084958064154799e-02 3.706569708862732931e-02 3.707002359782200773e-02
9.177955246490097224e-03 9.151315435729084902e-03 9.072358283017252847e-03 9.078848249653805047e-03 9.125033950594021309e-03
8.134288559803103330e-04 8.008771547836446379e-04 7.696162581331132853e-04 7.682531645064008975e-04 7.920891898871217042e-04
