9.926540254265969580e-04 9.926533578116189006e-04 9.926541534404393231e-04 9.926533614825665611e-04
7.856242212055407348e-03 7.856238810084525265e-03 7.856244393792569808e-03 7.856240994848922438e-03
5.718784138726205196e-03 5.718771569107404529e-03 5.718796413616554150e-03 5.718780102427739598e-03
2.953057801112736816e-02 2.953053301838335157e-02 2.953061386336593500e-02 2.953054761014360305e-02
1.007901467843143745e-01 1.007900813077901303e-01 1.007901762076965635e-01 1.007900855792574907e-01
1.894727473950784946e-01 1.894726748457938592e-01 1.894727597015246345e-01 1.894726702989428524e-01
1.227619104785682008e-01 1.227618052186375125e-01 1.227619210661626548e-01 1.227618104405408944e-01
4.287707254819892594e-02 4.287701334880192339e-02 4.287710635917879598e-02 4.287704180064939863e-02
4.287699379193677524e-02 4.287707533028548013e-02 4.287705934565728960e-02 4.287710454860856057e-02
1.227617870067508471e-01 1.227619138037147062e-01 1.227618228406674172e-01 1.227619218652066663e-01
1.894726544230136422e-01 1.894727693524369261e-01 1.894726646288153460e-01 1.894727617510612583e-01
1.007900493870274028e-01 1.007901877828458609e-01 1.007900586836304874e-01 1.007901879356956909e-01
2.953050651891226189e-02 2.953060494742826281e-02 2.953052971003200869e-02 2.953062857181884548e-02
5.718754376155186364e-03 5.718787991143329218e-03 5.718784853606674254e-03 5.718803330634733735e-03
7.856231523102991457e-03 7.856241559478754910e-03 7.856243886455329881e-03 7.856246297169649020e-03
9.926524209727749862e-04 9.926540880789305830e-04 9.926535191851597328e-04 9.926545114922935478e-04
