2.795061941971056091e-02 2.795062040847573134e-02 2.795061924429942044e-02 2.795061618844511819e-02 2.795061623185686461e-02
1.714457378072986315e-01 1.714457391569090272e-01 1.714457373746007263e-01 1.714457283384349939e-01 1.714457283112542640e-01
2.005916934548331587e-01 2.005916910501735206e-01 2.005916928286896328e-01 2.005916820606752915e-01 2.005916814840526252e-01
2.002266666021204622e-01 2.002266613112508031e-01 2.002266654395691015e-01 2.002266520767567171e-01 2.002266499355150886e-01
1.999999414790962216e-01 1.999999361153500244e-01 1.999999398793620986e-01 1.999999300521766443e-01 1.999999257501533789e-01
1.998319292480282838e-01 1.998319273418586728e-01 1.998319283400107893e-01 1.998319386065331715e-01 1.998319327344466045e-01
1.999548734703153197e-01 1.999548714487688061e-01 1.999548719352959858e-01 1.999548720345914465e-01 1.999548679412034846e-01
1.999985764251279163e-01 1.999985758801736124e-01 1.999985757437681144e-01 1.999985762435125269e-01 1.999985747906518341e-01
1.999985712330470122e-01 1.999985740484152008e-01 1.999985733713152414e-01 1.999985735904438455e-01 1.999985760256241529e-01
1.999548618094581787e-01 1.999548675399929476e-01 1.999548679579249977e-01 1.999548690128390427e-01 1.999548732861588241e-01
1.998319267185023618e-01 1.998319319880406120e-01 1.998319331538415400e-01 1.998319344058885616e-01 1.998319360849488691e-01
1.999999344702541593e-01 1.999999401604714011e-01 1.999999404250323853e-01 1.999999408199566175e-01 1.999999420861872379e-01
2.002266543545541400e-01 2.002266593088378732e-01 2.002266585886847139e-01 2.002266589716698020e-01 2.002266619306455331e-01
2.005916782165120815e-01 2.005916822826162016e-01 2.005916822330711113e-01 2.005916824542500199e-01 2.005916853140518596e-01
1.714457175690067836e-01 1.714457207987171994e-01 1.714457233944808034e-01 1.714457253426693584e-01 1.714457274707998358e-01
2.795060691029788852e-02 2.795060818932210839e-02 2.795061006049865890e-02 2.795061174661218548e-02 2.795061248894109909e-02
