2.959503044941781957e-01 2.959886959616664925e-01 2.958461125074107745e-01 2.958261840661612352e-01 2.958367954162142155e-01
3.243046177266471486e-01 3.245449884877862345e-01 3.245503783169743084e-01 3.244232302687997671e-01 3.244632075481288513e-01
3.113769918250541835e-01 3.111437690907599141e-01 3.111838911706404365e-01 3.111261065880592813e-01 3.109621381512224780e-01
3.302396304302744889e-01 3.299328879781824320e-01 3.296251080796189781e-01 3.295981966955163212e-01 3.293296957244850054e-01
3.941914541087732649e-01 3.943241950570457455e-01 3.939057658646049065e-01 3.935668665077209361e-01 3.933339375954695849e-01
3.283174700264858692e-01 3.283850786633418783e-01 3.281812986906477159e-01 3.281571789802701922e-01 3.279397289382403047e-01
3.345334245204859558e-01 3.340408236095340766e-01 3.337178241213298313e-01 3.339404668784095587e-01 3.330392051904361717e-01
3.342044939833398454e-01 3.343109289463280231e-01 3.340814787461612312e-01 3.339586042184904957e-01 3.340419793665974635e-01
3.303791177621590025e-01 3.302394104945296505e-01 3.303268600962041557e-01 3.304898870667264954e-01 3.304011806163466569e-01
3.429110266450889344e-01 3.425716166794386397e-01 3.424168517343295082e-01 3.426755789098849814e-01 3.422149685653306794e-01
3.281973834040269322e-01 3.281291467096741354e-01 3.280435706091241466e-01 3.278395342420233893e-01 3.278177807864174897e-01
3.735588913455927251e-01 3.732371756894854453e-01 3.731769733129445266e-01 3.735088065508975208e-01 3.730636822451426915e-01
3.091075270427564581e-01 3.089709666536157862e-01 3.088884477720207911e-01 3.089884944530189581e-01 3.087914475065117181e-01
2.900787082865480815e-01 2.900628696473770418e-01 2.900892356664180882e-01 2.900067961224627178e-01 2.900695052836197996e-01
2.969620621467448096e-01 2.968446394045799464e-01 2.969794913178544493e-01 2.970993014205299265e-01 2.971332244959816737e-01
2.784792334042008322e-01 2.784331685719971805e-01 2.784329742049233003e-01 2.785025566861811241e-01 2.784547719058387272e-01
