2.583378753635465989e-03 2.583396785876362206e-03 2.583315731550253624e-03 2.583289518258831147e-03 2.583336421751225402e-03
3.009977491525784102e-02 3.009992214990285520e-02 3.009969948766959974e-02 3.009978909842877040e-02 3.009985928880495876e-02
1.212801158472037594e-01 1.212800669456381153e-01 1.212800148547162060e-01 1.212806708155881319e-01 1.212807284549110159e-01
1.592888751650921864e-01 1.592876103705069268e-01 1.592874192041587311e-01 1.592885085667452572e-01 1.592892423222512788e-01
1.928818423103298707e-01 1.928803957584357409e-01 1.928799561682501273e-01 1.928805060509634628e-01 1.928812962942891840e-01
1.976170773565811001e-01 1.976166022975998082e-01 1.976170296257883097e-01 1.976175222068497495e-01 1.976173216506201535e-01
1.773529604320482345e-01 1.773526584364790992e-01 1.773534642665430539e-01 1.773544513461103866e-01 1.773546595204346654e-01
1.188153128840180733e-01 1.188146513749479966e-01 1.188152014274813373e-01 1.188166274377029791e-01 1.188174029586428343e-01
1.188125380265814268e-01 1.188106420431155746e-01 1.188108253075160908e-01 1.188129921616276896e-01 1.188148408392945832e-01
1.773399076744028302e-01 1.773379132409563796e-01 1.773376113322682468e-01 1.773390601396702126e-01 1.773408236338168964e-01
1.976165730400410436e-01 1.976161971474737489e-01 1.976166588197054985e-01 1.976169568537988475e-01 1.976170328639654528e-01
1.929027900532465645e-01 1.929026081729385833e-01 1.929033818459557070e-01 1.929034779870460181e-01 1.929034511672898244e-01
1.593444812915063846e-01 1.593448050460136156e-01 1.593443940835277961e-01 1.593430563287168977e-01 1.593433942756739274e-01
1.213400208141873771e-01 1.213412534501210893e-01 1.213406439003050230e-01 1.213389175604656228e-01 1.213386773116772038e-01
3.013640803319361794e-02 3.013709733732131135e-02 3.013714353979901964e-02 3.013659205378393935e-02 3.013619042514302168e-02
2.588886876153324249e-03 2.588962465346841997e-03 2.588993572488794588e-03 2.588952025571663110e-03 2.588892756244848617e-03
