2.093480917960164056e-01 2.093475899874213952e-01 2.093471014080353632e-01 2.093475051215633598e-01
2.701506657448599080e-01 2.701491833959844269e-01 2.701471141518625441e-01 2.701489087338937445e-01
3.006080730065547879e-01 3.006112263054287470e-01 3.006168688279376444e-01 3.006147370069244817e-01
3.278658367797825379e-01 3.278632791836765259e-01 3.278589435822593656e-01 3.278587209971942640e-01
2.552445185202179001e-01 2.552403482681148139e-01 2.552407488044610706e-01 2.552408163870037439e-01
2.692448869234659314e-01 2.692438861976756415e-01 2.692432291724846105e-01 2.692439043487295236e-01
2.646062710646035487e-01 2.646063669535828056e-01 2.646078252209119741e-01 2.646063737108480529e-01
3.529381939548277280e-01 3.529331109597633187e-01 3.529281812487451986e-01 3.529310876807146835e-01
3.529307755831502802e-01 3.529330318468419381e-01 3.529346029366597914e-01 3.529338735464725429e-01
2.646070474043168419e-01 2.646077139465683459e-01 2.646060548330549933e-01 2.646074111539356011e-01
2.692458842581751388e-01 2.692453118055648797e-01 2.692451117497461910e-01 2.692454225031212234e-01
2.552429910641019761e-01 2.552435383400290525e-01 2.552446349208462584e-01 2.552440467571558402e-01
3.278666983459562201e-01 3.278650469956742031e-01 3.278610580321055235e-01 3.278633415212729441e-01
3.006140950797020484e-01 3.006146322185594966e-01 3.006165988614027951e-01 3.006162842576291516e-01
2.701483513550906324e-01 2.701488814816120354e-01 2.701493002835965163e-01 2.701486774030851246e-01
2.093463694269345199e-01 2.093465348572307871e-01 2.093466398326467026e-01 2.093464419524232734e-01
