2.492938213734316455e-01 2.492939346280314827e-01 2.492938240770817826e-01 2.492938838484921316e-01
3.177075629166340454e-01 3.177075446358135768e-01 3.177075488231709821e-01 3.177076894979822264e-01
4.465724147886692696e-01 4.465724996883546627e-01 4.465723806181760014e-01 4.465724450637049703e-01
4.520523872298646828e-01 4.520523708807020480e-01 4.520523479352688279e-01 4.520524517170059209e-01
3.851060640635666221e-01 3.851060866778761027e-01 3.851060553416920107e-01 3.851060505775989462e-01
3.170093873152476371e-01 3.170094549654898786e-01 3.170094355655199148e-01 3.170094407033249850e-01
3.800762758429815924e-01 3.800762692466719272e-01 3.800762867005590961e-01 3.800763288013906394e-01
4.521813702048761430e-01 4.521813791132335281e-01 4.521813685697537166e-01 4.521813913089994807e-01
4.521813722889622134e-01 4.521813915918567739e-01 4.521813773412123316e-01 4.521813829645532357e-01
3.800758906904972978e-01 3.800758806929500078e-01 3.800758772091692439e-01 3.800758863602509696e-01
3.170094490387747044e-01 3.170094358449889183e-01 3.170094321362646461e-01 3.170094168959012859e-01
3.851057671681401562e-01 3.851057657863827255e-01 3.851057566814168331e-01 3.851057553061895122e-01
4.520520107756179073e-01 4.520520084646041936e-01 4.520520066313452601e-01 4.520520085274513655e-01
4.465725967887064218e-01 4.465725978108713856e-01 4.465725974110076879e-01 4.465725977563246296e-01
3.177085828053883843e-01 3.177085844997809549e-01 3.177085781509412787e-01 3.177085786214897678e-01
2.492949226224882020e-01 2.492949049966238506e-01 2.492949205706111448e-01 2.492949128485017762e-01
