3.664239903931291054e-03 3.688594744400578839e-03 3.664325041924757897e-03 3.688540377899224201e-03
3.236284928034900005e-02 3.257233307487833462e-02 3.236407852765717241e-02 3.257154920019148664e-02
4.306874407237436947e-02 4.371926065405883771e-02 4.308186174072467511e-02 4.371682031884745884e-02
5.819966707942322154e-02 5.896858507445301711e-02 5.824779771798485606e-02 5.896507302377996390e-02
1.042420707238909533e-01 1.050855449197069108e-01 1.042654841181852865e-01 1.050839681757956001e-01
1.960051476485820399e-01 1.970517994440538212e-01 1.960092940139929463e-01 1.970513790590104064e-01
1.723448726349023075e-01 1.727614818121305795e-01 1.723473154098622562e-01 1.727602021910039642e-01
1.197090202998732922e-01 1.192139148242821606e-01 1.197001783351130250e-01 1.192120789821033006e-01
1.020469565418253288e-01 1.015304802163335823e-01 1.019997540580285661e-01 1.015329768527402643e-01
1.286813093427626453e-01 1.290838508775163096e-01 1.286584174654996082e-01 1.290853933415650190e-01
2.011145262714221504e-01 2.021571060983896329e-01 2.011113694870441670e-01 2.021575228951231207e-01
1.917616752271149028e-01 1.925906640170648720e-01 1.917590972016436912e-01 1.925920707527440101e-01
9.659237687453943455e-02 9.732949035278043448e-02 9.658350249805951193e-02 9.733258805325363527e-02
3.528545656295142829e-02 3.591495866771561574e-02 3.526116749721908139e-02 3.591713512763946431e-02
1.041491747612147654e-02 1.061783969805538824e-02 1.040450797135305909e-02 1.061853900442497577e-02
1.107286977454960148e-03 1.131187592302991670e-03 1.106566587817932800e-03 1.131235986120170513e-03
