1.885114676761980024e-01 1.885047288998981385e-01 1.884966572743465851e-01 1.884914761300204578e-01 1.884934226512017807e-01
2.624123614738512744e-01 2.624036208645323942e-01 2.623798028495655799e-01 2.623558679127670490e-01 2.623562126920294668e-01
2.960724604559280548e-01 2.960669951864406957e-01 2.959687811728385354e-01 2.958899663944703495e-01 2.959179487468874270e-01
2.535934618667659568e-01 2.535773859826885301e-01 2.534694108769075527e-01 2.533942546863892642e-01 2.534162460288598151e-01
2.532367513788085223e-01 2.532230871649342463e-01 2.531942999467464150e-01 2.531888866041789310e-01 2.531768659654812237e-01
2.931283342342662079e-01 2.931298026362316178e-01 2.930977585919913309e-01 2.930919350004837498e-01 2.930792846434845944e-01
2.533203957618393454e-01 2.533278142134751110e-01 2.532642450438938320e-01 2.532364669026156423e-01 2.532312063551504511e-01
2.527921637663170795e-01 2.528236535639902249e-01 2.527237915974078208e-01 2.526569327445137847e-01 2.526661450789245977e-01
2.912211814565557333e-01 2.913247417821462903e-01 2.909725329938349647e-01 2.906726675104803759e-01 2.907850206530669390e-01
2.447879324145664781e-01 2.448601284051767080e-01 2.444364303021004659e-01 2.440932271290038591e-01 2.442474585767202833e-01
2.234734129034998684e-01 2.234201453130549020e-01 2.234984677023837962e-01 2.234159870535238346e-01 2.235012876671527982e-01
2.438528966021500932e-01 2.437213878660963173e-01 2.439888345410018700e-01 2.442998014356678738e-01 2.443368150215829426e-01
2.878809817443850338e-01 2.876180404960413939e-01 2.881780044311129108e-01 2.888734769569059058e-01 2.887663056583256171e-01
2.448719175981708684e-01 2.446504929631138359e-01 2.451396024355120828e-01 2.456621852732807643e-01 2.455098655783138628e-01
2.333009894488645986e-01 2.332421650396194202e-01 2.333795972616851122e-01 2.335293664035076877e-01 2.334829305681032086e-01
1.775058355606023430e-01 1.774920789091181672e-01 1.775266486705472102e-01 1.775646295698200539e-01 1.775521770859584403e-01
