5.266648665549725650e-04 5.315758487630647738e-04 5.018475504522854590e-04 5.456432759123287443e-04 5.046774576925846037e-04
4.700317269212490705e-03 4.748115568903915097e-03 4.453835132238728386e-03 4.883071219950533594e-03 4.482933584189406628e-03
1.760049726824153282e-02 1.779764421499142185e-02 1.656681864251809827e-02 1.834783025035701884e-02 1.669249811584837956e-02
3.692371936581092390e-02 3.727936681585180406e-02 3.506487517062362863e-02 3.827200688760425129e-02 3.529186889553258960e-02
1.085273041970749759e-02 1.116775755254939204e-02 9.235129296509518235e-03 1.206776144779297434e-02 9.429151135922856503e-03
1.523415063502127874e-02 1.552301183400078312e-02 1.390097547078895761e-02 1.638923676944845087e-02 1.403601761680284450e-02
6.280764995875222356e-02 6.326310423381646675e-02 6.060898434602179918e-02 6.459780227698079524e-02 6.084205492982473068e-02
4.746727285740950236e-02 4.817921542451339412e-02 4.377681664260830996e-02 5.019241809610928973e-02 4.421378053547195958e-02
6.059073895513995139e-02 6.130065753002646167e-02 5.688299900625762989e-02 6.328821229986041075e-02 5.733247897525307890e-02
1.613316909197807722e-02 1.657334128590274430e-02 1.386145509262705702e-02 1.782464198155092605e-02 1.413504749139902865e-02
1.431732161491799764e-02 1.460488215601388889e-02 1.297837104036731956e-02 1.546445759247875099e-02 1.311662737339297502e-02
5.442232373193379297e-02 5.475054263775695068e-02 5.286732956818082640e-02 5.572092253548260182e-02 5.302711735806890647e-02
3.166729489613602511e-02 3.202492795041665674e-02 2.982489877936336797e-02 3.304132697685713965e-02 3.004030886921699867e-02
2.579442988051833946e-02 2.599182370190088534e-02 2.476227404620300054e-02 2.654387213173969862e-02 2.488707195145694120e-02
5.134493450979976843e-03 5.181960547703808734e-03 4.886011927593826402e-03 5.314285422696880291e-03 4.916392530563609871e-03
2.638441674384049956e-04 2.686854218770142323e-04 2.386461466609231437e-04 2.822777468072012520e-04 2.417072539772734249e-04
