2.783572413828046613e-02 2.783599466039184470e-02 2.783594105819547221e-02 2.783562991187477076e-02 2.783600704668714662e-02
1.708772185679850453e-01 1.708782848254649933e-01 1.708783833678541031e-01 1.708772593523009420e-01 1.708791465765158724e-01
1.962966982594984700e-01 1.962945602864732131e-01 1.963004614256735614e-01 1.963049340494658901e-01 1.963073644143215057e-01
1.648413202326902971e-01 1.647927505586725405e-01 1.648720551347588881e-01 1.649668961990436722e-01 1.649477772505395790e-01
8.076189972696908026e-02 8.045038040594459927e-02 8.102290264948942833e-02 8.168774335867931558e-02 8.148311102222691171e-02
1.642282153063199523e-01 1.639061814276367157e-01 1.644626529198480180e-01 1.651302036180219701e-01 1.648919955784710623e-01
1.951252713133515559e-01 1.950722524555974224e-01 1.951276746899242021e-01 1.952185667330786634e-01 1.951697836101672912e-01
1.993582105891940071e-01 1.993553282335956967e-01 1.993534470536615921e-01 1.993567376431196470e-01 1.993533359380119385e-01
1.993535841640678707e-01 1.993509309115300276e-01 1.993514163723775767e-01 1.993541757375628110e-01 1.993607170146916296e-01
1.951798100087096532e-01 1.952114142793648643e-01 1.951262577383525987e-01 1.950779444774235760e-01 1.951155302412399262e-01
1.649246843820703079e-01 1.651564509125949820e-01 1.644660705472793527e-01 1.638897335646647135e-01 1.641700059916058330e-01
8.150319227415231405e-02 8.172364893235613270e-02 8.103397666359289653e-02 8.042717583730542297e-02 8.071424471497620767e-02
1.649440249130154079e-01 1.649713551689444002e-01 1.648773370161452645e-01 1.647950969615526728e-01 1.648335529358385954e-01
1.963060572674188708e-01 1.963062542024085477e-01 1.963010264752285960e-01 1.962948368155244261e-01 1.962970550381823442e-01
1.708788761655607447e-01 1.708779870688428293e-01 1.708789571945454888e-01 1.708781776716524203e-01 1.708784163824861035e-01
2.783595572380842195e-02 2.783575998985110891e-02 2.783605339477542712e-02 2.783596890376179717e-02 2.783598435470232418e-02
