4.345858427282686676e-01 4.345861638254401305e-01 4.345846185974163167e-01 4.345844011424527809e-01
4.766054019900122785e-01 4.766061620823958123e-01 4.766007731865231634e-01 4.765997864131209516e-01
4.927794721819886981e-01 4.927825329562645629e-01 4.927756583326314277e-01 4.927699128480615420e-01
4.826938105840325455e-01 4.826842792030918705e-01 4.826989653160928539e-01 4.827078730625171121e-01
4.605942441295388101e-01 4.605946631258309720e-01 4.605737782022082394e-01 4.605716571084806921e-01
4.503633730545371083e-01 4.503618625139052534e-01 4.503477464824604537e-01 4.503495679450754130e-01
4.631568569935895496e-01 4.631565504996517091e-01 4.631484091076136789e-01 4.631526572220788229e-01
4.894557092981346447e-01 4.894538928712404147e-01 4.894561702582080343e-01 4.894571005538141395e-01
4.894619969905774637e-01 4.894573705103647532e-01 4.894462352962803964e-01 4.894422730919060216e-01
4.631461938470122219e-01 4.631409666703480976e-01 4.631314566079736128e-01 4.631293154173428683e-01
4.503241803331499704e-01 4.503223633921581426e-01 4.503231797149626070e-01 4.503240635952468485e-01
4.605105656556409688e-01 4.605115405333028988e-01 4.605311802861761228e-01 4.605313084233139675e-01
4.826208505863487375e-01 4.826138870416413207e-01 4.825542538230148670e-01 4.825604242987351356e-01
4.926557187829276874e-01 4.926599202366078734e-01 4.926890615518557670e-01 4.926871104798138390e-01
4.765412762482512665e-01 4.765419174466473118e-01 4.765482907641991339e-01 4.765479022114781360e-01
4.345501907233449423e-01 4.345503818411884378e-01 4.345525210754238032e-01 4.345522087062505534e-01
