3.648100385828043635e-01 3.648115871378622699e-01 3.648171357619290900e-01 3.648194490099785914e-01 3.648199180321131663e-01
3.557453692532623890e-01 3.557499273178966193e-01 3.557492721256724777e-01 3.557433049773868761e-01 3.557502735831412632e-01
3.333862903045868298e-01 3.334110010263206525e-01 3.333968422412414978e-01 3.333940307635725464e-01 3.334264917597996591e-01
3.915914123144024761e-01 3.915947301918116796e-01 3.916000635262711915e-01 3.915838930383662708e-01 3.915833476770701482e-01
3.998449260751870682e-01 3.998463922933744863e-01 3.998440295874712280e-01 3.998350654022118644e-01 3.998273668588162022e-01
3.837086612746958281e-01 3.837086941610135526e-01 3.837004992940052372e-01 3.836985612488270636e-01 3.837164355276064254e-01
3.957819880993407313e-01 3.957906617254173254e-01 3.957932425069951021e-01 3.957870114685717589e-01 3.958061725366154304e-01
3.767695806056647334e-01 3.767861954052709184e-01 3.767757640595003066e-01 3.767819975097707053e-01 3.768159806460745775e-01
3.768290525707802541e-01 3.768278772398052645e-01 3.768350660086166037e-01 3.768266916913608489e-01 3.768421033637925355e-01
3.957397338317560909e-01 3.957321103655572214e-01 3.957297996912164662e-01 3.957260038313248351e-01 3.957251869505276076e-01
3.834793280942441207e-01 3.834892025709678576e-01 3.834820447906687191e-01 3.834816594643359888e-01 3.834961891904904996e-01
3.997267968948371997e-01 3.997292364027416056e-01 3.997279145349378338e-01 3.997232054339832641e-01 3.997201583719650064e-01
3.909270591775141357e-01 3.909263633082246669e-01 3.909165814080866608e-01 3.909201750020540045e-01 3.909264614116894077e-01
3.324830909410187441e-01 3.324761593229510481e-01 3.324757966478144033e-01 3.324776570229563966e-01 3.324815420081420059e-01
3.555776756521252802e-01 3.555706559163984704e-01 3.555719558153937476e-01 3.555744349922182468e-01 3.555709842799988363e-01
3.635781058307817060e-01 3.635707462235714393e-01 3.635622473857087478e-01 3.635708664081588881e-01 3.635684750396118159e-01
