4.351902380346607813e-01 4.351930857277685472e-01 4.351734326675840703e-01 4.351705080666254943e-01
4.777515355718222057e-01 4.777593912120011721e-01 4.776968154529666610e-01 4.776789540551686364e-01
4.950010370140373039e-01 4.950028476474898076e-01 4.949031851282383321e-01 4.948652983746334999e-01
4.842697028078101207e-01 4.842117634024173944e-01 4.844532241339047363e-01 4.845223736497198952e-01
4.615311468835354702e-01 4.615249245954045620e-01 4.613380461037321911e-01 4.613207225465412176e-01
4.497760332848391718e-01 4.497525734578600720e-01 4.496751389797685183e-01 4.496895855590319901e-01
4.619085784128034722e-01 4.619470625338231717e-01 4.618948744830375097e-01 4.619703871769808567e-01
4.867730831030871452e-01 4.867908717426165932e-01 4.867991951128478600e-01 4.868451368944362589e-01
4.868017792480375805e-01 4.867636243489914527e-01 4.866906895037066416e-01 4.866397770142099621e-01
4.618857534302819312e-01 4.618002618324472675e-01 4.619182283282415868e-01 4.618413791615565422e-01
4.494552555470566202e-01 4.494256546459082791e-01 4.495122084023630560e-01 4.495375924407756796e-01
4.608146497625117410e-01 4.607949521398310155e-01 4.609348728183267352e-01 4.609514280300299749e-01
4.833807291518461557e-01 4.833372031457292550e-01 4.831822263388715344e-01 4.831843815368732642e-01
4.937411236744500553e-01 4.937679176258831792e-01 4.938388042673973466e-01 4.938486422678773358e-01
4.770611341711333830e-01 4.770693467331148518e-01 4.771103945063386309e-01 4.771138915467418307e-01
4.347963872839816779e-01 4.347973757981372644e-01 4.348116714584880360e-01 4.348099100217251989e-01
