4.939075981196359710e-01 4.935799839842350822e-01 4.939073504863904507e-01 4.935796369171542297e-01
4.917137445331022372e-01 4.917117983880748278e-01 4.917136650623190053e-01 4.917122503599910543e-01
4.947882911213437040e-01 4.944732621066841860e-01 4.947882260247391528e-01 4.944728040188478557e-01
4.847995237189424156e-01 4.852356840505820945e-01 4.847990060648513788e-01 4.852355807299791879e-01
4.475230982212621833e-01 4.457344091051513857e-01 4.475228433635903835e-01 4.457354088366873301e-01
3.977567584646715115e-01 4.012564292112470454e-01 3.977553264927275456e-01 4.012552541775989967e-01
4.396185513542731349e-01 4.378940811781834030e-01 4.396175190895233453e-01 4.378929289906726141e-01
4.942314629532063575e-01 4.943116322446239330e-01 4.942312048649396550e-01 4.943113283948094572e-01
4.757203170180542839e-01 4.758010100842593459e-01 4.757204401263736004e-01 4.758007867894180065e-01
4.339825366165233622e-01 4.322586642325373374e-01 4.339833505294515281e-01 4.322579283578323883e-01
4.278829839989590211e-01 4.313830435220014636e-01 4.278823788103817138e-01 4.313838108154214313e-01
4.533494172138717859e-01 4.515602412405337329e-01 4.533482017462805436e-01 4.515609791169133969e-01
4.837889976347564125e-01 4.842257545266531737e-01 4.837891596975582575e-01 4.842257260913582773e-01
4.965473818214153900e-01 4.962320054620480980e-01 4.965473740516039847e-01 4.962320221706333911e-01
4.916994196659868477e-01 4.916969231808641094e-01 4.916994659247065913e-01 4.916969177157809456e-01
4.928330045230247536e-01 4.925050687579922704e-01 4.928328981039324930e-01 4.925051478231944890e-01
