3.051301600011721484e-03 3.051290848804370879e-03 3.051378947929523494e-03 3.051471266153144273e-03 3.051376285892327348e-03
3.991697907394137906e-02 3.991693229782351804e-02 3.991802410632520198e-02 3.991926002712795768e-02 3.991833141989066525e-02
1.701182503473019636e-01 1.701183735485788107e-01 1.701191719233200450e-01 1.701207436437833231e-01 1.701196941392181250e-01
1.986473146354064134e-01 1.986473415011825727e-01 1.986471027118983101e-01 1.986474661027035626e-01 1.986471579752313588e-01
1.995880726627273227e-01 1.995880924656219801e-01 1.995878481884999778e-01 1.995877381715355225e-01 1.995877636056697102e-01
1.982910241079804958e-01 1.982912380365887406e-01 1.982916843338431712e-01 1.982915864899669478e-01 1.982914508291649947e-01
1.922124418516965860e-01 1.922126873114802237e-01 1.922140918325688508e-01 1.922164011919184068e-01 1.922154176535091630e-01
1.981137589161342805e-01 1.981141616698798291e-01 1.981150081884807679e-01 1.981174054052751432e-01 1.981164601765489919e-01
1.981084528278575785e-01 1.981084772940648608e-01 1.981086204906147008e-01 1.981094110963013966e-01 1.981091639626701706e-01
1.921809123571157629e-01 1.921809415790030062e-01 1.921810581850396660e-01 1.921811505550021504e-01 1.921810764782179715e-01
1.982919154495820235e-01 1.982922037272793758e-01 1.982924418508792974e-01 1.982925078337924307e-01 1.982922859730431864e-01
1.996247374761191684e-01 1.996248972391525267e-01 1.996256799740412091e-01 1.996263161283628185e-01 1.996258174217265813e-01
1.986566802356714845e-01 1.986567577097884396e-01 1.986572033391388603e-01 1.986579787305471079e-01 1.986576468922182648e-01
1.701368566934383930e-01 1.701369589818400585e-01 1.701367488156892704e-01 1.701371615683687777e-01 1.701370111247738903e-01
3.998877051730774512e-02 3.998876519889383446e-02 3.998865435465459583e-02 3.998886660510943963e-02 3.998881315102071482e-02
3.064750761829963029e-03 3.064752495281262631e-03 3.064738757936353881e-03 3.064762779924085773e-03 3.064757895224606669e-03
