1.009429752961662124e-04 1.009429761183674469e-04 1.009429748061853674e-04 1.009429785024247404e-04
1.416434224456733851e-04 1.416434320189181157e-04 1.416434202854424337e-04 1.416434360137796861e-04
2.106007561816156115e-04 2.106008077860642988e-04 2.106007659753931626e-04 2.106008132910825608e-04
2.629107746876407827e-03 2.629107938835097222e-03 2.629107827169225794e-03 2.629107976330287769e-03
3.887188706816974842e-02 3.887188730839871015e-02 3.887188726236755210e-02 3.887188752765532301e-02
1.658428901105121478e-01 1.658428902512309178e-01 1.658428901686904711e-01 1.658428906907292721e-01
3.922230424707818380e-02 3.922230451722932137e-02 3.922230414946552279e-02 3.922230489590557839e-02
2.980622649155037496e-03 2.980623070858776265e-03 2.980622623649892625e-03 2.980623104152097056e-03
2.980622607406973289e-03 2.980623088863165911e-03 2.980622716347766741e-03 2.980623066016257951e-03
3.922230393182096764e-02 3.922230472748196306e-02 3.922230456769977558e-02 3.922230465026726315e-02
1.658428899428533720e-01 1.658428905022877597e-01 1.658428903831669909e-01 1.658428903902652296e-01
3.887188719700493400e-02 3.887188747090274121e-02 3.887188719368182832e-02 3.887188738549988976e-02
2.629107805605424703e-03 2.629107968471652151e-03 2.629107796064128564e-03 2.629107953633364435e-03
2.106007592523847279e-04 2.106008097544204681e-04 2.106007667835100552e-04 2.106008065116109370e-04
1.416434174455525978e-04 1.416434358339821030e-04 1.416434288080911663e-04 1.416434329747925198e-04
1.009429730293255259e-04 1.009429777646233867e-04 1.009429766721563952e-04 1.009429766466600801e-04
