2.798074971879926237e-02 2.798075000754814134e-02 2.798074986419102697e-02 2.798074961969465591e-02 2.798074904631615151e-02
1.715280457737770881e-01 1.715280459011731262e-01 1.715280457438699835e-01 1.715280458385665119e-01 1.715280453271642025e-01
2.007020795852160477e-01 2.007020786605015761e-01 2.007020786377601285e-01 2.007020792082210570e-01 2.007020780700893015e-01
2.003937327235635890e-01 2.003937319978912890e-01 2.003937302930794695e-01 2.003937295412256403e-01 2.003937282354727178e-01
2.002300206059570709e-01 2.002300206423077156e-01 2.002300159416466607e-01 2.002300134171013934e-01 2.002300128700154336e-01
2.000251194784977427e-01 2.000251159197221351e-01 2.000251104781172740e-01 2.000251070877582249e-01 2.000251049530256675e-01
1.998521532849990290e-01 1.998521506684674542e-01 1.998521432573414913e-01 1.998521387834351903e-01 1.998521358402179371e-01
1.992882137122157782e-01 1.992882081471347155e-01 1.992882023815750470e-01 1.992882003467362217e-01 1.992881973843684540e-01
1.992881824153587833e-01 1.992881852287691213e-01 1.992881858345620094e-01 1.992881906321695706e-01 1.992881878437152421e-01
1.998520967685173122e-01 1.998521096399685781e-01 1.998521157311848040e-01 1.998521224938133445e-01 1.998521207815732448e-01
2.000250662792789902e-01 2.000250761798431087e-01 2.000250825160506951e-01 2.000250868588857034e-01 2.000250864762617709e-01
2.002299827552928568e-01 2.002299864217890746e-01 2.002299914782955104e-01 2.002299944855396030e-01 2.002299944759337036e-01
2.003937047068894139e-01 2.003937050311471180e-01 2.003937064334112284e-01 2.003937077699380342e-01 2.003937087027840569e-01
2.007020585389168998e-01 2.007020587080972918e-01 2.007020586361916437e-01 2.007020585001340618e-01 2.007020592357520727e-01
1.715280351843062601e-01 1.715280351798010305e-01 1.715280350895730943e-01 1.715280350617415517e-01 1.715280354339853985e-01
2.798074868947083432e-02 2.798074870060965683e-02 2.798074866948251430e-02 2.798074867530237625e-02 2.798074876138252967e-02
