4.829349939701035876e-01 4.829350200212674249e-01 4.829350051761418516e-01 4.829350102960983659e-01
4.737900112246555273e-01 4.737900029981158001e-01 4.737900228968933702e-01 4.737900067065310417e-01
4.905206801519846338e-01 4.905206802886188377e-01 4.905206789275547430e-01 4.905206767149072333e-01
4.699050129939356113e-01 4.699050215905829497e-01 4.699050181407670723e-01 4.699050151242670226e-01
3.874650204598633074e-01 3.874650427982301304e-01 3.874650544110578854e-01 3.874650670138403141e-01
3.352502558717646020e-01 3.352502475327488463e-01 3.352502498050795032e-01 3.352502481818344648e-01
4.004792125104219558e-01 4.004792189749421527e-01 4.004792125614298759e-01 4.004792068011442385e-01
4.596548779442842791e-01 4.596548785186168606e-01 4.596548732330406062e-01 4.596548753389506081e-01
4.596548883087758219e-01 4.596548871853077811e-01 4.596548883107295369e-01 4.596548874934400786e-01
4.004792336920486862e-01 4.004792354831551715e-01 4.004792371593603462e-01 4.004792347725542601e-01
3.352502627825788006e-01 3.352502611345096195e-01 3.352502612765525525e-01 3.352502625294114802e-01
3.874650273969270642e-01 3.874650268014969146e-01 3.874650182171330282e-01 3.874650115781452242e-01
4.699049994506973582e-01 4.699050017047232131e-01 4.699049985226939619e-01 4.699049950544418319e-01
4.905206533238663513e-01 4.905206528343261096e-01 4.905206520393378677e-01 4.905206519913334340e-01
4.737899306354220186e-01 4.737899363613633508e-01 4.737899288666628239e-01 4.737899280226050558e-01
4.829349166051635223e-01 4.829349143912072262e-01 4.829349123587221015e-01 4.829349045363152126e-01
