2.237571278619928938e-01 2.237584127979311832e-01 2.237584185956475180e-01 2.237567957687879860e-01 2.237474634618652480e-01
2.511863532871940752e-01 2.511822425351346033e-01 2.511824423884605473e-01 2.511844489409669756e-01 2.511604260408282219e-01
2.380969778702715367e-01 2.380926890948856511e-01 2.380923301294524674e-01 2.380981871969825858e-01 2.380824281909396933e-01
2.551951548693769389e-01 2.551956159199962326e-01 2.551931375037507777e-01 2.551965597698576671e-01 2.552051982006507402e-01
2.339430453274656818e-01 2.339411188241722062e-01 2.339408636697373478e-01 2.339455879666446636e-01 2.339395693426545020e-01
2.701096560390690571e-01 2.701107666754742898e-01 2.701103475898817274e-01 2.701101632528775665e-01 2.701069670242861598e-01
2.625709978792150623e-01 2.625700246546300298e-01 2.625755708437924607e-01 2.625654210390148680e-01 2.625774478804934753e-01
2.651467456533208589e-01 2.651481759038302743e-01 2.651486172690075693e-01 2.651492932453707319e-01 2.651522217794894387e-01
2.651500647966256730e-01 2.651513833726620861e-01 2.651475118912544060e-01 2.651517474708118827e-01 2.651481493597193095e-01
2.625725145812864980e-01 2.625709713760514541e-01 2.625701192922567651e-01 2.625767060425218680e-01 2.625720874663849957e-01
2.701157601103450490e-01 2.701156267564038815e-01 2.701154508009330213e-01 2.701165203785711455e-01 2.701165909389344755e-01
2.339391825598876595e-01 2.339369256050589929e-01 2.339408413599465275e-01 2.339352154187848420e-01 2.339412256103431120e-01
2.552142874459255029e-01 2.552132495664895528e-01 2.552138582816613210e-01 2.552159850160823917e-01 2.552150617461902971e-01
2.381013370902844983e-01 2.381006075258048915e-01 2.380997464455709145e-01 2.381018532648138952e-01 2.381018811839295535e-01
2.511739024507579909e-01 2.511738848695962423e-01 2.511738502244433846e-01 2.511748350684311903e-01 2.511758038764004275e-01
2.237363131609881595e-01 2.237362938223613762e-01 2.237358716082980814e-01 2.237356721229279144e-01 2.237360977557251995e-01
