1.875076189540162211e-02 1.875076191079811869e-02 1.875076176260992780e-02 1.875076174667606593e-02
1.638527876274673833e-01 1.638527878342242172e-01 1.638527856984667852e-01 1.638527854866559386e-01
1.596998919517101101e-01 1.596998924456791147e-01 1.596998880019100120e-01 1.596998874948595548e-01
1.604480451360527915e-01 1.604480454156340941e-01 1.604480456708357039e-01 1.604480453773746984e-01
2.023627501367674664e-01 2.023627501993593425e-01 2.023627507329047170e-01 2.023627506627995731e-01
2.118488706155170764e-01 2.118488706024748980e-01 2.118488705542361517e-01 2.118488705492702628e-01
1.998486006868613885e-01 1.998486007922280205e-01 1.998486000177500665e-01 1.998485998766620642e-01
1.331882902266838808e-01 1.331882907148822515e-01 1.331882905887360469e-01 1.331882900701445160e-01
1.331882864528867449e-01 1.331882874274012418e-01 1.331882942134831327e-01 1.331882932298986688e-01
1.998485985039673840e-01 1.998485989024263720e-01 1.998486019799403934e-01 1.998486015945830085e-01
2.118488704402756995e-01 2.118488704446119530e-01 2.118488705155797125e-01 2.118488705073759137e-01
2.023627506490240924e-01 2.023627506852147817e-01 2.023627507473199638e-01 2.023627507273896564e-01
1.604480473922685890e-01 1.604480479147835925e-01 1.604480517604656986e-01 1.604480512834676742e-01
1.596998851069253433e-01 1.596998870448484986e-01 1.596999033368982357e-01 1.596999014491106428e-01
1.638527829558447946e-01 1.638527838203259201e-01 1.638527911414924543e-01 1.638527902950445703e-01
1.875076146203431479e-02 1.875076152313567140e-02 1.875076203375456232e-02 1.875076197458293292e-02
