4.517539083355273100e-01 4.517538279227936715e-01 4.517522930515000534e-01 4.517522034192331670e-01
5.023191301689153843e-01 5.023201682123417111e-01 5.023152320774587620e-01 5.023138042604761155e-01
5.386978892329941093e-01 5.386995902384527080e-01 5.386989612230569380e-01 5.386994937318764221e-01
5.312233403227569761e-01 5.312227977485711738e-01 5.312149723292880488e-01 5.312122022247439679e-01
4.876969363655745404e-01 4.876917911701422748e-01 4.876833677252328525e-01 4.876753159791672454e-01
4.744996579340781118e-01 4.744980600271700433e-01 4.744897621039781410e-01 4.744875881562331532e-01
4.849276596031225628e-01 4.849356533443960893e-01 4.849307126117912148e-01 4.849376298400164820e-01
5.289763012732846548e-01 5.289811518704476967e-01 5.289736353567655591e-01 5.289792638291622717e-01
5.289852393658390772e-01 5.289864251421894092e-01 5.289810666765146774e-01 5.289778014404288298e-01
4.849159253450108231e-01 4.849067872641307231e-01 4.849091721235455621e-01 4.848929599822995318e-01
4.744379688006983287e-01 4.744352475168117089e-01 4.744422269185418761e-01 4.744407462009186949e-01
4.876504574580174944e-01 4.876549227976066936e-01 4.876647017412947260e-01 4.876729216884182483e-01
5.311931238001164068e-01 5.311986454691149939e-01 5.312004720554707182e-01 5.312047959146778409e-01
5.386924124485713561e-01 5.386950384609685560e-01 5.386940820426063814e-01 5.386950374862895519e-01
5.023067589545797684e-01 5.023066164807852285e-01 5.023115111373253061e-01 5.023106121772995536e-01
4.517302952578542974e-01 4.517298059287147560e-01 4.517312311754319576e-01 4.517306890574015465e-01
