4.596557355906910614e-01 4.596504847182650844e-01 4.596493616255087344e-01 4.596499865579070088e-01 4.596418126177007069e-01
4.531813968723618080e-01 4.531757233025589526e-01 4.531621587488930403e-01 4.531455377718616173e-01 4.531355248116379353e-01
4.243814590960812150e-01 4.243756310057346659e-01 4.243477346118437188e-01 4.243237890285577740e-01 4.243166871904925919e-01
4.250910434885398215e-01 4.250954798957259917e-01 4.250641718712149242e-01 4.250472388470086793e-01 4.250501259170901824e-01
4.067703816118158344e-01 4.067658319094319408e-01 4.067653697102024957e-01 4.067674628401721781e-01 4.067604225190936673e-01
4.189847181639693718e-01 4.189820173935902003e-01 4.189702583583779782e-01 4.189668176318946946e-01 4.189575617830924581e-01
4.065534052956600308e-01 4.065517843409778842e-01 4.065324526518683812e-01 4.065121427414019051e-01 4.065111375004516470e-01
4.058948481232187988e-01 4.058934094277100169e-01 4.058824711170837540e-01 4.058734324337536781e-01 4.058704621856974448e-01
4.058240560072901570e-01 4.058260963991337511e-01 4.058243658410675136e-01 4.058232922949545629e-01 4.058235041454590353e-01
4.065698090335639336e-01 4.065647481542579711e-01 4.065754561427296632e-01 4.065846928790133319e-01 4.065807644725853987e-01
4.189910968155288185e-01 4.189953539424527418e-01 4.189872235531462707e-01 4.189887538720711846e-01 4.189852594186065926e-01
4.067597033105886384e-01 4.067593670472552381e-01 4.067489994189285030e-01 4.067401004134772458e-01 4.067381173222571755e-01
4.251155184328181957e-01 4.251104355379961008e-01 4.251146622457489532e-01 4.251237147059346855e-01 4.251183298202486083e-01
4.242682245099452798e-01 4.242680107466672568e-01 4.242823136032691234e-01 4.242947643198883290e-01 4.242974181412535462e-01
4.529580492509779899e-01 4.529618764360471839e-01 4.529736056868955973e-01 4.529817357009141010e-01 4.529850950424911815e-01
4.591051847863420465e-01 4.591109583420673879e-01 4.591085486687972450e-01 4.591103175670601111e-01 4.591130046612019178e-01
