4.833570237445694029e-01 4.833683981121629780e-01 4.833888092262828007e-01 4.833885287786659490e-01
4.742316926498008067e-01 4.742265745267190691e-01 4.741945418410911106e-01 4.742052282295128873e-01
4.906802324272775406e-01 4.906772758468723739e-01 4.906683399960929948e-01 4.906620129517520468e-01
4.699718353379072622e-01 4.699637743042516247e-01 4.699340248455641800e-01 4.699303071703406776e-01
3.873153596124366271e-01 3.873089443998106729e-01 3.873029801071277700e-01 3.872935194465689790e-01
3.349059595882034057e-01 3.348972845635915796e-01 3.348688308018316073e-01 3.348640036517936402e-01
4.003310771643471266e-01 4.003301403670263547e-01 4.003161062385033331e-01 4.003199818861378767e-01
4.595641979219897144e-01 4.595640967646474895e-01 4.595557132149090118e-01 4.595549744068150311e-01
4.595911907331604596e-01 4.595884664827855071e-01 4.595862661176737252e-01 4.595876492701705951e-01
4.004337817495178808e-01 4.004291511237669798e-01 4.004321637103361309e-01 4.004380004093398004e-01
3.350188530921873742e-01 3.350131248743666856e-01 3.350100849012856430e-01 3.350137124581455406e-01
3.872897412611888135e-01 3.872926050126488384e-01 3.872890815541656373e-01 3.872869190896572333e-01
4.698977482723218912e-01 4.698985338769500197e-01 4.699014932868892380e-01 4.698998725978883462e-01
4.905546300468185961e-01 4.905556406279291126e-01 4.905568194027666307e-01 4.905552789155401827e-01
4.738710057685973642e-01 4.738680896032957945e-01 4.738732314966159209e-01 4.738766141145439592e-01
4.830645353494553706e-01 4.830699096337653375e-01 4.830592395516523641e-01 4.830547954899871432e-01
