3.722101176368118880e-01 3.722139130984984390e-01 3.722151947758681745e-01 3.721649919455883859e-01 3.720711333877543270e-01
4.206636853486540040e-01 4.205228711558782195e-01 4.205206160325061782e-01 4.204507621860954503e-01 4.202511928813111308e-01
4.059523924155040153e-01 4.056225484676623250e-01 4.056115175891269464e-01 4.054790709098674006e-01 4.052772494157301231e-01
4.019218833621221454e-01 4.016885697385788045e-01 4.016594939477549642e-01 4.015762614008855924e-01 4.014317653125340501e-01
4.004518453330048744e-01 4.003339589541443089e-01 4.003143784842174702e-01 4.002629135290965423e-01 4.001578267234028874e-01
4.000414497755183096e-01 4.000226318583190999e-01 4.000123693413799586e-01 4.000298232977727020e-01 3.999596727496880777e-01
3.999894922704654854e-01 3.999642327863413560e-01 3.999418099128713711e-01 3.999535099236430913e-01 3.999335830389912916e-01
3.999836853080794286e-01 3.999753290226547575e-01 3.999605261874366602e-01 3.999633983064429521e-01 3.999455322089448539e-01
4.000063929609743441e-01 3.999996232748513902e-01 3.999988165593125755e-01 3.999973033979490333e-01 3.999896884382592166e-01
4.000734202803657436e-01 4.000677107677181876e-01 4.000666646117306824e-01 4.000653505103051732e-01 4.000581744257545314e-01
4.002161274426491167e-01 4.002095497808906277e-01 4.002063837191091600e-01 4.002049230842105176e-01 4.001974589728776732e-01
4.006060705827683144e-01 4.005975565867612720e-01 4.005833857555674560e-01 4.005853034284750924e-01 4.005740102413233861e-01
4.018847758320288621e-01 4.018775667755771774e-01 4.018540502709286311e-01 4.018569882492188938e-01 4.018451145113735024e-01
4.055287282871057886e-01 4.055292909524088607e-01 4.055202162199369464e-01 4.055241473981150979e-01 4.055249705696485907e-01
4.200598224523993673e-01 4.200611455449825282e-01 4.200659831097198205e-01 4.200685426954802737e-01 4.200692240853461379e-01
3.715430253534625082e-01 3.715431794113639996e-01 3.715446652189627885e-01 3.715457873208047879e-01 3.715456608980222675e-01
