2.726422967084398720e-03 2.726305147301631010e-03 2.726527700499732729e-03 2.726807752788016747e-03 2.726742434959809804e-03
3.267521213877462583e-02 3.267417331586756901e-02 3.267567940586114938e-02 3.267781733519174031e-02 3.267747495470174623e-02
1.372450618364274011e-01 1.372431514325341273e-01 1.372462957258619998e-01 1.372508584865243242e-01 1.372500280009598672e-01
1.906479166614724607e-01 1.906470756149533374e-01 1.906477008830270159e-01 1.906498033269869441e-01 1.906500695502830467e-01
1.994342812066055570e-01 1.994341975939309952e-01 1.994328119771140717e-01 1.994319550483086290e-01 1.994327648701685884e-01
1.965127683929229485e-01 1.965129031611671795e-01 1.965109211341889428e-01 1.965089886535195396e-01 1.965091975764634846e-01
1.659273878271231295e-01 1.659279059902560860e-01 1.659245878810697572e-01 1.659217371434955901e-01 1.659219163068565983e-01
7.455966603220612332e-02 7.455716375268069129e-02 7.455838844432034762e-02 7.456049949655801923e-02 7.456120567253238240e-02
7.422974179200429734e-02 7.422397145434532495e-02 7.423575280362539053e-02 7.424555813385987080e-02 7.424506454148122048e-02
1.656663682483045519e-01 1.656664592522513746e-01 1.656746500004356304e-01 1.656807723063274951e-01 1.656839225254195525e-01
1.964642224261241576e-01 1.964668277778244820e-01 1.964660368550852632e-01 1.964656252624419897e-01 1.964685880838941689e-01
1.994625297132115449e-01 1.994628363774301749e-01 1.994614619483439100e-01 1.994591397125644872e-01 1.994595349420320296e-01
1.908730916384123177e-01 1.908737763286344757e-01 1.908718630275574868e-01 1.908640971796320696e-01 1.908648273782429516e-01
1.378545272539695721e-01 1.378567864032897439e-01 1.378532648609108180e-01 1.378456995040731603e-01 1.378467382770561245e-01
3.295441282633249092e-02 3.295528865013116343e-02 3.295353545100938863e-02 3.295124565294833135e-02 3.295179194254397453e-02
2.761599926305698376e-03 2.761654017144574928e-03 2.761546797116935098e-03 2.761403945824524985e-03 2.761411948330460241e-03
