1.875076208793288388e-02 1.875076227256597394e-02 1.875076102033918987e-02 1.875076087503221162e-02
1.638527995910571688e-01 1.638528016009120625e-01 1.638527837376925200e-01 1.638527818140766423e-01
1.596999629825687494e-01 1.596999677600494660e-01 1.596999282798466091e-01 1.596999234468748641e-01
1.604481050893502292e-01 1.604481079900474672e-01 1.604480995125780463e-01 1.604480958841285887e-01
2.023627577241831066e-01 2.023627584078180608e-01 2.023627583896424054e-01 2.023627564308676519e-01
2.118488740338841381e-01 2.118488738051272913e-01 2.118488736043189768e-01 2.118488718951841154e-01
1.998485947602817170e-01 1.998485951735358701e-01 1.998485881824364208e-01 1.998485856498228019e-01
1.331882024981198842e-01 1.331882045664245784e-01 1.331881919108061918e-01 1.331881890782107281e-01
1.331881879911676336e-01 1.331881910956203563e-01 1.331882055994151048e-01 1.331882042236326447e-01
1.998485867114224990e-01 1.998485877527617638e-01 1.998485953495653666e-01 1.998485941318237091e-01
2.118488729531751991e-01 2.118488727135841299e-01 2.118488727101328073e-01 2.118488727918169667e-01
2.023627545489001534e-01 2.023627549330799247e-01 2.023627543199148504e-01 2.023627540514309486e-01
1.604480792144001022e-01 1.604480809543666342e-01 1.604480894799729940e-01 1.604480880083966887e-01
1.596999043517703942e-01 1.596999081804485188e-01 1.596999529610445556e-01 1.596999494045881762e-01
1.638527792579719811e-01 1.638527807456820751e-01 1.638528007723116797e-01 1.638527994475147964e-01
1.875076066838567493e-02 1.875076069769868181e-02 1.875076195051321795e-02 1.875076197174381509e-02
