2.222230739570043301e-01 2.222203954684924543e-01 2.222206640273704792e-01 2.222219651870931956e-01
2.873152779597097362e-01 2.873190270292175774e-01 2.873162660435512605e-01 2.873119516344891933e-01
3.535583933180773131e-01 3.535708647768694979e-01 3.535564123562555672e-01 3.535514561748610007e-01
4.037678476987734966e-01 4.037849666461464926e-01 4.037167233284622569e-01 4.036916815440251272e-01
2.801975200841476665e-01 2.801470226081956283e-01 2.801967905876716625e-01 2.802251659333226397e-01
3.038694863902565713e-01 3.038657111455772553e-01 3.038625230263091170e-01 3.038644137546391288e-01
2.687967209162703819e-01 2.688103128389480734e-01 2.688111041957813030e-01 2.688175601697596062e-01
3.804052766037598343e-01 3.803819939507170900e-01 3.803841751722808473e-01 3.804203974964406321e-01
3.804383487294794031e-01 3.803890598851853433e-01 3.804238102710649216e-01 3.804715703319143105e-01
2.688260825400197174e-01 2.688442612329337011e-01 2.688247359483318388e-01 2.688002839835975655e-01
3.038708749627122563e-01 3.038670816101395333e-01 3.038700167982095746e-01 3.038753843409824906e-01
2.801841582672135456e-01 2.801661079485508465e-01 2.801578501567523194e-01 2.801891264860723596e-01
4.036445213186654057e-01 4.036354418422382073e-01 4.036808304497701561e-01 4.036929525011260789e-01
3.534589808332713745e-01 3.534438990255149293e-01 3.534658270812631731e-01 3.534750872078167294e-01
2.872800295559045924e-01 2.872846013599169579e-01 2.872813452638333653e-01 2.872769938662356193e-01
2.221940542604802504e-01 2.221907122903991616e-01 2.221942268764047212e-01 2.221986007496186966e-01
