3.567676593204440749e-01 3.580225923471634375e-01 3.576576270155075177e-01 3.562922452669633477e-01 3.583281769395048055e-01
3.512046280694079425e-01 3.513521905500628373e-01 3.507387232699333834e-01 3.501710405754023814e-01 3.506869645015973647e-01
3.005311790971936237e-01 3.008368577494032192e-01 3.011165991672778985e-01 3.009248176380009965e-01 3.014111451910772010e-01
3.873605175937998579e-01 3.882804819547173714e-01 3.879112872683617708e-01 3.868233576072596658e-01 3.882775165122959171e-01
3.837206150030988416e-01 3.838104700469341379e-01 3.834659441404730806e-01 3.832866479555664396e-01 3.833700221695420796e-01
3.807698828576397965e-01 3.797777150398194412e-01 3.800272969852890315e-01 3.810419023430004493e-01 3.795334190969847366e-01
3.901889332725587134e-01 3.904711634480412807e-01 3.896681006497605404e-01 3.889049319666605942e-01 3.896503709376489821e-01
3.343104761372216460e-01 3.342417546228527159e-01 3.340731609851462780e-01 3.341237430860671265e-01 3.339611150567943776e-01
3.766310755217105455e-01 3.765954365896257428e-01 3.765473390595889813e-01 3.765187954719155794e-01 3.764955516698276217e-01
3.483860788419695931e-01 3.486873509099558954e-01 3.478616381876343255e-01 3.471845055732962759e-01 3.478009671122731516e-01
3.352878507380501194e-01 3.341539764727346484e-01 3.344511165980363909e-01 3.356423860181349528e-01 3.338721236110692714e-01
3.977946161280287996e-01 3.979145688125383384e-01 3.976018410128087655e-01 3.973023089326684909e-01 3.975782025882778625e-01
3.238230703005887112e-01 3.246396494883396211e-01 3.239998271021110043e-01 3.230191023583540710e-01 3.242667977479248287e-01
3.289569542725798712e-01 3.291031893884012183e-01 3.291513826426946121e-01 3.290805771091869225e-01 3.293058903339102228e-01
3.140798777437034950e-01 3.142854786229344333e-01 3.136156285583740488e-01 3.130171551181081258e-01 3.136001246888063809e-01
2.910668791731725324e-01 2.923806792022986545e-01 2.919754723329356927e-01 2.906413752021548835e-01 2.925898853271014510e-01
