2.026822708499790016e-01 2.026822699005844386e-01 2.026822698120742672e-01 2.026822701503897817e-01
2.366902489004297228e-01 2.366902475461963584e-01 2.366902473835090503e-01 2.366902477288000683e-01
2.144100944267384179e-01 2.144100926633050186e-01 2.144100924500407790e-01 2.144100917694038988e-01
2.068910306756741591e-01 2.068910286458376380e-01 2.068910288862680080e-01 2.068910285240244395e-01
2.158053002201979487e-01 2.158053000716246839e-01 2.158052999545004846e-01 2.158052994420525672e-01
2.177150273445718209e-01 2.177150278517147319e-01 2.177150274345737990e-01 2.177150275471470553e-01
2.251461953541759042e-01 2.251461949568430987e-01 2.251461950781912247e-01 2.251461949635148174e-01
2.306598440529315786e-01 2.306598445792002738e-01 2.306598431695812135e-01 2.306598422953752836e-01
2.306598429670624062e-01 2.306598418342448165e-01 2.306598443778271335e-01 2.306598449317636135e-01
2.251461946106937118e-01 2.251461947412133902e-01 2.251461936097421956e-01 2.251461935494973032e-01
2.177150279630123975e-01 2.177150283935775088e-01 2.177150273175930684e-01 2.177150273583206286e-01
2.158053003385059232e-01 2.158053005768521271e-01 2.158053000088399620e-01 2.158052995990354661e-01
2.068910282179818871e-01 2.068910292805718754e-01 2.068910260345346863e-01 2.068910241460702737e-01
2.144100861779392742e-01 2.144100850689203697e-01 2.144100915033652632e-01 2.144100942311037983e-01
2.366902450199194763e-01 2.366902461174696382e-01 2.366902444723341381e-01 2.366902453312788590e-01
2.026822666993770006e-01 2.026822670637676016e-01 2.026822670522118730e-01 2.026822667759281826e-01
