4.762316658900246913e-01 4.761634763586453656e-01 4.761358394551151174e-01 4.763162382295267894e-01 4.764161860826084394e-01
4.762268247757410755e-01 4.758198772991653058e-01 4.762528812654046040e-01 4.760937025049489235e-01 4.761532020842632051e-01
4.883039139259356953e-01 4.882843910270813215e-01 4.882164846082694409e-01 4.881844658141972215e-01 4.883758509766166211e-01
4.714762966408608813e-01 4.715048535064805257e-01 4.718014219645695340e-01 4.712992311393061629e-01 4.709800561821576581e-01
4.549030630415857868e-01 4.547776872528241365e-01 4.546048109082828637e-01 4.550835454249607670e-01 4.553057034458263819e-01
4.803065193610940864e-01 4.796560355427130218e-01 4.795498279761950533e-01 4.796931848637440154e-01 4.799980678799520839e-01
5.003754457373724707e-01 5.005354671697902491e-01 5.001993672870143071e-01 5.000297736043414210e-01 5.000195825607890443e-01
4.802307999496464030e-01 4.808158081835853248e-01 4.807786375616690533e-01 4.807400960711146753e-01 4.804859474868536373e-01
4.796073745294208157e-01 4.794718728357383331e-01 4.793517118977065894e-01 4.789885890001011060e-01 4.787475337517996810e-01
4.949085636672345134e-01 4.948944878230392974e-01 4.943087283491178763e-01 4.944526675194555465e-01 4.944840971412670094e-01
4.706674485801393137e-01 4.702779085119346836e-01 4.705351829067292990e-01 4.704526351582185573e-01 4.708198926573882170e-01
4.440368764759229925e-01 4.443284646319598519e-01 4.440188547693119103e-01 4.441369135888307285e-01 4.438680256302796612e-01
4.624806569129101264e-01 4.623942776364614038e-01 4.623428193170099343e-01 4.622577931804180973e-01 4.623805428296507425e-01
4.803997821064373008e-01 4.803679059993236078e-01 4.803585758218104074e-01 4.803494606261143329e-01 4.803054125469501945e-01
4.687715237046631289e-01 4.686075608278402749e-01 4.688816859245754642e-01 4.686279878933367615e-01 4.685757757551480829e-01
4.723827652407254218e-01 4.725247081909618729e-01 4.724629676320964422e-01 4.724468062154431047e-01 4.723969311722253650e-01
