2.222264708929041210e-01 2.222263971186549392e-01 2.222263958831308672e-01 2.222264342856648534e-01
2.873172415029700555e-01 2.873172402695265970e-01 2.873171875704437772e-01 2.873172055215541532e-01
3.535620386973468698e-01 3.535620886371498295e-01 3.535619479384428665e-01 3.535620792701086867e-01
4.036262555764299487e-01 4.036261965648797467e-01 4.036264786113795688e-01 4.036260124389725590e-01
2.801565449085857140e-01 2.801557323033180835e-01 2.801560505921776301e-01 2.801560310930435449e-01
3.038442752121309209e-01 3.038442628518584487e-01 3.038442693977027598e-01 3.038442910935218455e-01
2.688378961125180711e-01 2.688380055890031706e-01 2.688382276373121327e-01 2.688380511170583298e-01
3.804302985147458016e-01 3.804299858851049598e-01 3.804300520060049373e-01 3.804301121889712145e-01
3.804303619675432069e-01 3.804302503771946342e-01 3.804302626055676151e-01 3.804305060306765185e-01
2.688381127013740324e-01 2.688382766412963365e-01 2.688380876289074295e-01 2.688380769800507442e-01
3.038444100453021046e-01 3.038443680463648322e-01 3.038443879015982896e-01 3.038444079698059408e-01
2.801562278502578995e-01 2.801560367532762719e-01 2.801559622951838024e-01 2.801562387536944976e-01
4.036257893874032332e-01 4.036258383973363451e-01 4.036258908502113329e-01 4.036258941460827976e-01
3.535615428736456067e-01 3.535614987203784532e-01 3.535615603771511961e-01 3.535615642513069701e-01
2.873169537809566743e-01 2.873169831157808551e-01 2.873169798787540974e-01 2.873169565562326278e-01
2.222262186875279544e-01 2.222261917946614374e-01 2.222261866661781049e-01 2.222262186858210420e-01
