4.345866278965372365e-01 4.345869935814915541e-01 4.345850696297763327e-01 4.345848325206133067e-01
4.766070123428747252e-01 4.766078579130662574e-01 4.766009488941074235e-01 4.765998438969279438e-01
4.927813885105210567e-01 4.927846776265409900e-01 4.927770124765330495e-01 4.927710223740182638e-01
4.826927819771640316e-01 4.826827016041968510e-01 4.827014340267116732e-01 4.827108747969577340e-01
4.605965868070374114e-01 4.605972015118551810e-01 4.605729876836817116e-01 4.605705456926563746e-01
4.503632925735743808e-01 4.503618554721706690e-01 4.503459642458402246e-01 4.503476125203232927e-01
4.631555409098414566e-01 4.631553454414750748e-01 4.631462835071216144e-01 4.631504717362643908e-01
4.894512922052731696e-01 4.894495433729720291e-01 4.894527393647791769e-01 4.894535168411269788e-01
4.894586539415950455e-01 4.894539305770354010e-01 4.894417133256974139e-01 4.894376607555027126e-01
4.631447752402660378e-01 4.631397859206806134e-01 4.631290641986121615e-01 4.631268758695050725e-01
4.503229532194951146e-01 4.503213917458873672e-01 4.503224754887922288e-01 4.503236137051025434e-01
4.605101342198599790e-01 4.605109919208085767e-01 4.605340032723919119e-01 4.605346286366051034e-01
4.826266694691017656e-01 4.826206139560422770e-01 4.825520810451829345e-01 4.825573960125527639e-01
4.926573408501235818e-01 4.926611566568175893e-01 4.926933253319707440e-01 4.926916457029139607e-01
4.765420385773397882e-01 4.765424997704434951e-01 4.765506855410831522e-01 4.765505343331712940e-01
4.345510334911303896e-01 4.345511609026542765e-01 4.345537607785329159e-01 4.345535455891023635e-01
