4.898165027120808812e-01 4.868219347040615985e-01 4.855634273340294627e-01 4.878337904802454439e-01 4.905354043496092942e-01
5.213677173430911749e-01 5.114535741045153072e-01 5.074322415797440922e-01 5.147981777245440593e-01 5.232877122300541028e-01
5.063871181909687103e-01 5.187641331269050582e-01 5.237931650613566470e-01 5.145871311653390512e-01 5.039857417890279967e-01
4.857106428677241960e-01 4.984238591055585310e-01 5.037595768805771534e-01 4.942700152025163440e-01 4.830754176736959948e-01
5.020116332992566877e-01 4.918711947028999165e-01 4.876330046257974504e-01 4.952505702666341603e-01 5.043410874982775516e-01
5.026794195420025702e-01 5.005476184553581120e-01 4.997467037339665130e-01 5.013643677887368311e-01 5.032280953119298017e-01
4.970968050695661611e-01 4.987620551901514321e-01 4.994123431883966124e-01 4.982458198301090713e-01 4.967181968804591508e-01
4.973789057894690835e-01 4.920788057685540062e-01 4.898640528268005667e-01 4.937969999193094761e-01 4.984006725938199822e-01
5.058855394348108492e-01 5.002249749014535674e-01 4.976741398761124202e-01 5.019187316776246854e-01 5.070302410834769402e-01
4.975951089993470022e-01 4.992535421152315411e-01 4.998992179665324165e-01 4.986958350735898327e-01 4.972318892797664702e-01
5.058590744386304294e-01 5.029660045688423287e-01 5.019023078967985718e-01 5.040620329284484225e-01 5.062524527241466510e-01
5.155385846757746249e-01 5.055980589503132894e-01 5.013644034637907421e-01 5.085606854525223097e-01 5.173384833756814460e-01
4.939640229310848230e-01 5.057594150829488600e-01 5.103959840253970981e-01 5.015560959842473299e-01 4.912770043487285077e-01
4.955701518605291067e-01 5.074462839277459336e-01 5.123743388932852083e-01 5.034755918112513440e-01 4.931954944736691715e-01
5.042160699175959326e-01 4.946328679641850967e-01 4.907454585595070196e-01 4.978711446480877378e-01 5.061520454431950311e-01
4.846078037304575870e-01 4.816023849275830604e-01 4.803879950711432700e-01 4.825952145709879737e-01 4.852276870384444885e-01
