2.093469495234643596e-01 2.093472579753515861e-01 2.093471130412427050e-01 2.093469129544584251e-01
2.701482802098767455e-01 2.701493592330431737e-01 2.701492795244003764e-01 2.701482479101376399e-01
3.006149423456911385e-01 3.006123934850764567e-01 3.006119522094716223e-01 3.006143288554249948e-01
3.278682939930704920e-01 3.278695216411278701e-01 3.278713367443583659e-01 3.278691745786050937e-01
2.552431096867103233e-01 2.552431863161285786e-01 2.552433021303351923e-01 2.552421229971859051e-01
2.692454767788883818e-01 2.692454673914128627e-01 2.692458197268661202e-01 2.692461987399769607e-01
2.646048923356674742e-01 2.646046522323171057e-01 2.646053149978375707e-01 2.646057243993459318e-01
3.529325933538959847e-01 3.529353233748854790e-01 3.529327769414131732e-01 3.529299226825778346e-01
3.529287835267173046e-01 3.529256609005920198e-01 3.529303731679573897e-01 3.529348825139420609e-01
2.646060552332786253e-01 2.646072851586641073e-01 2.646060908632873465e-01 2.646056981454339430e-01
2.692439617246411565e-01 2.692434094554488344e-01 2.692440768314706689e-01 2.692449572898724663e-01
2.552426205489996547e-01 2.552421957176693179e-01 2.552423928199962777e-01 2.552460396833783896e-01
3.278609482919121465e-01 3.278621943153503526e-01 3.278653658042341990e-01 3.278664199281300373e-01
3.006153255602379004e-01 3.006164196055752802e-01 3.006120934424669766e-01 3.006103046875839846e-01
2.701479461409041494e-01 2.701464078080002551e-01 2.701481444522872977e-01 2.701493911180603558e-01
2.093457522825055150e-01 2.093454772667373009e-01 2.093458588283705901e-01 2.093462385762171751e-01
