2.300605191960548301e-01 2.300622030280244090e-01 2.300600312980093654e-01 2.300571296451460468e-01 2.300572125772376297e-01
3.215255548099448801e-01 3.215297390970247582e-01 3.215240300376278060e-01 3.215162828399218964e-01 3.215163526835860819e-01
2.886166388692289475e-01 2.886204319192675616e-01 2.886140788807428637e-01 2.886059663100324357e-01 2.886050797543123769e-01
3.171136581850059755e-01 3.171196330693289434e-01 3.171046502648949827e-01 3.170912354799341748e-01 3.170830551276599962e-01
2.838134847155460716e-01 2.837915888422948840e-01 2.837955226241428153e-01 2.838268878614385593e-01 2.838041564648964843e-01
3.024775685063039732e-01 3.024165410375797003e-01 3.024576352232955512e-01 3.025510211458325438e-01 3.025299906251682769e-01
2.561406746438839588e-01 2.561023285901715685e-01 2.561287667152022940e-01 2.561852996859700915e-01 2.561790301251534174e-01
2.558680733007900332e-01 2.558527511878031513e-01 2.558677496403110041e-01 2.558935095156348316e-01 2.558886775151432147e-01
3.030764501515816334e-01 3.030705623291314876e-01 3.030768755534001824e-01 3.030862309180756275e-01 3.030838821954622841e-01
2.812143313415838008e-01 2.812185354356300238e-01 2.812127669220243487e-01 2.812071069496326903e-01 2.812070145007565247e-01
3.054615384334574135e-01 3.054463035457093967e-01 3.054619705032642907e-01 3.054864744882950789e-01 3.054845341910624734e-01
2.546920772703420432e-01 2.546771778499639649e-01 2.546943414896538638e-01 2.547195816146121117e-01 2.547173200947466243e-01
2.538261910295532831e-01 2.538212749780425770e-01 2.538286358522187092e-01 2.538389016049915070e-01 2.538380219423378992e-01
2.946022366345016352e-01 2.945978061237852774e-01 2.946029483444634889e-01 2.946112517019881527e-01 2.946112823528408975e-01
2.628133735971503460e-01 2.628099584862119698e-01 2.628128911205925844e-01 2.628182311699453488e-01 2.628185610109270987e-01
1.886794859230127852e-01 1.886788048100439541e-01 1.886793764463628731e-01 1.886804368216385142e-01 1.886805132315912681e-01
