2.947743079027409507e-01 2.948380126883463070e-01 2.947121899752757068e-01 2.947652277473771232e-01 2.947290058695783976e-01
3.224146283202967700e-01 3.226729738917836210e-01 3.225966595833213990e-01 3.224185784264289034e-01 3.225125908364692706e-01
3.099582220191352544e-01 3.098747730596865257e-01 3.098347831642677130e-01 3.097943732461053146e-01 3.096880008679447904e-01
3.292852454093110337e-01 3.291302970675945017e-01 3.288774291342780320e-01 3.290121344778247359e-01 3.287135918010639091e-01
3.929755640144465545e-01 3.928301165863983813e-01 3.925531213366366123e-01 3.923209446906359976e-01 3.918130709729544803e-01
3.293574267354739682e-01 3.293592536675655214e-01 3.291299575623236051e-01 3.290100665088486198e-01 3.288003559302503653e-01
3.357833874296495269e-01 3.352248597648217476e-01 3.349820266646034717e-01 3.354049143761959617e-01 3.342856772951406374e-01
3.341352662953318009e-01 3.340605776930095083e-01 3.338808152519301409e-01 3.337987727960485262e-01 3.337212960811454798e-01
3.309967925278969325e-01 3.309126756150581605e-01 3.308933938913008466e-01 3.310111043543301768e-01 3.309456417628726110e-01
3.429408921277875555e-01 3.422379603478576393e-01 3.424041350997656386e-01 3.426130836509811983e-01 3.419525097226164267e-01
3.280397659303888047e-01 3.280267954307713452e-01 3.278740381941928628e-01 3.276727548656592770e-01 3.276392449197831347e-01
3.741227170714528372e-01 3.737656988266164770e-01 3.737817345238072519e-01 3.741982321164362690e-01 3.736456544387754541e-01
3.104584352646869161e-01 3.101049686879260858e-01 3.102752882831347758e-01 3.103603030874455548e-01 3.100496652582550028e-01
2.906632005102052219e-01 2.906026968316415271e-01 2.906576064033745133e-01 2.905731852015496219e-01 2.906461412319333859e-01
2.982987293952326091e-01 2.982500117314778598e-01 2.984011038011780692e-01 2.985210376664323983e-01 2.985758690450681652e-01
2.787784671340030052e-01 2.786761888162244682e-01 2.787928967787883239e-01 2.788437294892658347e-01 2.787651528215477348e-01
