2.019987506410687583e-01 2.019987506365680530e-01 2.019987505364062019e-01 2.019987505401961703e-01
2.290080928536643856e-01 2.290080928272296146e-01 2.290080926812730344e-01 2.290080926698784269e-01
1.937840943321666454e-01 1.937840942705334191e-01 1.937840941154655994e-01 1.937840941069104150e-01
1.902039336201370168e-01 1.902039333594933157e-01 1.902039331223937257e-01 1.902039331399236755e-01
2.058814633199085864e-01 2.058814629251141115e-01 2.058814626542090909e-01 2.058814628839567007e-01
2.185398172926436289e-01 2.185398166686794708e-01 2.185398163554176654e-01 2.185398166974190926e-01
2.319251924212406835e-01 2.319251908224219394e-01 2.319251911178870362e-01 2.319251908663662876e-01
2.786586396944119026e-01 2.786586433699241860e-01 2.786586443537231172e-01 2.786586435346428137e-01
2.786586423056354178e-01 2.786586482513587204e-01 2.786586492334144349e-01 2.786586482847919211e-01
2.319251966326772441e-01 2.319252008326269099e-01 2.319252012893931181e-01 2.319252009226153710e-01
2.185398240666330816e-01 2.185398257598640814e-01 2.185398260283044625e-01 2.185398258672595351e-01
2.058814675269561023e-01 2.058814677267321036e-01 2.058814677144737426e-01 2.058814678120279573e-01
1.902039365390098824e-01 1.902039364786887454e-01 1.902039364448045167e-01 1.902039365245007108e-01
1.937840959521281714e-01 1.937840959348294811e-01 1.937840959279892861e-01 1.937840959610651059e-01
2.290080927977547753e-01 2.290080928104770430e-01 2.290080928119830328e-01 2.290080928202110899e-01
2.019987500708597672e-01 2.019987500778618328e-01 2.019987500809789782e-01 2.019987500809007075e-01
