1.744445839522877351e-01 1.744445839153178079e-01 1.744445838832426876e-01 1.744445838794854431e-01 1.744445838948907868e-01
2.213497867038111133e-01 2.213497866116378443e-01 2.213497865746709703e-01 2.213497865715712276e-01 2.213497865495455408e-01
2.037680877594301443e-01 2.037680876288625875e-01 2.037680875958703397e-01 2.037680875905646394e-01 2.037680875281538129e-01
2.004065864595634683e-01 2.004065863262078639e-01 2.004065862950339949e-01 2.004065862870627046e-01 2.004065862417408750e-01
2.000000133531288360e-01 2.000000133215383835e-01 2.000000133079527509e-01 2.000000132836938505e-01 2.000000132827856325e-01
2.000120737998835885e-01 2.000120738449280844e-01 2.000120738372872797e-01 2.000120738192784076e-01 2.000120738333740766e-01
2.000161652129824053e-01 2.000161652424505554e-01 2.000161652732459494e-01 2.000161652267727630e-01 2.000161651337020452e-01
2.000027039447313526e-01 2.000027039601139922e-01 2.000027039832674991e-01 2.000027039663045125e-01 2.000027038973226368e-01
2.000027038609982766e-01 2.000027038269122648e-01 2.000027038178585903e-01 2.000027038456561601e-01 2.000027038721155226e-01
2.000161647399887888e-01 2.000161647239745710e-01 2.000161647198891446e-01 2.000161647355394867e-01 2.000161648222680832e-01
2.000120736517326525e-01 2.000120736290231793e-01 2.000120736310534719e-01 2.000120736510010433e-01 2.000120737566357387e-01
2.000000134037781541e-01 2.000000134054740752e-01 2.000000133992966556e-01 2.000000134244355465e-01 2.000000134863722245e-01
2.004065862641837559e-01 2.004065862669582310e-01 2.004065862563495781e-01 2.004065862887809413e-01 2.004065863054591834e-01
2.037680873390299574e-01 2.037680873161829831e-01 2.037680872890595685e-01 2.037680873615223820e-01 2.037680874594451630e-01
2.213497863234949181e-01 2.213497863386123254e-01 2.213497863211435490e-01 2.213497863559990841e-01 2.213497864670471160e-01
1.744445835499283948e-01 1.744445835191120453e-01 1.744445835119435850e-01 1.744445835626786956e-01 1.744445837253465470e-01
